3.420526275297414287e+01,3.228002478313794654e+01,2.184032966784155505e+01,2.941088233970548416e+01,5.185556864985669279e+01,4.275511665286389729e+01,4.295346318982905842e+01,4.356604182158393002e+01,3.026347557019188006e+00
3.224903099319419653e+01,3.443835071544512516e+01,2.256102834535695578e+01,3.220248437620923454e+01,5.060632371551997721e+01,4.275511665286389729e+01,4.346262762420145975e+01,4.390899680020029905e+01,3.098288015066068990e+00
3.328663395418647752e+01,3.401470270338990076e+01,2.308679276123039159e+01,3.140063693621516450e+01,4.920365840057017692e+01,4.197618372363071160e+01,4.215447781671598193e+01,4.356604182158393002e+01,3.102638515897191862e+00
3.220248437620923454e+01,3.448187929913333249e+01,2.340939982143925135e+01,3.114482300479487265e+01,4.854894437575342181e+01,4.143669871020131978e+01,4.441846462902562109e+01,4.346262762420145975e+01,3.062440354211243498e+00
3.298484500494128469e+01,3.482814953453599571e+01,1.941648783894759944e+01,2.831960451701259274e+01,4.304648650006176780e+01,3.807886552931954327e+01,4.560701700396551672e+01,4.205948168962618183e+01,3.161181289120021720e+00
3.324154027718932269e+01,4.049691346263317371e+01,1.931320791582796659e+01,2.529822128134703618e+01,3.860051813123756403e+01,3.280243893371345365e+01,4.031128874149274566e+01,3.716180835212409050e+01,2.556444466647650238e+00
3.498571136907180090e+01,4.317406628984580408e+01,1.964688270438849926e+01,2.549509756796392423e+01,3.546829570193639825e+01,3.394112549695427816e+01,4.101219330881975367e+01,3.671511950137163893e+01,2.435159526248059425e+00
3.405877273185280529e+01,4.341658669218482203e+01,2.039607805437113797e+01,2.402082429892862692e+01,3.580502757993631491e+01,3.405877273185280529e+01,4.045985664828781836e+01,3.667424164178449786e+01,2.370899312570196038e+00
2.780287754891568852e+01,3.354101966249684352e+01,2.102379604162863913e+01,2.416609194718914466e+01,3.354101966249684352e+01,3.744329045369811126e+01,3.982461550347975532e+01,3.716180835212409050e+01,2.210111767490542611e+00
2.830194339616981125e+01,3.544009029333869876e+01,2.353720459187963954e+01,2.385372088375312671e+01,3.352610922848042208e+01,4.070626487409523975e+01,3.940812099047606409e+01,3.862641583165593318e+01,2.160942549781474042e+00
2.865309756378880479e+01,3.573513677041127323e+01,2.376972864800942631e+01,2.360084744241189370e+01,2.942787793912432193e+01,4.110960958218893069e+01,3.911521443121588959e+01,3.860051813123756403e+01,2.246433326126298979e+00
3.052867504494749440e+01,3.687817782917154830e+01,2.451530134426252516e+01,2.360084744241189370e+01,2.915475947422650194e+01,4.368065933568311010e+01,4.081666326391709987e+01,3.929376540877699853e+01,2.356659822871647769e+00
3.264965543462901820e+01,3.687817782917154830e+01,2.376972864800942631e+01,2.334523505985750447e+01,2.800000000000000000e+01,4.177319714841084419e+01,4.304648650006176780e+01,4.219004621945797595e+01,2.379245782460087888e+00
2.915475947422650194e+01,3.269556544854363267e+01,2.284731931759172596e+01,2.343074902771996193e+01,2.729468812791236232e+01,4.011234224026316042e+01,4.162931659299729859e+01,4.104875150354758517e+01,2.374585446480470541e+00
2.973213749463701205e+01,3.269556544854363267e+01,2.325940669922601600e+01,2.302172886644267535e+01,2.751363298439520833e+01,4.204759208325727826e+01,4.176122603564220270e+01,4.060788100849390503e+01,2.481963910952872610e+00
3.067572330035593353e+01,3.534119409414458346e+01,2.325940669922601600e+01,2.343074902771996193e+01,2.596150997149434048e+01,4.011234224026316042e+01,4.176122603564220270e+01,4.060788100849390503e+01,2.474684449350482485e+00
3.036445290137795183e+01,3.443835071544512516e+01,2.193171219946130890e+01,2.343074902771996193e+01,2.596150997149434048e+01,4.011234224026316042e+01,4.080441152620633005e+01,4.044749683231336945e+01,2.464206214892391333e+00
3.036445290137795183e+01,3.443835071544512516e+01,2.284731931759172596e+01,2.420743687382040932e+01,2.570992026436488231e+01,3.911521443121588959e+01,4.052159917870962147e+01,3.945883931389771959e+01,2.466851711366240707e+00
3.036445290137795183e+01,3.443835071544512516e+01,2.236067977499789805e+01,2.280350850198275836e+01,2.596150997149434048e+01,4.011234224026316042e+01,4.080441152620633005e+01,4.044749683231336945e+01,2.443800884205853396e+00
3.067572330035593353e+01,3.443835071544512516e+01,2.325940669922601600e+01,2.420743687382040932e+01,2.570992026436488231e+01,3.911521443121588959e+01,4.052159917870962147e+01,3.945883931389771959e+01,2.466851711366240707e+00
3.132091952673165025e+01,3.443835071544512516e+01,2.193171219946130890e+01,2.420743687382040932e+01,2.570992026436488231e+01,3.911521443121588959e+01,4.052159917870962147e+01,3.945883931389771959e+01,2.466851711366240707e+00
3.162277660168379256e+01,3.443835071544512516e+01,2.236067977499789805e+01,2.420743687382040932e+01,2.570992026436488231e+01,3.911521443121588959e+01,4.052159917870962147e+01,3.945883931389771959e+01,2.466851711366240707e+00
3.162277660168379256e+01,3.443835071544512516e+01,2.236067977499789805e+01,2.420743687382040932e+01,2.570992026436488231e+01,3.911521443121588959e+01,4.052159917870962147e+01,3.945883931389771959e+01,2.466851711366240707e+00
3.008321791298264714e+01,3.488552708502481892e+01,2.236067977499789805e+01,2.280350850198275836e+01,2.692582403567251959e+01,4.004996878900157498e+01,4.052159917870962147e+01,3.945883931389771959e+01,2.423412532024525667e+00
2.973213749463701205e+01,3.354101966249684352e+01,2.370653918225939449e+01,2.360084744241189370e+01,2.668332812825266842e+01,3.905124837953326988e+01,4.052159917870962147e+01,3.945883931389771959e+01,2.433042357757372542e+00
2.973213749463701205e+01,3.354101966249684352e+01,2.325940669922601600e+01,2.420743687382040932e+01,2.570992026436488231e+01,3.911521443121588959e+01,4.052159917870962147e+01,3.945883931389771959e+01,2.466851711366240707e+00
2.941088233970548416e+01,3.354101966249684352e+01,2.236067977499789805e+01,2.280350850198275836e+01,2.692582403567251959e+01,4.004996878900157498e+01,4.052159917870962147e+01,3.945883931389771959e+01,2.443375894856174124e+00
2.973213749463701205e+01,3.354101966249684352e+01,2.282542442102665348e+01,2.280350850198275836e+01,2.692582403567251959e+01,4.004996878900157498e+01,4.052159917870962147e+01,3.945883931389771959e+01,2.443375894856174124e+00
2.941088233970548416e+01,3.354101966249684352e+01,2.236067977499789805e+01,2.280350850198275836e+01,2.692582403567251959e+01,4.104875150354758517e+01,4.052159917870962147e+01,3.931920650267500150e+01,2.443375894856174124e+00
2.941088233970548416e+01,3.354101966249684352e+01,2.325940669922601600e+01,2.360084744241189370e+01,2.668332812825266842e+01,3.905124837953326988e+01,4.052159917870962147e+01,3.945883931389771959e+01,2.433042357757372542e+00
2.941088233970548416e+01,3.354101966249684352e+01,2.236067977499789805e+01,2.280350850198275836e+01,2.692582403567251959e+01,4.004996878900157498e+01,4.052159917870962147e+01,3.945883931389771959e+01,2.443375894856174124e+00
2.941088233970548416e+01,3.354101966249684352e+01,2.236067977499789805e+01,2.280350850198275836e+01,2.692582403567251959e+01,4.004996878900157498e+01,4.052159917870962147e+01,3.945883931389771959e+01,2.443375894856174124e+00
2.973213749463701205e+01,3.354101966249684352e+01,2.282542442102665348e+01,2.280350850198275836e+01,2.692582403567251959e+01,4.004996878900157498e+01,4.052159917870962147e+01,3.945883931389771959e+01,2.443375894856174124e+00
3.036445290137795183e+01,3.443835071544512516e+01,2.236067977499789805e+01,2.280350850198275836e+01,2.692582403567251959e+01,4.004996878900157498e+01,4.052159917870962147e+01,3.945883931389771959e+01,2.443800884205853396e+00
2.941088233970548416e+01,3.354101966249684352e+01,2.236067977499789805e+01,2.280350850198275836e+01,2.692582403567251959e+01,4.004996878900157498e+01,4.052159917870962147e+01,3.945883931389771959e+01,2.443375894856174124e+00
2.941088233970548416e+01,3.354101966249684352e+01,2.236067977499789805e+01,2.280350850198275836e+01,2.692582403567251959e+01,4.004996878900157498e+01,4.052159917870962147e+01,3.945883931389771959e+01,2.443375894856174124e+00
2.941088233970548416e+01,3.264965543462901820e+01,2.325940669922601600e+01,2.441311123146740414e+01,2.668332812825266842e+01,3.905124837953326988e+01,4.052159917870962147e+01,3.945883931389771959e+01,2.433042357757372542e+00
2.941088233970548416e+01,3.264965543462901820e+01,2.325940669922601600e+01,2.441311123146740414e+01,2.647640458974745314e+01,3.905124837953326988e+01,4.148493702538308270e+01,3.945883931389771959e+01,2.433042357757372542e+00
2.941088233970548416e+01,3.354101966249684352e+01,2.325940669922601600e+01,2.360084744241189370e+01,2.647640458974745314e+01,3.905124837953326988e+01,4.148493702538308270e+01,3.945883931389771959e+01,2.433042357757372542e+00
2.941088233970548416e+01,3.264965543462901820e+01,2.236067977499789805e+01,2.360084744241189370e+01,2.668332812825266842e+01,4.104875150354758517e+01,4.148493702538308270e+01,3.931920650267500150e+01,2.443375894856174124e+00
2.941088233970548416e+01,3.354101966249684352e+01,2.325940669922601600e+01,2.360084744241189370e+01,2.668332812825266842e+01,4.004996878900157498e+01,4.052159917870962147e+01,3.931920650267500150e+01,2.433042357757372542e+00
2.941088233970548416e+01,3.354101966249684352e+01,2.325940669922601600e+01,2.360084744241189370e+01,2.668332812825266842e+01,3.905124837953326988e+01,4.052159917870962147e+01,3.945883931389771959e+01,2.433042357757372542e+00
2.941088233970548416e+01,3.264965543462901820e+01,2.325940669922601600e+01,2.441311123146740414e+01,2.647640458974745314e+01,4.004996878900157498e+01,4.148493702538308270e+01,3.931920650267500150e+01,2.433042357757372542e+00
2.941088233970548416e+01,3.264965543462901820e+01,2.325940669922601600e+01,2.441311123146740414e+01,2.668332812825266842e+01,3.905124837953326988e+01,4.052159917870962147e+01,3.945883931389771959e+01,2.433042357757372542e+00
2.941088233970548416e+01,3.264965543462901820e+01,2.325940669922601600e+01,2.441311123146740414e+01,2.647640458974745314e+01,4.004996878900157498e+01,4.148493702538308270e+01,3.931920650267500150e+01,2.433042357757372542e+00
2.941088233970548416e+01,3.264965543462901820e+01,2.325940669922601600e+01,2.441311123146740414e+01,2.668332812825266842e+01,3.905124837953326988e+01,4.052159917870962147e+01,3.945883931389771959e+01,2.433042357757372542e+00
2.683281572999747766e+01,2.773084924772409465e+01,2.284731931759172596e+01,2.500000000000000000e+01,2.549509756796392423e+01,3.911521443121588959e+01,4.052159917870962147e+01,3.931920650267500150e+01,2.522431306459330891e+00
2.906888370749726747e+01,3.201562118716424266e+01,2.531797780234432693e+01,2.080865204668481283e+01,2.402082429892862692e+01,3.901281840626231912e+01,4.332435804486893716e+01,3.911521443121588959e+01,2.794471604086753658e+00
3.140063693621516450e+01,3.522782990761707111e+01,2.408318915758459156e+01,2.061552812808830382e+01,2.600000000000000000e+01,3.911521443121588959e+01,4.178516483155235761e+01,3.800000000000000000e+01,2.822363294859685290e+00
2.915475947422650194e+01,3.383784863137726262e+01,2.353720459187963954e+01,2.109502310972898798e+01,2.647640458974745314e+01,3.605551275463989214e+01,4.110960958218893069e+01,3.705401462729781059e+01,3.042912550080514755e+00
2.912043955712207222e+01,3.417601498127012150e+01,2.376972864800942631e+01,2.202271554554523902e+01,2.863564212655270680e+01,3.522782990761707111e+01,4.016217125604640614e+01,3.712142238654116966e+01,3.065045114099847368e+00
2.879236009777593708e+01,3.352610922848042208e+01,2.158703314492290204e+01,2.202271554554523902e+01,2.863564212655270680e+01,3.634556369077249371e+01,4.143669871020131978e+01,3.712142238654116966e+01,3.038035410563244554e+00
3.008321791298264714e+01,3.352610922848042208e+01,2.236067977499789805e+01,2.202271554554523902e+01,2.863564212655270680e+01,3.535533905932737753e+01,4.049691346263317371e+01,3.712142238654116966e+01,2.991887809856229818e+00
2.823118842698620767e+01,3.201562118716424266e+01,2.137755832643194864e+01,2.202271554554523902e+01,2.863564212655270680e+01,3.634556369077249371e+01,4.143669871020131978e+01,3.712142238654116966e+01,2.989916845136200596e+00
2.773084924772409465e+01,3.298484500494128469e+01,2.236067977499789805e+01,2.109502310972898798e+01,2.983286778035259701e+01,3.551056180912940619e+01,4.237924020083418242e+01,3.705401462729781059e+01,2.931566186546285202e+00
2.863564212655270680e+01,3.201562118716424266e+01,2.220360331117451835e+01,2.121320343559642652e+01,2.863564212655270680e+01,3.551056180912940619e+01,4.178516483155235761e+01,3.705401462729781059e+01,2.931566186546285202e+00
2.863564212655270680e+01,3.201562118716424266e+01,2.220360331117451835e+01,2.121320343559642652e+01,2.886173937932362321e+01,3.551056180912940619e+01,4.272001872658765365e+01,3.705401462729781059e+01,2.931566186546285202e+00
2.863564212655270680e+01,3.201562118716424266e+01,2.220360331117451835e+01,2.121320343559642652e+01,2.886173937932362321e+01,3.551056180912940619e+01,4.178516483155235761e+01,3.712142238654116966e+01,2.916765202049519168e+00
2.863564212655270680e+01,3.201562118716424266e+01,2.220360331117451835e+01,2.121320343559642652e+01,2.886173937932362321e+01,3.551056180912940619e+01,4.178516483155235761e+01,3.712142238654116966e+01,2.916765202049519168e+00
2.863564212655270680e+01,3.201562118716424266e+01,2.220360331117451835e+01,2.121320343559642652e+01,2.886173937932362321e+01,3.551056180912940619e+01,4.178516483155235761e+01,3.712142238654116966e+01,2.916765202049519168e+00
2.863564212655270680e+01,3.201562118716424266e+01,2.220360331117451835e+01,2.121320343559642652e+01,2.983286778035259701e+01,3.551056180912940619e+01,4.237924020083418242e+01,3.705401462729781059e+01,2.931566186546285202e+00
2.863564212655270680e+01,3.201562118716424266e+01,2.220360331117451835e+01,2.121320343559642652e+01,2.983286778035259701e+01,3.551056180912940619e+01,4.237924020083418242e+01,3.705401462729781059e+01,2.931566186546285202e+00
2.863564212655270680e+01,3.201562118716424266e+01,2.220360331117451835e+01,2.121320343559642652e+01,2.983286778035259701e+01,3.551056180912940619e+01,4.237924020083418242e+01,3.705401462729781059e+01,2.931566186546285202e+00
2.906888370749726747e+01,3.298484500494128469e+01,2.220360331117451835e+01,2.121320343559642652e+01,2.983286778035259701e+01,3.551056180912940619e+01,4.237924020083418242e+01,3.705401462729781059e+01,2.917288476357146720e+00
2.906888370749726747e+01,3.298484500494128469e+01,2.220360331117451835e+01,2.121320343559642652e+01,2.983286778035259701e+01,3.551056180912940619e+01,4.237924020083418242e+01,3.705401462729781059e+01,2.917288476357146720e+00
2.817800560721074277e+01,3.298484500494128469e+01,2.236067977499789805e+01,2.121320343559642652e+01,2.983286778035259701e+01,3.551056180912940619e+01,4.237924020083418242e+01,3.705401462729781059e+01,2.917288476357146720e+00
2.817800560721074277e+01,3.298484500494128469e+01,2.236067977499789805e+01,2.121320343559642652e+01,2.983286778035259701e+01,3.551056180912940619e+01,4.237924020083418242e+01,3.705401462729781059e+01,2.917288476357146720e+00
2.817800560721074277e+01,3.298484500494128469e+01,2.236067977499789805e+01,2.121320343559642652e+01,2.983286778035259701e+01,3.551056180912940619e+01,4.237924020083418242e+01,3.705401462729781059e+01,2.917288476357146720e+00
2.817800560721074277e+01,3.298484500494128469e+01,2.236067977499789805e+01,2.121320343559642652e+01,2.983286778035259701e+01,3.551056180912940619e+01,4.237924020083418242e+01,3.705401462729781059e+01,2.917288476357146720e+00
2.817800560721074277e+01,3.298484500494128469e+01,2.236067977499789805e+01,2.121320343559642652e+01,2.983286778035259701e+01,3.551056180912940619e+01,4.237924020083418242e+01,3.705401462729781059e+01,2.917288476357146720e+00
2.817800560721074277e+01,3.298484500494128469e+01,2.236067977499789805e+01,2.121320343559642652e+01,2.983286778035259701e+01,3.551056180912940619e+01,4.237924020083418242e+01,3.705401462729781059e+01,2.917288476357146720e+00
2.817800560721074277e+01,3.275667870831839679e+01,2.236067977499789805e+01,2.220360331117451835e+01,2.983286778035259701e+01,3.551056180912940619e+01,4.237924020083418242e+01,3.705401462729781059e+01,2.917288476357146720e+00
2.817800560721074277e+01,3.275667870831839679e+01,2.236067977499789805e+01,2.220360331117451835e+01,2.886173937932362321e+01,3.551056180912940619e+01,4.178516483155235761e+01,3.712142238654116966e+01,2.902487491860381130e+00
2.906888370749726747e+01,3.275667870831839679e+01,2.121320343559642652e+01,2.209072203437452231e+01,2.863564212655270680e+01,3.551056180912940619e+01,4.178516483155235761e+01,3.705401462729781059e+01,2.931566186546285202e+00
2.817800560721074277e+01,3.178049716414140846e+01,2.137755832643194864e+01,2.220360331117451835e+01,2.863564212655270680e+01,3.649657518178931781e+01,4.178516483155235761e+01,3.712142238654116966e+01,2.931566186546285202e+00
2.817800560721074277e+01,3.178049716414140846e+01,2.236067977499789805e+01,2.236067977499789805e+01,2.886173937932362321e+01,3.551056180912940619e+01,4.178516483155235761e+01,3.712142238654116966e+01,2.902487491860381130e+00
2.817800560721074277e+01,3.178049716414140846e+01,2.137755832643194864e+01,2.220360331117451835e+01,2.863564212655270680e+01,3.649657518178931781e+01,4.178516483155235761e+01,3.712142238654116966e+01,2.931566186546285202e+00
2.865309756378880479e+01,3.275667870831839679e+01,2.137755832643194864e+01,2.220360331117451835e+01,2.863564212655270680e+01,3.649657518178931781e+01,4.178516483155235761e+01,3.712142238654116966e+01,2.917288476357146720e+00
2.817800560721074277e+01,3.178049716414140846e+01,2.137755832643194864e+01,2.220360331117451835e+01,2.863564212655270680e+01,3.551056180912940619e+01,4.178516483155235761e+01,3.705401462729781059e+01,2.931566186546285202e+00
2.817800560721074277e+01,3.178049716414140846e+01,2.137755832643194864e+01,2.220360331117451835e+01,2.863564212655270680e+01,3.551056180912940619e+01,4.178516483155235761e+01,3.705401462729781059e+01,2.931566186546285202e+00
2.817800560721074277e+01,3.178049716414140846e+01,2.137755832643194864e+01,2.220360331117451835e+01,2.863564212655270680e+01,3.551056180912940619e+01,4.178516483155235761e+01,3.705401462729781059e+01,2.931566186546285202e+00
2.729468812791236232e+01,3.157530680769388809e+01,2.137755832643194864e+01,2.220360331117451835e+01,2.863564212655270680e+01,3.649657518178931781e+01,4.178516483155235761e+01,3.712142238654116966e+01,2.914291482333149830e+00
2.817800560721074277e+01,3.178049716414140846e+01,2.137755832643194864e+01,2.220360331117451835e+01,2.863564212655270680e+01,3.649657518178931781e+01,4.178516483155235761e+01,3.712142238654116966e+01,2.931566186546285202e+00
2.692582403567251959e+01,3.140063693621516450e+01,2.137755832643194864e+01,2.236067977499789805e+01,2.863564212655270680e+01,3.649657518178931781e+01,4.178516483155235761e+01,3.712142238654116966e+01,2.882442029829941355e+00
2.641968962724581260e+01,3.041381265149109936e+01,2.121320343559642652e+01,2.137755832643194864e+01,2.961418578992169515e+01,3.569313659514949677e+01,4.272001872658765365e+01,3.701351104664349378e+01,2.881531563077881053e+00
2.692582403567251959e+01,3.140063693621516450e+01,2.121320343559642652e+01,2.137755832643194864e+01,2.961418578992169515e+01,3.551056180912940619e+01,4.272001872658765365e+01,3.801315561749642313e+01,2.867598916980993451e+00
2.193171219946130890e+01,2.789265136196270589e+01,2.100000000000000000e+01,2.416609194718914466e+01,2.745906043549196340e+01,3.634556369077249371e+01,4.215447781671598193e+01,3.805259518088089266e+01,2.624996831348944237e+00
2.884441020371191300e+01,3.228002478313794654e+01,1.964688270438849926e+01,2.332380757938120297e+01,2.816025568065744622e+01,3.733630940518894192e+01,4.215447781671598193e+01,3.901281840626231912e+01,2.506968927312534845e+00
2.816025568065744622e+01,3.400000000000000000e+01,2.154065922853801496e+01,2.334523505985750447e+01,2.630589287593181069e+01,4.001249804748510996e+01,3.921734310225515685e+01,4.001249804748510996e+01,2.381189283811265156e+00
3.059411708155671050e+01,3.635931792539568619e+01,2.147091055358388800e+01,2.343074902771996193e+01,2.668332812825266842e+01,3.820994634908559817e+01,3.569313659514949677e+01,3.712142238654116966e+01,2.382432316719294896e+00
3.354101966249684352e+01,3.827531841800927737e+01,2.140093455903269515e+01,2.280350850198275836e+01,2.596150997149434048e+01,3.945883931389771959e+01,3.535533905932737753e+01,3.612478373637688378e+01,2.382247226124900585e+00
2.828427124746190202e+01,3.394112549695427816e+01,2.193171219946130890e+01,2.385372088375312671e+01,2.624880949681337583e+01,4.026164427839479032e+01,3.701351104664349378e+01,3.452535300326413648e+01,2.406656664209200880e+00
2.807133769523639799e+01,3.080584360149872580e+01,2.024845673131658685e+01,2.184032966784155505e+01,2.745906043549196340e+01,4.237924020083418242e+01,3.785498646149540036e+01,3.138470965295043058e+01,2.407416233114027193e+00
3.000000000000000000e+01,2.860069929215018192e+01,2.024845673131658685e+01,2.039607805437113797e+01,2.969848480983499428e+01,4.188078318274384770e+01,3.900000000000000000e+01,3.640054944640259293e+01,2.562315832067652011e+00
3.000000000000000000e+01,2.641968962724581260e+01,2.121320343559642652e+01,2.009975124224177989e+01,3.176476034853718033e+01,3.940812099047606409e+01,3.546829570193639825e+01,3.440930106817050671e+01,2.805954103262183974e+00
2.765863337187866122e+01,2.158703314492290204e+01,2.039607805437113797e+01,1.868154169226940553e+01,3.298484500494128469e+01,3.900000000000000000e+01,3.354101966249684352e+01,3.492849839314595783e+01,2.732837631184589888e+00
2.683281572999747766e+01,2.302172886644267535e+01,2.061552812808830382e+01,1.878829422805593552e+01,3.140063693621516450e+01,3.860051813123756403e+01,3.492849839314595783e+01,3.544009029333869876e+01,2.587683246539187465e+00
2.523885892824792521e+01,2.256102834535695578e+01,2.059126028197400160e+01,1.886796226411320632e+01,3.206243908376279705e+01,3.863935817272331263e+01,3.511409973215887703e+01,3.765634076752546378e+01,2.515662498515597090e+00
2.690724809414741969e+01,2.280350850198275836e+01,2.220360331117451835e+01,1.910497317454279909e+01,3.224903099319419653e+01,3.905124837953326988e+01,3.478505426185217431e+01,4.104875150354758517e+01,2.473382659722307864e+00
2.906888370749726747e+01,2.353720459187963954e+01,2.080865204668481283e+01,1.984943324127920761e+01,3.269556544854363267e+01,4.509988913511872255e+01,3.492849839314595783e+01,4.104875150354758517e+01,2.732630649055856065e+00
3.001666203960726875e+01,2.202271554554523902e+01,2.195449840010014952e+01,2.000000000000000000e+01,3.551056180912940619e+01,3.848376280978771291e+01,3.701351104664349378e+01,4.965883607174054504e+01,3.079253694538569341e+00
3.080584360149872580e+01,2.202271554554523902e+01,2.195449840010014952e+01,2.121320343559642652e+01,3.482814953453599571e+01,3.921734310225515685e+01,3.705401462729781059e+01,4.390899680020029905e+01,3.102528446534490669e+00
2.973213749463701205e+01,2.158703314492290204e+01,2.302172886644267535e+01,2.280350850198275836e+01,4.000000000000000000e+01,4.522167621838005402e+01,3.911521443121588959e+01,4.482186966202993972e+01,3.080815670863231936e+00
2.906888370749726747e+01,1.964688270438849926e+01,2.385372088375312671e+01,2.441311123146740414e+01,4.134005321718877468e+01,4.617358552246078318e+01,3.911521443121588959e+01,4.459820624195551630e+01,3.117063717482838836e+00
2.983286778035259701e+01,2.220360331117451835e+01,2.683281572999747766e+01,2.523885892824792521e+01,4.159326868617084472e+01,4.775981574503821037e+01,4.011234224026316042e+01,4.525483399593904466e+01,3.187159026164036568e+00
2.906888370749726747e+01,2.319482700948640286e+01,2.640075756488817049e+01,2.441311123146740414e+01,4.695742752749558235e+01,4.743416490252568707e+01,3.649657518178931781e+01,4.459820624195551630e+01,3.202047455282429400e+00
3.124099870362661591e+01,2.400000000000000000e+01,2.563201123595259290e+01,2.500000000000000000e+01,4.785394445602159408e+01,4.617358552246078318e+01,3.649657518178931781e+01,4.545327270945404763e+01,3.282506052336878088e+00
2.952964612046680060e+01,1.902629759044044633e+01,2.640075756488817049e+01,2.483948469674844262e+01,5.188448708429138634e+01,5.099019513592784847e+01,3.634556369077249371e+01,4.318564576337836769e+01,3.289864287692442879e+00
2.961418578992169515e+01,1.746424919657297892e+01,2.549509756796392423e+01,2.441311123146740414e+01,4.992995093127971273e+01,5.035871324805668792e+01,3.911521443121588959e+01,4.313930922024598402e+01,3.512343242656643660e+00
3.238826948140329165e+01,1.969771560359220786e+01,2.707397274136176790e+01,2.607680962081059661e+01,4.780167361086847677e+01,4.816637831516918311e+01,4.004996878900157498e+01,4.313930922024598402e+01,3.561499633440314838e+00
3.505709628591620941e+01,2.420743687382040932e+01,2.900000000000000000e+01,2.332380757938120297e+01,4.482186966202993972e+01,4.527692569068708650e+01,3.811823710509183627e+01,4.103656905736638549e+01,3.657575744622794112e+00
3.612478373637688378e+01,2.758622844826744469e+01,2.863564212655270680e+01,2.280350850198275836e+01,4.384062043356594529e+01,4.318564576337836769e+01,3.811823710509183627e+01,4.123105625617660763e+01,3.789984370715314910e+00
3.511409973215887703e+01,2.523885892824792521e+01,3.162277660168379256e+01,2.236067977499789805e+01,4.110960958218893069e+01,4.001249804748510996e+01,3.900000000000000000e+01,4.123105625617660763e+01,3.876835041228178014e+00
3.088689042296100240e+01,2.282542442102665348e+01,3.041381265149109936e+01,2.102379604162863913e+01,3.605551275463989214e+01,3.622154055254966920e+01,4.004996878900157498e+01,4.000000000000000000e+01,3.991031382048436438e+00
3.488552708502481892e+01,2.785677655436823841e+01,2.941088233970548416e+01,2.209072203437452231e+01,4.167733196834941367e+01,3.612478373637688378e+01,4.000000000000000000e+01,4.140048308896890461e+01,4.014084597462432846e+00
3.801315561749642313e+01,2.973213749463701205e+01,3.162277660168379256e+01,2.402082429892862692e+01,4.294182110716777601e+01,3.765634076752546378e+01,3.911521443121588959e+01,4.049691346263317371e+01,3.933704628828931238e+00
3.801315561749642313e+01,3.036445290137795183e+01,3.140063693621516450e+01,2.402082429892862692e+01,4.531004303683676682e+01,3.860051813123756403e+01,3.981205847478876336e+01,4.338202392696772591e+01,3.833721797359161521e+00
3.448187929913333249e+01,3.104834939252004844e+01,3.255764119219941222e+01,2.418677324489564739e+01,4.903060268852505033e+01,4.031128874149274566e+01,3.956008088970496317e+01,4.368065933568311010e+01,3.697905770524737790e+00
3.466987164671942878e+01,2.816025568065744622e+01,2.906888370749726747e+01,2.529822128134703618e+01,5.532630477449221473e+01,4.468780594300866227e+01,3.848376280978771291e+01,4.257933771208753626e+01,3.665277314586036450e+00
3.448187929913333249e+01,3.008321791298264714e+01,2.884441020371191300e+01,2.657066051117284644e+01,5.300943312279428454e+01,4.601086828130936368e+01,3.982461550347975532e+01,4.104875150354758517e+01,3.623756664658608351e+00
3.847076812334268681e+01,3.298484500494128469e+01,2.701851217221259205e+01,2.469817807045693669e+01,4.916299421312741913e+01,4.669047011971500893e+01,4.341658669218482203e+01,4.204759208325727826e+01,3.535733422534077519e+00
3.671511950137163893e+01,3.298484500494128469e+01,2.780287754891568852e+01,2.376972864800942631e+01,4.837354648979129479e+01,4.545327270945404763e+01,4.252058325093859992e+01,4.110960958218893069e+01,3.489733463078545039e+00
3.671511950137163893e+01,3.395585369269929288e+01,2.745906043549196340e+01,2.459674775249768786e+01,4.570557952810575841e+01,4.468780594300866227e+01,4.318564576337836769e+01,4.031128874149274566e+01,3.509704762047222815e+00
3.689173349139343117e+01,3.373425558686599857e+01,2.801785145224380003e+01,2.370653918225939449e+01,4.491102314577123877e+01,4.110960958218893069e+01,4.318564576337836769e+01,4.219004621945797595e+01,3.520754825041654712e+00
3.420526275297414287e+01,3.634556369077249371e+01,2.692582403567251959e+01,2.262741699796952233e+01,4.244997055358224713e+01,3.982461550347975532e+01,4.384062043356594529e+01,4.130375285612676350e+01,3.621004722308201806e+00
3.720215047547655018e+01,3.649657518178931781e+01,2.385372088375312671e+01,2.051828452868319275e+01,4.016217125604640614e+01,3.612478373637688378e+01,4.313930922024598402e+01,4.143669871020131978e+01,3.578456483784688391e+00
3.498571136907180090e+01,3.448187929913333249e+01,2.420743687382040932e+01,2.061552812808830382e+01,3.860051813123756403e+01,3.465544690232691494e+01,4.101219330881975367e+01,4.143669871020131978e+01,3.468992865390020164e+00
3.577708763999663688e+01,3.417601498127012150e+01,2.280350850198275836e+01,1.720465053408525335e+01,3.832753579347360073e+01,3.546829570193639825e+01,4.110960958218893069e+01,4.143669871020131978e+01,3.415197511407409792e+00
3.667424164178449786e+01,3.580502757993631491e+01,2.563201123595259290e+01,1.649242250247064234e+01,3.832753579347360073e+01,3.466987164671942878e+01,4.060788100849390503e+01,4.404543109109047805e+01,3.185280684381194938e+00
3.612478373637688378e+01,3.201562118716424266e+01,2.334523505985750447e+01,2.002498439450078749e+01,4.200000000000000000e+01,4.022437072223753063e+01,4.263801121065568367e+01,4.600000000000000000e+01,3.011322981942013310e+00
3.214031735997639316e+01,2.692582403567251959e+01,2.531797780234432693e+01,2.256102834535695578e+01,4.373785545725807822e+01,4.472135954999579610e+01,4.161730409336962566e+01,4.704253394535630406e+01,3.040489281853494319e+00
2.915475947422650194e+01,2.459674775249768786e+01,2.517935662402834396e+01,2.184032966784155505e+01,4.393176527297759293e+01,4.695742752749558235e+01,4.243819034784588951e+01,4.604345773288535071e+01,3.003844952765495790e+00
2.807133769523639799e+01,1.655294535724684835e+01,2.308679276123039159e+01,1.992485884517127559e+01,3.883297567789519888e+01,4.365775990588614519e+01,4.118252056394800320e+01,4.310452412450461424e+01,3.111174407178445733e+00
2.617250465660480074e+01,1.456021977856103611e+01,2.402082429892862692e+01,2.213594362117865444e+01,3.733630940518894192e+01,4.016217125604640614e+01,4.070626487409523975e+01,4.310452412450461424e+01,3.074907070686933253e+00
2.418677324489564739e+01,1.603121954188139853e+01,2.376972864800942631e+01,2.147091055358388800e+01,3.612478373637688378e+01,4.049691346263317371e+01,3.981205847478876336e+01,3.901281840626231912e+01,2.810723810875955575e+00
2.469817807045693669e+01,1.843908891458577415e+01,2.416609194718914466e+01,2.140093455903269515e+01,3.605551275463989214e+01,3.832753579347360073e+01,3.992492955535426091e+01,4.104875150354758517e+01,2.620722403120653521e+00
2.408318915758459156e+01,2.059126028197400160e+01,2.126029162546929996e+01,1.979898987322333070e+01,3.640054944640259293e+01,3.705401462729781059e+01,3.551056180912940619e+01,4.373785545725807822e+01,2.527027616090109063e+00
2.280350850198275836e+01,2.202271554554523902e+01,2.202271554554523902e+01,1.860107523773827509e+01,3.417601498127012150e+01,3.736308338453881106e+01,3.505709628591620941e+01,4.535416188179426911e+01,2.421854434832449332e+00
2.121320343559642652e+01,1.720465053408525335e+01,2.247220505424423109e+01,1.972308292331602075e+01,3.275667870831839679e+01,3.891015291668743714e+01,3.622154055254966920e+01,4.477722635447621968e+01,2.569309279221772879e+00
2.236067977499789805e+01,2.000000000000000000e+01,2.147091055358388800e+01,1.931320791582796659e+01,3.189043743820394994e+01,4.219004621945797595e+01,3.748332962798262713e+01,4.565084884205330695e+01,2.549215624751500986e+00
2.332380757938120297e+01,1.843908891458577415e+01,2.325940669922601600e+01,1.868154169226940553e+01,3.041381265149109936e+01,3.828837943815329226e+01,4.031128874149274566e+01,4.242640687119285303e+01,2.765592103598927931e+00
1.897366596101027625e+01,1.649242250247064234e+01,2.376972864800942631e+01,2.002498439450078749e+01,2.555386467836127551e+01,3.605551275463989214e+01,4.205948168962618183e+01,4.527692569068708650e+01,3.639797562566770228e+00
2.039607805437113797e+01,1.726267650163206824e+01,2.334523505985750447e+01,2.109502310972898798e+01,3.124099870362661591e+01,3.577708763999663688e+01,3.984971769034255118e+01,4.651881339845203200e+01,3.607213619673882654e+00
1.513274595042155646e+01,1.431782106327635340e+01,2.200000000000000000e+01,2.213594362117865444e+01,2.952964612046680060e+01,3.080584360149872580e+01,4.295346318982905842e+01,3.538361202590826338e+01,3.774157766382028267e+00
1.392838827718411920e+01,1.780449381476485726e+01,2.121320343559642652e+01,2.418677324489564739e+01,3.324154027718932269e+01,2.816025568065744622e+01,4.242640687119285303e+01,3.820994634908559817e+01,3.911633662614709017e+00
1.708800749063506075e+01,1.835755975068581947e+01,2.451530134426252516e+01,2.441311123146740414e+01,3.687817782917154830e+01,2.906888370749726747e+01,4.726520919238589613e+01,3.894868418830089496e+01,3.847691913514877271e+00
1.523154621172781731e+01,1.835755975068581947e+01,2.121320343559642652e+01,2.282542442102665348e+01,4.275511665286389729e+01,2.912043955712207222e+01,4.501110973970759943e+01,4.140048308896890461e+01,3.667087888870292467e+00
1.746424919657297892e+01,1.476482306023340030e+01,2.531797780234432693e+01,2.561249694973139412e+01,3.712142238654116966e+01,3.264965543462901820e+01,5.028916384272063311e+01,4.031128874149274566e+01,3.433531544712609573e+00
1.676305461424021104e+01,1.562049935181330795e+01,2.720294101747088789e+01,2.617250465660480074e+01,4.501110973970759943e+01,3.606937759374286401e+01,4.561797891182817466e+01,4.178516483155235761e+01,3.440693360340280726e+00
1.615549442140351033e+01,1.562049935181330795e+01,2.624880949681337583e+01,2.831960451701259274e+01,3.679673898594819548e+01,5.100980297942739838e+01,4.535416188179426911e+01,4.295346318982905842e+01,3.422910136080966836e+00
1.523154621172781731e+01,1.702938636592640265e+01,2.529822128134703618e+01,2.687005768508880621e+01,4.036087214122112954e+01,5.100980297942739838e+01,4.512205669071391156e+01,4.272001872658765365e+01,3.407844702740718823e+00
1.486606874731850603e+01,1.640121946685672683e+01,2.692582403567251959e+01,2.624880949681337583e+01,5.186520991955976001e+01,6.000000000000000000e+01,3.905124837953326988e+01,3.801315561749642313e+01,3.370482012186672094e+00
1.772004514666934938e+01,1.640121946685672683e+01,2.720294101747088789e+01,2.617250465660480074e+01,5.742821606144492108e+01,5.903388857258176614e+01,3.501428280002319582e+01,4.272001872658765365e+01,3.252095720302138560e+00
1.612451549659709826e+01,1.500000000000000000e+01,2.692582403567251959e+01,2.408318915758459156e+01,5.964059020499377795e+01,6.000000000000000000e+01,3.501428280002319582e+01,4.243819034784588951e+01,3.225385492684013755e+00
1.746424919657297892e+01,1.442220510185595650e+01,2.692582403567251959e+01,2.545584412271571040e+01,6.296824596572466248e+01,6.600757532283699902e+01,3.522782990761707111e+01,3.801315561749642313e+01,3.148395269744602043e+00
1.941648783894759944e+01,1.649242250247064234e+01,2.828427124746190202e+01,2.483948469674844262e+01,6.262587324740470507e+01,6.918092222571191030e+01,3.920459156782531807e+01,3.551056180912940619e+01,3.081801689043328629e+00
2.236067977499789805e+01,2.061552812808830382e+01,2.617250465660480074e+01,2.720294101747088789e+01,6.640030120413611314e+01,7.217340230306452042e+01,3.832753579347360073e+01,3.551056180912940619e+01,3.067587006993031551e+00
1.708800749063506075e+01,1.720465053408525335e+01,2.630589287593181069e+01,2.842534080710379030e+01,6.720119046564576593e+01,7.111258679024410867e+01,3.765634076752546378e+01,3.522782990761707111e+01,3.130710374599216195e+00
1.118033988749894903e+01,1.802775637731994607e+01,2.720294101747088789e+01,3.140063693621516450e+01,6.407027391856539111e+01,7.000714249274855661e+01,3.667424164178449786e+01,3.383784863137726262e+01,3.392159714625096800e+00
1.431782106327635340e+01,1.315294643796590535e+01,2.640075756488817049e+01,2.968164415931165934e+01,6.212889826803626647e+01,6.706713054842886379e+01,3.710795063055894616e+01,3.500000000000000000e+01,3.307733591047887778e+00
1.334166406412633421e+01,1.303840481040529831e+01,2.640075756488817049e+01,3.001666203960726875e+01,6.158733636065128536e+01,6.702984409947556799e+01,3.590264614203248072e+01,3.360059523282288296e+01,3.347470724455096303e+00
1.118033988749894903e+01,1.746424919657297892e+01,2.773084924772409465e+01,3.001666203960726875e+01,6.414047084329830284e+01,6.802940540677980152e+01,3.517101079013794873e+01,3.342154993413680586e+01,3.471558449911118061e+00
1.360147050873544394e+01,2.061552812808830382e+01,2.640075756488817049e+01,3.138470965295043058e+01,6.637017402418047141e+01,7.100000000000000000e+01,3.613862199918530393e+01,3.264965543462901820e+01,3.492430033476982665e+00
1.303840481040529831e+01,2.213594362117865444e+01,2.683281572999747766e+01,3.224903099319419653e+01,6.551335741663679357e+01,7.000000000000000000e+01,3.687817782917154830e+01,3.405877273185280529e+01,3.558915811889992398e+00
1.431782106327635340e+01,2.617250465660480074e+01,2.500000000000000000e+01,3.401470270338990076e+01,6.177378084592200480e+01,6.736467917239716030e+01,3.687817782917154830e+01,3.701351104664349378e+01,3.720628376914294488e+00
1.303840481040529831e+01,1.649242250247064234e+01,2.690724809414741969e+01,3.228002478313794654e+01,5.818075283115542362e+01,6.573431371817918034e+01,3.807886552931954327e+01,3.969886648255841521e+01,3.560415427143063027e+00
1.204159457879229578e+01,1.772004514666934938e+01,2.475883680627989492e+01,3.104834939252004844e+01,5.887274411814010477e+01,6.815423684555494788e+01,3.860051813123756403e+01,3.748332962798262713e+01,3.595418825031961418e+00
1.019803902718556898e+01,2.435159132377184221e+01,2.280350850198275836e+01,3.214031735997639316e+01,5.724508712544684386e+01,6.676076692189806749e+01,3.794733192202055250e+01,3.676955262170046979e+01,3.913952438523890187e+00
1.208304597359457233e+01,2.370653918225939449e+01,2.193171219946130890e+01,3.125699921617556853e+01,5.314132102234569288e+01,6.293647591023825072e+01,4.110960958218893069e+01,3.764306044943742080e+01,4.093768820862313973e+00
1.431782106327635340e+01,2.469817807045693669e+01,2.193171219946130890e+01,3.114482300479487265e+01,5.186520991955976001e+01,6.356886030125127007e+01,4.205948168962618183e+01,3.828837943815329226e+01,4.055045644345471878e+00
1.700000000000000000e+01,2.570992026436488231e+01,2.147091055358388800e+01,3.106444913401813324e+01,5.220153254455274805e+01,6.229767250869008421e+01,4.110960958218893069e+01,3.828837943815329226e+01,4.022190564830522952e+00
1.526433752247374720e+01,2.563201123595259290e+01,2.147091055358388800e+01,3.214031735997639316e+01,5.220153254455274805e+01,6.324555320336758513e+01,4.205948168962618183e+01,3.828837943815329226e+01,4.062941585400655420e+00
1.389244398944980396e+01,2.507987240796890660e+01,2.102379604162863913e+01,3.114482300479487265e+01,5.314132102234569288e+01,6.419501538281613762e+01,4.205948168962618183e+01,3.828837943815329226e+01,4.088473680222557860e+00
1.389244398944980396e+01,2.459674775249768786e+01,2.102379604162863913e+01,3.224903099319419653e+01,5.220153254455274805e+01,6.324555320336758513e+01,4.205948168962618183e+01,3.828837943815329226e+01,4.089095957678018145e+00
1.170469991071962568e+01,2.247220505424423109e+01,2.024845673131658685e+01,3.026549190084311292e+01,5.281098370604357228e+01,6.419501538281613762e+01,4.176122603564220270e+01,3.828837943815329226e+01,4.103841322803722491e+00
1.166190378969060149e+01,1.749285568453590045e+01,2.147091055358388800e+01,2.906888370749726747e+01,4.695742752749558235e+01,5.692099788303082875e+01,4.272001872658765365e+01,3.962322551231790158e+01,3.825979598881023236e+00
1.019803902718556898e+01,2.302172886644267535e+01,1.992485884517127559e+01,2.906888370749726747e+01,4.494441010848846219e+01,5.186520991955976001e+01,4.205948168962618183e+01,4.031128874149274566e+01,4.201413983336840019e+00
1.345362404707370985e+01,2.780287754891568852e+01,1.910497317454279909e+01,2.961418578992169515e+01,4.294182110716777601e+01,5.147815070493500400e+01,4.205948168962618183e+01,4.177319714841084419e+01,4.397001012451216440e+00
1.720465053408525335e+01,2.906888370749726747e+01,1.726267650163206824e+01,2.751363298439520833e+01,4.464302857109942835e+01,5.547071299343465256e+01,3.981205847478876336e+01,4.201190307520000999e+01,4.427100246581749943e+00
2.163330765278393741e+01,3.052867504494749440e+01,1.824828759089465890e+01,2.692582403567251959e+01,4.638965401897280572e+01,5.841232746604093506e+01,3.996248240537617136e+01,3.996248240537617136e+01,4.282062367262130742e+00
2.483948469674844262e+01,3.087069808086626210e+01,1.802775637731994607e+01,2.941088233970548416e+01,4.527692569068708650e+01,5.825804665451803288e+01,4.134005321718877468e+01,4.031128874149274566e+01,4.117846081067719766e+00
2.408318915758459156e+01,3.088689042296100240e+01,1.802775637731994607e+01,3.132091952673165025e+01,4.527692569068708650e+01,5.685068161420758059e+01,4.104875150354758517e+01,3.935733730830885690e+01,4.093574213647005244e+00
2.475883680627989492e+01,3.046309242345563462e+01,1.800000000000000000e+01,3.008321791298264714e+01,4.527692569068708650e+01,5.608029957123981291e+01,4.022437072223753063e+01,3.935733730830885690e+01,4.044410651915823607e+00
2.267156809750926882e+01,3.087069808086626210e+01,1.800000000000000000e+01,2.886173937932362321e+01,4.539823785126466760e+01,5.544366510251644797e+01,4.080441152620633005e+01,3.891015291668743714e+01,4.080698346045720015e+00
2.408318915758459156e+01,3.087069808086626210e+01,1.700000000000000000e+01,2.983286778035259701e+01,4.440720662234903671e+01,5.531726674375732244e+01,4.080441152620633005e+01,3.935733730830885690e+01,4.053968510653538360e+00
2.408318915758459156e+01,3.087069808086626210e+01,1.800000000000000000e+01,3.008321791298264714e+01,4.455333881989092504e+01,5.403702434442518410e+01,4.080441152620633005e+01,3.891015291668743714e+01,4.076871219882439945e+00
2.267156809750926882e+01,3.088689042296100240e+01,1.802775637731994607e+01,3.008321791298264714e+01,4.455333881989092504e+01,5.481788029466298440e+01,4.080441152620633005e+01,3.801315561749642313e+01,4.114589172349303325e+00
2.267156809750926882e+01,3.088689042296100240e+01,1.802775637731994607e+01,3.008321791298264714e+01,4.455333881989092504e+01,5.403702434442518410e+01,4.080441152620633005e+01,3.891015291668743714e+01,4.114589172349303325e+00
2.193171219946130890e+01,2.865309756378880479e+01,1.802775637731994607e+01,2.941088233970548416e+01,4.455333881989092504e+01,5.467174773134657784e+01,4.080441152620633005e+01,3.935733730830885690e+01,4.104488505763981721e+00
2.267156809750926882e+01,3.001666203960726875e+01,1.802775637731994607e+01,3.036445290137795183e+01,4.455333881989092504e+01,5.467174773134657784e+01,4.080441152620633005e+01,3.935733730830885690e+01,4.114589172349303325e+00
2.193171219946130890e+01,2.915475947422650194e+01,1.702938636592640265e+01,3.008321791298264714e+01,4.440720662234903671e+01,5.467174773134657784e+01,4.080441152620633005e+01,3.891015291668743714e+01,4.081517739094706165e+00
2.267156809750926882e+01,3.088689042296100240e+01,1.802775637731994607e+01,3.008321791298264714e+01,4.455333881989092504e+01,5.403702434442518410e+01,4.080441152620633005e+01,3.891015291668743714e+01,4.114589172349303325e+00
2.267156809750926882e+01,3.041381265149109936e+01,1.800000000000000000e+01,3.008321791298264714e+01,4.455333881989092504e+01,5.403702434442518410e+01,4.080441152620633005e+01,3.891015291668743714e+01,4.090203763176585738e+00
2.193171219946130890e+01,2.952964612046680060e+01,1.702938636592640265e+01,2.886173937932362321e+01,4.440720662234903671e+01,5.390732788777421547e+01,4.080441152620633005e+01,3.981205847478876336e+01,4.081517739094706165e+00
2.051828452868319275e+01,2.952964612046680060e+01,1.800000000000000000e+01,2.886173937932362321e+01,4.440720662234903671e+01,5.467174773134657784e+01,4.080441152620633005e+01,3.891015291668743714e+01,4.081517739094706165e+00
2.121320343559642652e+01,2.952964612046680060e+01,1.902629759044044633e+01,2.912043955712207222e+01,4.455333881989092504e+01,5.403702434442518410e+01,4.080441152620633005e+01,3.891015291668743714e+01,4.104488505763981721e+00
2.193171219946130890e+01,2.952964612046680060e+01,1.802775637731994607e+01,2.912043955712207222e+01,4.455333881989092504e+01,5.403702434442518410e+01,4.080441152620633005e+01,3.891015291668743714e+01,4.104488505763981721e+00
2.193171219946130890e+01,2.952964612046680060e+01,1.802775637731994607e+01,2.912043955712207222e+01,4.455333881989092504e+01,5.403702434442518410e+01,4.080441152620633005e+01,3.891015291668743714e+01,4.104488505763981721e+00
2.126029162546929996e+01,3.041381265149109936e+01,1.900000000000000000e+01,2.912043955712207222e+01,4.455333881989092504e+01,5.403702434442518410e+01,4.080441152620633005e+01,3.891015291668743714e+01,4.114589172349303325e+00
2.051828452868319275e+01,2.952964612046680060e+01,1.900000000000000000e+01,2.912043955712207222e+01,4.455333881989092504e+01,5.403702434442518410e+01,4.080441152620633005e+01,3.891015291668743714e+01,4.104488505763981721e+00
2.121320343559642652e+01,2.952964612046680060e+01,1.800000000000000000e+01,2.983286778035259701e+01,4.440720662234903671e+01,5.531726674375732244e+01,4.080441152620633005e+01,3.935733730830885690e+01,4.056119044972678722e+00
2.051828452868319275e+01,2.952964612046680060e+01,1.800000000000000000e+01,2.886173937932362321e+01,4.440720662234903671e+01,5.531726674375732244e+01,4.080441152620633005e+01,3.935733730830885690e+01,4.081517739094706165e+00
2.051828452868319275e+01,2.952964612046680060e+01,1.900000000000000000e+01,2.912043955712207222e+01,4.455333881989092504e+01,5.467174773134657784e+01,4.080441152620633005e+01,3.935733730830885690e+01,4.104488505763981721e+00
2.051828452868319275e+01,2.952964612046680060e+01,1.900000000000000000e+01,2.912043955712207222e+01,4.455333881989092504e+01,5.467174773134657784e+01,4.080441152620633005e+01,3.935733730830885690e+01,4.104488505763981721e+00
2.126029162546929996e+01,3.001666203960726875e+01,1.802775637731994607e+01,2.912043955712207222e+01,4.455333881989092504e+01,5.403702434442518410e+01,4.080441152620633005e+01,3.891015291668743714e+01,4.129894099673496299e+00
2.126029162546929996e+01,3.001666203960726875e+01,1.802775637731994607e+01,2.912043955712207222e+01,4.455333881989092504e+01,5.403702434442518410e+01,4.080441152620633005e+01,3.891015291668743714e+01,4.129894099673496299e+00
2.126029162546929996e+01,3.001666203960726875e+01,1.802775637731994607e+01,2.912043955712207222e+01,4.455333881989092504e+01,5.403702434442518410e+01,4.080441152620633005e+01,3.891015291668743714e+01,4.129894099673496299e+00
2.193171219946130890e+01,2.865309756378880479e+01,1.811077027627483460e+01,2.846049894151541437e+01,4.554119014694280310e+01,5.481788029466298440e+01,4.080441152620633005e+01,3.891015291668743714e+01,4.132594649105293172e+00
2.126029162546929996e+01,2.915475947422650194e+01,1.711724276862369010e+01,2.816025568065744622e+01,4.539823785126466760e+01,5.544366510251644797e+01,4.080441152620633005e+01,3.891015291668743714e+01,4.136819128746896723e+00
1.303840481040529831e+01,2.475883680627989492e+01,1.800000000000000000e+01,2.886173937932362321e+01,4.627094120503709718e+01,5.374011537017761242e+01,3.920459156782531807e+01,4.338202392696772591e+01,4.055961537115498672e+00
1.565247584249852864e+01,1.910497317454279909e+01,2.061552812808830382e+01,2.500000000000000000e+01,4.275511665286389729e+01,5.234500931320960149e+01,4.080441152620633005e+01,4.205948168962618183e+01,3.430756788607753904e+00
2.247220505424423109e+01,1.802775637731994607e+01,2.302172886644267535e+01,2.262741699796952233e+01,4.110960958218893069e+01,5.326349594234309848e+01,4.482186966202993972e+01,3.807886552931954327e+01,2.750415237386597767e+00
2.302172886644267535e+01,2.193171219946130890e+01,2.459674775249768786e+01,2.267156809750926882e+01,4.438468204234429493e+01,5.131276644266999654e+01,4.420407221060068537e+01,3.758989225842500304e+01,2.786054089101093645e+00
2.332380757938120297e+01,2.118962010041709121e+01,2.507987240796890660e+01,2.267156809750926882e+01,4.792702786528703740e+01,5.366563145999495532e+01,4.548626166217663780e+01,3.847076812334268681e+01,2.790252429281562918e+00
2.061552812808830382e+01,1.552417469626002422e+01,2.720294101747088789e+01,2.262741699796952233e+01,4.792702786528703740e+01,5.323532661682465772e+01,4.522167621838005402e+01,3.847076812334268681e+01,2.686053422240388677e+00
1.772004514666934938e+01,1.118033988749894903e+01,3.041381265149109936e+01,2.267156809750926882e+01,4.517742799230607176e+01,5.053711507397311209e+01,4.522167621838005402e+01,3.671511950137163893e+01,2.629228650879416485e+00
1.676305461424021104e+01,1.170469991071962568e+01,2.915475947422650194e+01,2.140093455903269515e+01,4.565084884205330695e+01,5.056678751908212632e+01,4.465422712353221613e+01,3.584689665786984136e+01,2.606228557087872488e+00
1.969771560359220786e+01,9.000000000000000000e+00,2.900000000000000000e+01,2.163330765278393741e+01,4.441846462902562109e+01,4.884669896727925220e+01,4.494441010848846219e+01,3.584689665786984136e+01,2.419809245989367419e+00
2.220360331117451835e+01,7.000000000000000000e+00,2.901723625709381693e+01,2.102379604162863913e+01,4.326661530556787483e+01,4.753945729601885262e+01,4.494441010848846219e+01,3.498571136907180090e+01,2.270689196514140029e+00
2.000000000000000000e+01,8.062257748298549132e+00,2.807133769523639799e+01,2.061552812808830382e+01,4.326661530556787483e+01,4.623851208678756564e+01,4.356604182158393002e+01,3.498571136907180090e+01,2.311136440849487883e+00
2.080865204668481283e+01,9.000000000000000000e+00,2.906888370749726747e+01,2.061552812808830382e+01,4.220189569201838253e+01,4.494441010848846219e+01,4.477722635447621968e+01,3.635931792539568619e+01,2.341768763537082076e+00
2.140093455903269515e+01,8.062257748298549132e+00,2.906888370749726747e+01,1.969771560359220786e+01,4.220189569201838253e+01,4.494441010848846219e+01,4.477722635447621968e+01,3.635931792539568619e+01,2.311761975104594136e+00
2.140093455903269515e+01,8.062257748298549132e+00,2.915475947422650194e+01,2.061552812808830382e+01,4.161730409336962566e+01,4.531004303683676682e+01,4.477722635447621968e+01,3.635931792539568619e+01,2.272927677493311815e+00
2.000000000000000000e+01,9.000000000000000000e+00,2.915475947422650194e+01,2.061552812808830382e+01,4.161730409336962566e+01,4.531004303683676682e+01,4.527692569068708650e+01,3.584689665786984136e+01,2.314393758319493788e+00
2.000000000000000000e+01,8.000000000000000000e+00,2.807133769523639799e+01,1.969771560359220786e+01,4.301162633521313694e+01,4.588027898781784586e+01,4.527692569068708650e+01,3.584689665786984136e+01,2.324459116663887048e+00
2.000000000000000000e+01,9.000000000000000000e+00,2.906888370749726747e+01,1.969771560359220786e+01,4.220189569201838253e+01,4.494441010848846219e+01,4.527692569068708650e+01,3.584689665786984136e+01,2.355021240828447660e+00
2.000000000000000000e+01,9.000000000000000000e+00,2.816025568065744622e+01,2.024845673131658685e+01,4.243819034784588951e+01,4.623851208678756564e+01,4.390899680020029905e+01,3.551056180912940619e+01,2.298079604989002878e+00
2.000000000000000000e+01,9.000000000000000000e+00,2.816025568065744622e+01,2.024845673131658685e+01,4.301162633521313694e+01,4.623851208678756564e+01,4.441846462902562109e+01,3.551056180912940619e+01,2.298079604989002878e+00
2.000000000000000000e+01,9.000000000000000000e+00,2.807133769523639799e+01,1.931320791582796659e+01,4.301162633521313694e+01,4.588027898781784586e+01,4.390899680020029905e+01,3.551056180912940619e+01,2.338511446067076172e+00
2.000000000000000000e+01,9.000000000000000000e+00,2.807133769523639799e+01,1.931320791582796659e+01,4.301162633521313694e+01,4.588027898781784586e+01,4.477722635447621968e+01,3.635931792539568619e+01,2.337957019954969073e+00
2.000000000000000000e+01,9.000000000000000000e+00,2.807133769523639799e+01,1.931320791582796659e+01,4.301162633521313694e+01,4.588027898781784586e+01,4.477722635447621968e+01,3.635931792539568619e+01,2.337957019954969073e+00
2.000000000000000000e+01,9.000000000000000000e+00,2.807133769523639799e+01,1.931320791582796659e+01,4.301162633521313694e+01,4.588027898781784586e+01,4.390899680020029905e+01,3.551056180912940619e+01,2.338511446067076172e+00
2.000000000000000000e+01,9.000000000000000000e+00,2.807133769523639799e+01,1.931320791582796659e+01,4.301162633521313694e+01,4.588027898781784586e+01,4.390899680020029905e+01,3.551056180912940619e+01,2.338511446067076172e+00
2.000000000000000000e+01,9.000000000000000000e+00,2.816025568065744622e+01,2.024845673131658685e+01,4.243819034784588951e+01,4.623851208678756564e+01,4.390899680020029905e+01,3.551056180912940619e+01,2.298079604989002878e+00
2.000000000000000000e+01,9.000000000000000000e+00,2.915475947422650194e+01,2.061552812808830382e+01,4.161730409336962566e+01,4.531004303683676682e+01,4.390899680020029905e+01,3.551056180912940619e+01,2.328466621540049353e+00
2.000000000000000000e+01,9.000000000000000000e+00,2.807133769523639799e+01,1.931320791582796659e+01,4.301162633521313694e+01,4.588027898781784586e+01,4.390899680020029905e+01,3.551056180912940619e+01,2.338511446067076172e+00
2.000000000000000000e+01,9.000000000000000000e+00,2.807133769523639799e+01,1.931320791582796659e+01,4.301162633521313694e+01,4.588027898781784586e+01,4.390899680020029905e+01,3.551056180912940619e+01,2.338511446067076172e+00
2.000000000000000000e+01,9.000000000000000000e+00,2.807133769523639799e+01,1.931320791582796659e+01,4.301162633521313694e+01,4.588027898781784586e+01,4.390899680020029905e+01,3.551056180912940619e+01,2.338511446067076172e+00
2.000000000000000000e+01,9.000000000000000000e+00,2.807133769523639799e+01,1.931320791582796659e+01,4.301162633521313694e+01,4.588027898781784586e+01,4.390899680020029905e+01,3.551056180912940619e+01,2.338511446067076172e+00
2.109502310972898798e+01,8.062257748298549132e+00,2.801785145224380003e+01,2.012461179749810825e+01,4.140048308896890461e+01,4.494441010848846219e+01,4.477722635447621968e+01,3.551056180912940619e+01,2.342338564045216565e+00
2.080865204668481283e+01,9.055385138137417300e+00,2.915475947422650194e+01,2.061552812808830382e+01,4.220189569201838253e+01,4.531004303683676682e+01,4.356604182158393002e+01,3.466987164671942878e+01,2.303451958025006796e+00
2.024845673131658685e+01,9.055385138137417300e+00,2.816025568065744622e+01,2.061552812808830382e+01,4.220189569201838253e+01,4.531004303683676682e+01,4.356604182158393002e+01,3.466987164671942878e+01,2.303451958025006796e+00
2.000000000000000000e+01,9.000000000000000000e+00,2.807133769523639799e+01,1.931320791582796659e+01,4.360045871318327926e+01,4.588027898781784586e+01,4.356604182158393002e+01,3.466987164671942878e+01,2.339081246575210660e+00
2.109502310972898798e+01,8.000000000000000000e+00,2.801785145224380003e+01,2.102379604162863913e+01,4.243819034784588951e+01,4.531004303683676682e+01,4.219004621945797595e+01,3.466987164671942878e+01,2.328857551934520487e+00
1.702938636592640265e+01,1.421267040355189515e+01,2.529822128134703618e+01,2.163330765278393741e+01,4.140048308896890461e+01,4.472135954999579610e+01,4.410215414239988974e+01,3.661966684720110976e+01,2.782889674377128753e+00
1.503329637837290811e+01,1.486606874731850603e+01,2.340939982143925135e+01,2.080865204668481283e+01,4.123105625617660763e+01,4.382921400162225467e+01,4.465422712353221613e+01,3.661966684720110976e+01,2.860643555511573233e+00
1.403566884761819900e+01,1.486606874731850603e+01,2.500000000000000000e+01,2.080865204668481283e+01,3.920459156782531807e+01,4.341658669218482203e+01,4.494441010848846219e+01,3.744329045369811126e+01,2.846151816446073290e+00
1.403566884761819900e+01,1.555634918610404505e+01,2.340939982143925135e+01,2.080865204668481283e+01,4.123105625617660763e+01,4.472135954999579610e+01,4.548626166217663780e+01,3.661966684720110976e+01,2.900695005556371164e+00
1.300000000000000000e+01,1.456021977856103611e+01,2.080865204668481283e+01,2.280350850198275836e+01,4.080441152620633005e+01,4.477722635447621968e+01,4.410215414239988974e+01,3.801315561749642313e+01,3.141592653589793116e+00
1.341640786499873883e+01,1.360147050873544394e+01,2.140093455903269515e+01,2.247220505424423109e+01,4.080441152620633005e+01,4.565084884205330695e+01,4.494441010848846219e+01,3.801315561749642313e+01,3.185043548981323802e+00
1.442220510185595650e+01,1.431782106327635340e+01,2.061552812808830382e+01,2.163330765278393741e+01,4.161730409336962566e+01,4.652956049652736681e+01,4.494441010848846219e+01,3.801315561749642313e+01,3.183235232688381711e+00
1.389244398944980396e+01,1.486606874731850603e+01,2.140093455903269515e+01,2.302172886644267535e+01,4.161730409336962566e+01,4.652956049652736681e+01,4.494441010848846219e+01,3.801315561749642313e+01,3.183235232688381711e+00
1.303840481040529831e+01,1.523154621172781731e+01,2.080865204668481283e+01,2.220360331117451835e+01,4.080441152620633005e+01,4.565084884205330695e+01,4.579301256742124338e+01,3.883297567789519888e+01,3.183235232688381711e+00
1.303840481040529831e+01,1.523154621172781731e+01,2.080865204668481283e+01,2.220360331117451835e+01,4.080441152620633005e+01,4.565084884205330695e+01,4.579301256742124338e+01,3.883297567789519888e+01,3.183235232688381711e+00
1.442220510185595650e+01,1.431782106327635340e+01,2.061552812808830382e+01,2.163330765278393741e+01,4.161730409336962566e+01,4.565084884205330695e+01,4.494441010848846219e+01,3.883297567789519888e+01,3.183235232688381711e+00
1.442220510185595650e+01,1.341640786499873883e+01,2.000000000000000000e+01,2.163330765278393741e+01,4.104875150354758517e+01,4.614108798023730884e+01,4.494441010848846219e+01,3.883297567789519888e+01,3.127704657658826104e+00
1.442220510185595650e+01,1.431782106327635340e+01,2.000000000000000000e+01,2.220360331117451835e+01,4.104875150354758517e+01,4.652956049652736681e+01,4.494441010848846219e+01,3.744329045369811126e+01,3.127704657658826104e+00
1.526433752247374720e+01,1.341640786499873883e+01,2.061552812808830382e+01,2.163330765278393741e+01,4.104875150354758517e+01,4.565084884205330695e+01,4.494441010848846219e+01,3.827531841800927737e+01,3.127704657658826104e+00
1.526433752247374720e+01,1.341640786499873883e+01,2.061552812808830382e+01,2.163330765278393741e+01,4.104875150354758517e+01,4.652956049652736681e+01,4.494441010848846219e+01,3.744329045369811126e+01,3.127704657658826104e+00
1.442220510185595650e+01,1.431782106327635340e+01,1.984943324127920761e+01,2.080865204668481283e+01,4.188078318274384770e+01,4.652956049652736681e+01,4.494441010848846219e+01,3.827531841800927737e+01,3.171345775608457984e+00
1.442220510185595650e+01,1.431782106327635340e+01,1.984943324127920761e+01,2.080865204668481283e+01,4.188078318274384770e+01,4.652956049652736681e+01,4.494441010848846219e+01,3.827531841800927737e+01,3.171345775608457984e+00
1.442220510185595650e+01,1.431782106327635340e+01,2.061552812808830382e+01,2.163330765278393741e+01,4.104875150354758517e+01,4.565084884205330695e+01,4.494441010848846219e+01,3.827531841800927737e+01,3.169347236757414699e+00
1.442220510185595650e+01,1.431782106327635340e+01,1.984943324127920761e+01,2.080865204668481283e+01,4.188078318274384770e+01,4.652956049652736681e+01,4.494441010848846219e+01,3.827531841800927737e+01,3.171345775608457984e+00
1.442220510185595650e+01,1.431782106327635340e+01,1.984943324127920761e+01,2.080865204668481283e+01,4.188078318274384770e+01,4.652956049652736681e+01,4.494441010848846219e+01,3.827531841800927737e+01,3.171345775608457984e+00
1.389244398944980396e+01,1.392838827718411920e+01,2.061552812808830382e+01,2.163330765278393741e+01,4.104875150354758517e+01,4.652956049652736681e+01,4.494441010848846219e+01,3.744329045369811126e+01,3.171155553050357234e+00
1.442220510185595650e+01,1.431782106327635340e+01,2.061552812808830382e+01,2.163330765278393741e+01,4.104875150354758517e+01,4.652956049652736681e+01,4.494441010848846219e+01,3.744329045369811126e+01,3.169347236757414699e+00
1.442220510185595650e+01,1.431782106327635340e+01,1.984943324127920761e+01,2.080865204668481283e+01,4.188078318274384770e+01,4.741307836451878899e+01,4.494441010848846219e+01,3.744329045369811126e+01,3.171345775608457984e+00
1.442220510185595650e+01,1.392838827718411920e+01,1.984943324127920761e+01,2.163330765278393741e+01,4.188078318274384770e+01,4.652956049652736681e+01,4.494441010848846219e+01,3.827531841800927737e+01,3.171345775608457984e+00
1.442220510185595650e+01,1.392838827718411920e+01,1.984943324127920761e+01,2.163330765278393741e+01,4.188078318274384770e+01,4.652956049652736681e+01,4.494441010848846219e+01,3.827531841800927737e+01,3.171345775608457984e+00
1.389244398944980396e+01,1.392838827718411920e+01,1.984943324127920761e+01,2.080865204668481283e+01,4.188078318274384770e+01,4.652956049652736681e+01,4.494441010848846219e+01,3.827531841800927737e+01,3.173318159638504277e+00
1.442220510185595650e+01,1.431782106327635340e+01,1.984943324127920761e+01,2.080865204668481283e+01,4.188078318274384770e+01,4.652956049652736681e+01,4.494441010848846219e+01,3.827531841800927737e+01,3.171345775608457984e+00
1.389244398944980396e+01,1.392838827718411920e+01,1.984943324127920761e+01,2.080865204668481283e+01,4.188078318274384770e+01,4.652956049652736681e+01,4.494441010848846219e+01,3.827531841800927737e+01,3.173318159638504277e+00
1.389244398944980396e+01,1.392838827718411920e+01,1.984943324127920761e+01,2.080865204668481283e+01,4.188078318274384770e+01,4.652956049652736681e+01,4.494441010848846219e+01,3.827531841800927737e+01,3.173318159638504277e+00
1.442220510185595650e+01,1.392838827718411920e+01,1.984943324127920761e+01,2.163330765278393741e+01,4.188078318274384770e+01,4.652956049652736681e+01,4.494441010848846219e+01,3.827531841800927737e+01,3.171345775608457984e+00
1.526433752247374720e+01,1.392838827718411920e+01,2.126029162546929996e+01,2.247220505424423109e+01,4.104875150354758517e+01,4.652956049652736681e+01,4.494441010848846219e+01,3.744329045369811126e+01,3.169347236757414699e+00
1.526433752247374720e+01,1.392838827718411920e+01,2.051828452868319275e+01,2.163330765278393741e+01,4.188078318274384770e+01,4.652956049652736681e+01,4.494441010848846219e+01,3.827531841800927737e+01,3.171345775608457984e+00
1.526433752247374720e+01,1.431782106327635340e+01,2.126029162546929996e+01,2.163330765278393741e+01,4.188078318274384770e+01,4.565084884205330695e+01,4.410215414239988974e+01,3.827531841800927737e+01,3.169347236757414699e+00
1.526433752247374720e+01,1.565247584249852864e+01,2.126029162546929996e+01,2.140093455903269515e+01,4.104875150354758517e+01,4.652956049652736681e+01,4.494441010848846219e+01,3.744329045369811126e+01,3.169347236757414699e+00
1.526433752247374720e+01,1.565247584249852864e+01,2.126029162546929996e+01,2.140093455903269515e+01,4.104875150354758517e+01,4.652956049652736681e+01,4.494441010848846219e+01,3.744329045369811126e+01,3.169347236757414699e+00
1.389244398944980396e+01,1.523154621172781731e+01,2.061552812808830382e+01,2.140093455903269515e+01,4.104875150354758517e+01,4.652956049652736681e+01,4.494441010848846219e+01,3.744329045369811126e+01,3.171155553050357234e+00
1.526433752247374720e+01,1.565247584249852864e+01,2.126029162546929996e+01,2.140093455903269515e+01,4.104875150354758517e+01,4.652956049652736681e+01,4.494441010848846219e+01,3.744329045369811126e+01,3.169347236757414699e+00
1.442220510185595650e+01,1.565247584249852864e+01,2.061552812808830382e+01,2.140093455903269515e+01,4.104875150354758517e+01,4.652956049652736681e+01,4.494441010848846219e+01,3.744329045369811126e+01,3.169347236757414699e+00
1.442220510185595650e+01,1.565247584249852864e+01,2.061552812808830382e+01,2.140093455903269515e+01,4.104875150354758517e+01,4.652956049652736681e+01,4.494441010848846219e+01,3.744329045369811126e+01,3.169347236757414699e+00
1.442220510185595650e+01,1.565247584249852864e+01,2.061552812808830382e+01,2.140093455903269515e+01,4.104875150354758517e+01,4.565084884205330695e+01,4.494441010848846219e+01,3.827531841800927737e+01,3.169347236757414699e+00
1.442220510185595650e+01,1.565247584249852864e+01,2.061552812808830382e+01,2.140093455903269515e+01,4.104875150354758517e+01,4.652956049652736681e+01,4.494441010848846219e+01,3.744329045369811126e+01,3.169347236757414699e+00
1.526433752247374720e+01,1.565247584249852864e+01,2.126029162546929996e+01,2.140093455903269515e+01,4.104875150354758517e+01,4.652956049652736681e+01,4.494441010848846219e+01,3.744329045369811126e+01,3.169347236757414699e+00
1.526433752247374720e+01,1.476482306023340030e+01,2.126029162546929996e+01,2.080865204668481283e+01,4.104875150354758517e+01,4.565084884205330695e+01,4.494441010848846219e+01,3.827531841800927737e+01,3.169347236757414699e+00
1.526433752247374720e+01,1.476482306023340030e+01,2.126029162546929996e+01,2.080865204668481283e+01,4.104875150354758517e+01,4.652956049652736681e+01,4.494441010848846219e+01,3.744329045369811126e+01,3.169347236757414699e+00
1.526433752247374720e+01,1.565247584249852864e+01,2.126029162546929996e+01,2.140093455903269515e+01,4.104875150354758517e+01,4.652956049652736681e+01,4.494441010848846219e+01,3.744329045369811126e+01,3.169347236757414699e+00
1.526433752247374720e+01,1.565247584249852864e+01,2.126029162546929996e+01,2.140093455903269515e+01,4.104875150354758517e+01,4.652956049652736681e+01,4.494441010848846219e+01,3.744329045369811126e+01,3.169347236757414699e+00
1.526433752247374720e+01,1.565247584249852864e+01,2.126029162546929996e+01,2.140093455903269515e+01,4.104875150354758517e+01,4.652956049652736681e+01,4.494441010848846219e+01,3.744329045369811126e+01,3.169347236757414699e+00
1.389244398944980396e+01,1.523154621172781731e+01,2.061552812808830382e+01,2.140093455903269515e+01,4.104875150354758517e+01,4.652956049652736681e+01,4.494441010848846219e+01,3.744329045369811126e+01,3.171155553050357234e+00
1.476482306023340030e+01,1.523154621172781731e+01,2.126029162546929996e+01,2.140093455903269515e+01,4.104875150354758517e+01,4.652956049652736681e+01,4.494441010848846219e+01,3.744329045369811126e+01,3.171155553050357234e+00
1.702938636592640265e+01,1.029563014098700080e+01,2.404163056034261459e+01,1.984943324127920761e+01,3.860051813123756403e+01,4.441846462902562109e+01,4.465422712353221613e+01,3.661966684720110976e+01,2.685561872258912075e+00
1.972308292331602075e+01,8.000000000000000000e+00,2.600000000000000000e+01,1.878829422805593552e+01,4.159326868617084472e+01,3.894868418830089496e+01,3.701351104664349378e+01,4.716990566028302112e+01,2.386432750055676788e+00
2.247220505424423109e+01,8.544003745317530374e+00,2.716615541441224835e+01,2.024845673131658685e+01,4.103656905736638549e+01,4.071854614300466579e+01,4.579301256742124338e+01,3.780211634287159939e+01,2.258529213266656122e+00
2.729468812791236232e+01,1.562049935181330795e+01,2.789265136196270589e+01,1.941648783894759944e+01,4.036087214122112954e+01,4.254409477236529824e+01,4.652956049652736681e+01,3.828837943815329226e+01,2.112099479265527435e+00
2.731300056749532601e+01,1.979898987322333070e+01,2.720294101747088789e+01,1.902629759044044633e+01,4.263801121065568367e+01,4.301162633521313694e+01,4.651881339845203200e+01,3.820994634908559817e+01,2.183646660332914102e+00
2.641968962724581260e+01,1.910497317454279909e+01,2.846049894151541437e+01,1.900000000000000000e+01,4.327817001676480402e+01,4.368065933568311010e+01,4.569463863518345192e+01,3.889730067755344578e+01,2.194300101615030751e+00
2.778488797889960793e+01,1.843908891458577415e+01,2.751363298439520833e+01,1.900000000000000000e+01,4.327817001676480402e+01,4.368065933568311010e+01,4.609772228646443892e+01,3.820994634908559817e+01,2.116962890228684557e+00
2.745906043549196340e+01,1.562049935181330795e+01,2.720294101747088789e+01,1.902629759044044633e+01,4.327817001676480402e+01,4.368065933568311010e+01,4.569463863518345192e+01,3.889730067755344578e+01,2.122868613513992475e+00
2.580697580112788003e+01,1.486606874731850603e+01,2.624880949681337583e+01,1.800000000000000000e+01,4.468780594300866227e+01,4.438468204234429493e+01,4.609772228646443892e+01,3.820994634908559817e+01,2.111061743861769369e+00
2.580697580112788003e+01,1.486606874731850603e+01,2.624880949681337583e+01,1.800000000000000000e+01,4.468780594300866227e+01,4.438468204234429493e+01,4.609772228646443892e+01,3.820994634908559817e+01,2.111061743861769369e+00
2.580697580112788003e+01,1.486606874731850603e+01,2.624880949681337583e+01,1.800000000000000000e+01,4.468780594300866227e+01,4.438468204234429493e+01,4.609772228646443892e+01,3.820994634908559817e+01,2.111061743861769369e+00
2.662705391138869615e+01,1.627882059609970611e+01,2.720294101747088789e+01,1.800000000000000000e+01,4.468780594300866227e+01,4.438468204234429493e+01,4.609772228646443892e+01,3.820994634908559817e+01,2.130447070322435632e+00
2.778488797889960793e+01,1.702938636592640265e+01,2.692582403567251959e+01,1.802775637731994607e+01,4.468780594300866227e+01,4.438468204234429493e+01,4.609772228646443892e+01,3.820994634908559817e+01,2.148335933992509439e+00
2.641968962724581260e+01,1.697056274847713908e+01,2.692582403567251959e+01,1.802775637731994607e+01,4.468780594300866227e+01,4.438468204234429493e+01,4.609772228646443892e+01,3.820994634908559817e+01,2.187910105269809335e+00
2.641968962724581260e+01,1.697056274847713908e+01,2.692582403567251959e+01,1.802775637731994607e+01,4.468780594300866227e+01,4.438468204234429493e+01,4.609772228646443892e+01,3.820994634908559817e+01,2.187910105269809335e+00
2.817800560721074277e+01,1.843908891458577415e+01,2.692582403567251959e+01,1.802775637731994607e+01,4.404543109109047805e+01,4.341658669218482203e+01,4.609772228646443892e+01,3.820994634908559817e+01,2.167772329415717181e+00
2.778488797889960793e+01,1.702938636592640265e+01,2.789265136196270589e+01,1.811077027627483460e+01,4.404543109109047805e+01,4.341658669218482203e+01,4.609772228646443892e+01,3.820994634908559817e+01,2.178969105242625659e+00
2.594224354214569317e+01,1.769180601295413169e+01,2.692582403567251959e+01,1.802775637731994607e+01,4.404543109109047805e+01,4.244997055358224713e+01,4.569463863518345192e+01,3.962322551231790158e+01,2.232134655023080505e+00
2.729468812791236232e+01,1.702938636592640265e+01,2.596150997149434048e+01,1.802775637731994607e+01,4.468780594300866227e+01,4.438468204234429493e+01,4.609772228646443892e+01,3.820994634908559817e+01,2.148335933992509439e+00
2.729468812791236232e+01,1.627882059609970611e+01,2.692582403567251959e+01,1.910497317454279909e+01,4.404543109109047805e+01,4.341658669218482203e+01,4.569463863518345192e+01,3.889730067755344578e+01,2.192586940434521736e+00
2.729468812791236232e+01,1.769180601295413169e+01,2.720294101747088789e+01,1.902629759044044633e+01,4.393176527297759293e+01,4.464302857109942835e+01,4.569463863518345192e+01,3.889730067755344578e+01,2.164884945716957887e+00
2.729468812791236232e+01,1.627882059609970611e+01,2.624880949681337583e+01,2.002498439450078749e+01,4.393176527297759293e+01,4.464302857109942835e+01,4.569463863518345192e+01,3.889730067755344578e+01,2.137772946589456158e+00
2.640075756488817049e+01,1.769180601295413169e+01,2.692582403567251959e+01,1.910497317454279909e+01,4.327817001676480402e+01,4.368065933568311010e+01,4.569463863518345192e+01,3.889730067755344578e+01,2.232550986098277068e+00
2.617250465660480074e+01,2.370653918225939449e+01,2.729468812791236232e+01,1.923538406167134340e+01,4.327817001676480402e+01,4.272001872658765365e+01,4.609772228646443892e+01,3.894868418830089496e+01,2.442932828868330297e+00
2.570992026436488231e+01,2.109502310972898798e+01,2.319482700948640286e+01,2.154065922853801496e+01,4.313930922024598402e+01,4.554119014694280310e+01,4.569463863518345192e+01,4.036087214122112954e+01,2.655523553443664753e+00
3.138470965295043058e+01,2.549509756796392423e+01,2.353720459187963954e+01,2.147091055358388800e+01,4.534313619501853765e+01,4.780167361086847677e+01,4.588027898781784586e+01,4.110960958218893069e+01,2.720372398884522092e+00
2.475883680627989492e+01,2.469817807045693669e+01,2.154065922853801496e+01,2.360084744241189370e+01,5.103920062069938268e+01,5.434151267677410146e+01,4.554119014694280310e+01,4.123105625617660763e+01,3.040869212748925854e+00
2.690724809414741969e+01,2.600000000000000000e+01,2.325940669922601600e+01,2.475883680627989492e+01,5.556977595779921586e+01,6.041522986797286165e+01,4.588027898781784586e+01,4.060788100849390503e+01,3.080003543409954414e+00
2.758622844826744469e+01,2.563201123595259290e+01,2.549509756796392423e+01,2.545584412271571040e+01,5.818075283115542362e+01,6.296824596572466248e+01,4.522167621838005402e+01,4.060788100849390503e+01,3.078348685625802439e+00
3.041381265149109936e+01,2.816025568065744622e+01,2.563201123595259290e+01,2.758622844826744469e+01,6.264982043070833839e+01,6.378871373526824584e+01,4.162931659299729859e+01,3.780211634287159939e+01,3.025295278489188000e+00
3.342154993413680586e+01,3.201562118716424266e+01,2.846049894151541437e+01,2.973213749463701205e+01,6.395310782127792493e+01,6.477653896280658330e+01,4.070626487409523975e+01,3.522782990761707111e+01,3.026047036305659965e+00
3.397057550292606010e+01,3.125699921617556853e+01,2.941088233970548416e+01,2.842534080710379030e+01,6.260990336999411454e+01,6.264982043070833839e+01,3.935733730830885690e+01,3.466987164671942878e+01,2.992791382920118259e+00
2.842534080710379030e+01,2.683281572999747766e+01,2.773084924772409465e+01,2.920616373302046753e+01,6.488451279003334093e+01,6.708203932499368705e+01,3.891015291668743714e+01,3.560898762952971452e+01,3.120604221965314284e+00
1.421267040355189515e+01,1.964688270438849926e+01,2.549509756796392423e+01,2.731300056749532601e+01,6.332456079595025500e+01,6.888396039717810027e+01,4.248529157249600274e+01,3.605551275463989214e+01,3.443408807995454346e+00
1.303840481040529831e+01,1.612451549659709826e+01,2.545584412271571040e+01,2.846049894151541437e+01,6.008327554319920694e+01,6.705221845696084415e+01,4.114608122288196768e+01,3.661966684720110976e+01,3.425239253252045479e+00
1.476482306023340030e+01,1.552417469626002422e+01,2.549509756796392423e+01,2.941088233970548416e+01,6.072890580275590366e+01,6.862215385719105143e+01,4.070626487409523975e+01,3.580502757993631491e+01,3.375933420141115970e+00
1.280624847486569706e+01,1.824828759089465890e+01,2.701851217221259205e+01,3.041381265149109936e+01,6.063827174318213054e+01,6.777905281132217397e+01,3.996248240537617136e+01,3.498571136907180090e+01,3.515188841689751875e+00
1.252996408614166768e+01,2.009975124224177989e+01,2.624880949681337583e+01,3.059411708155671050e+01,6.118823416311342100e+01,6.907966415668217053e+01,3.996248240537617136e+01,3.448187929913333249e+01,3.509786548257885386e+00
1.897366596101027625e+01,2.280350850198275836e+01,2.483948469674844262e+01,2.941088233970548416e+01,6.041522986797286165e+01,6.777905281132217397e+01,4.081666326391709987e+01,3.535533905932737753e+01,3.421892309928244558e+00
2.687005768508880621e+01,2.549509756796392423e+01,2.370653918225939449e+01,2.549509756796392423e+01,6.103277807866851390e+01,6.676076692189806749e+01,4.159326868617084472e+01,3.635931792539568619e+01,2.944197093739912674e+00
2.624880949681337583e+01,2.563201123595259290e+01,2.624880949681337583e+01,2.765863337187866122e+01,6.016643582596529427e+01,6.476109943476870967e+01,4.204759208325727826e+01,3.635931792539568619e+01,2.905820529204466318e+00
3.023243291566194912e+01,2.729468812791236232e+01,2.789265136196270589e+01,2.780287754891568852e+01,5.993329625508678760e+01,6.296824596572466248e+01,4.123105625617660763e+01,3.661966684720110976e+01,2.861544526277783440e+00
2.778488797889960793e+01,2.433105012119287736e+01,2.886173937932362321e+01,2.765863337187866122e+01,6.082762530298219872e+01,6.576473218982953028e+01,4.237924020083418242e+01,3.764306044943742080e+01,2.904837304026335332e+00
2.594224354214569317e+01,2.236067977499789805e+01,2.765863337187866122e+01,2.701851217221259205e+01,6.216912416947820930e+01,6.789698078707182560e+01,4.237924020083418242e+01,3.764306044943742080e+01,2.865126020360395209e+00
2.860069929215018192e+01,2.716615541441224835e+01,2.844292530665578411e+01,2.765863337187866122e+01,6.529931086925803640e+01,6.760177512462227867e+01,4.162931659299729859e+01,3.640054944640259293e+01,2.895684190637894950e+00
3.189043743820394994e+01,2.915475947422650194e+01,2.789265136196270589e+01,2.758622844826744469e+01,6.664833081180653096e+01,6.648308055437864539e+01,4.070626487409523975e+01,3.522782990761707111e+01,2.926861045557732410e+00
3.182766092567909766e+01,3.026549190084311292e+01,2.789265136196270589e+01,2.758622844826744469e+01,6.395310782127792493e+01,6.477653896280658330e+01,4.294182110716777601e+01,3.635931792539568619e+01,2.920431926946073453e+00
3.275667870831839679e+01,3.130495168499705727e+01,2.773084924772409465e+01,3.140063693621516450e+01,6.041522986797286165e+01,6.315061361538777618e+01,4.159326868617084472e+01,3.498571136907180090e+01,3.112656582296192909e+00
2.692582403567251959e+01,2.860069929215018192e+01,2.500000000000000000e+01,3.264965543462901820e+01,5.980802621722271795e+01,6.621933252457321828e+01,4.215447781671598193e+01,3.801315561749642313e+01,3.366366529723674006e+00
1.772004514666934938e+01,2.376972864800942631e+01,2.267156809750926882e+01,2.823118842698620767e+01,6.525335240430180761e+01,7.242237223399962431e+01,4.114608122288196768e+01,3.744329045369811126e+01,3.490363657173700229e+00
1.220655561573370207e+01,1.811077027627483460e+01,2.701851217221259205e+01,2.927456233660889495e+01,6.118823416311342100e+01,7.038465741907110385e+01,4.049691346263317371e+01,3.361547262794321966e+01,3.513960726978851312e+00
1.303840481040529831e+01,2.102379604162863913e+01,2.549509756796392423e+01,2.846049894151541437e+01,6.338769596696191400e+01,7.247068372797374991e+01,3.801315561749642313e+01,3.551056180912940619e+01,3.388244115423997727e+00
1.389244398944980396e+01,2.000000000000000000e+01,2.561249694973139412e+01,2.886173937932362321e+01,6.537583651472461099e+01,6.888396039717810027e+01,3.640054944640259293e+01,3.712142238654116966e+01,3.418022544288159104e+00
1.360147050873544394e+01,2.109502310972898798e+01,2.580697580112788003e+01,3.026549190084311292e+01,6.706713054842886379e+01,7.071067811865475505e+01,3.820994634908559817e+01,3.478505426185217431e+01,3.449713076221172514e+00
1.421267040355189515e+01,1.655294535724684835e+01,2.778488797889960793e+01,3.006659275674581622e+01,6.818357573492313861e+01,7.406078584514209240e+01,3.828837943815329226e+01,3.298484500494128469e+01,3.305547339238499305e+00
1.220655561573370207e+01,1.664331697709323876e+01,2.773084924772409465e+01,2.801785145224380003e+01,6.527633568147035703e+01,7.242237223399962431e+01,3.764306044943742080e+01,3.080584360149872580e+01,3.435200872137601280e+00
1.341640786499873883e+01,1.389244398944980396e+01,2.865309756378880479e+01,2.701851217221259205e+01,6.251399843235113707e+01,6.902897942168927159e+01,3.580502757993631491e+01,2.961418578992169515e+01,3.298626226630946512e+00
1.552417469626002422e+01,1.526433752247374720e+01,2.915475947422650194e+01,2.716615541441224835e+01,6.152235366108809700e+01,6.762396025078685113e+01,3.847076812334268681e+01,2.600000000000000000e+01,3.137428180007090006e+00
1.456021977856103611e+01,1.526433752247374720e+01,3.001666203960726875e+01,2.701851217221259205e+01,6.029925372672533967e+01,6.560487786742690730e+01,3.982461550347975532e+01,2.701851217221259205e+01,3.226187071085995672e+00
1.392838827718411920e+01,1.565247584249852864e+01,2.968164415931165934e+01,2.807133769523639799e+01,6.239390995922598648e+01,6.762396025078685113e+01,4.159326868617084472e+01,2.807133769523639799e+01,3.163123646157087077e+00
1.300000000000000000e+01,1.523154621172781731e+01,3.000000000000000000e+01,2.906888370749726747e+01,6.338769596696191400e+01,6.780117993073571370e+01,4.159326868617084472e+01,2.816025568065744622e+01,3.129994167913204173e+00
1.431782106327635340e+01,1.581138830084189628e+01,2.906888370749726747e+01,2.789265136196270589e+01,6.007495318350235891e+01,6.640030120413611314e+01,4.049691346263317371e+01,2.915475947422650194e+01,3.066496046643921058e+00
1.513274595042155646e+01,1.581138830084189628e+01,2.920616373302046753e+01,2.596150997149434048e+01,6.007495318350235891e+01,6.603029607687670932e+01,4.159326868617084472e+01,2.507987240796890660e+01,3.053400959592279307e+00
1.431782106327635340e+01,1.552417469626002422e+01,2.973213749463701205e+01,2.789265136196270589e+01,5.900847396772771702e+01,6.545991139621256139e+01,4.294182110716777601e+01,2.507987240796890660e+01,3.017757980439100152e+00
1.315294643796590535e+01,1.649242250247064234e+01,2.973213749463701205e+01,2.941088233970548416e+01,6.000833275470998984e+01,6.573431371817918034e+01,4.294182110716777601e+01,2.517935662402834396e+01,2.971789066690349479e+00
1.503329637837290811e+01,1.627882059609970611e+01,2.900000000000000000e+01,2.731300056749532601e+01,5.900000000000000000e+01,6.489992295835180869e+01,4.294182110716777601e+01,2.507987240796890660e+01,2.916726573053812110e+00
1.600000000000000000e+01,1.529705854077835525e+01,2.900000000000000000e+01,2.640075756488817049e+01,5.603570290448760005e+01,6.129437168288782090e+01,4.294182110716777601e+01,2.507987240796890660e+01,2.887439935917819334e+00
1.500000000000000000e+01,1.414213562373095101e+01,2.920616373302046753e+01,2.731300056749532601e+01,5.707889277132134254e+01,6.046486583132389825e+01,4.248529157249600274e+01,2.601922366251537611e+01,2.839722139522200095e+00
1.500000000000000000e+01,1.403566884761819900e+01,2.941088233970548416e+01,2.773084924772409465e+01,5.707889277132134254e+01,6.074537019394976056e+01,4.382921400162225467e+01,2.617250465660480074e+01,2.787395993730350519e+00
1.600000000000000000e+01,1.600000000000000000e+01,2.860069929215018192e+01,2.745906043549196340e+01,5.514526271584895056e+01,5.990826320300063657e+01,4.341658669218482203e+01,2.601922366251537611e+01,2.764380199848289088e+00
1.612451549659709826e+01,1.600000000000000000e+01,2.915475947422650194e+01,2.860069929215018192e+01,5.514526271584895056e+01,5.907622195096772089e+01,4.338202392696772591e+01,2.507987240796890660e+01,2.656348592680818577e+00
1.612451549659709826e+01,1.403566884761819900e+01,3.001666203960726875e+01,2.745906043549196340e+01,5.522680508593630577e+01,5.852349955359812839e+01,4.382921400162225467e+01,2.607680962081059661e+01,2.674327606151573278e+00
1.603121954188139853e+01,1.334166406412633421e+01,3.041381265149109936e+01,2.745906043549196340e+01,5.632051136131489244e+01,5.990826320300063657e+01,4.472135954999579610e+01,2.601922366251537611e+01,2.644157413186980499e+00
1.400000000000000000e+01,1.392838827718411920e+01,3.008321791298264714e+01,2.801785145224380003e+01,5.721887800367986898e+01,6.074537019394976056e+01,4.382921400162225467e+01,2.601922366251537611e+01,2.619045191916029136e+00
1.400000000000000000e+01,1.431782106327635340e+01,3.101612483854164637e+01,2.801785145224380003e+01,5.830951894845300387e+01,6.158733636065128536e+01,4.304648650006176780e+01,2.807133769523639799e+01,2.668826756271791556e+00
1.400000000000000000e+01,1.486606874731850603e+01,3.008321791298264714e+01,2.860069929215018192e+01,5.731491952362839726e+01,6.074537019394976056e+01,4.219004621945797595e+01,2.816025568065744622e+01,2.671931209928924744e+00
1.400000000000000000e+01,1.486606874731850603e+01,3.008321791298264714e+01,2.860069929215018192e+01,5.830951894845300387e+01,6.105735008989498880e+01,4.167733196834941367e+01,2.707397274136176790e+01,2.671931209928924744e+00
1.400000000000000000e+01,1.392838827718411920e+01,2.973213749463701205e+01,2.860069929215018192e+01,5.821511831131153514e+01,6.191122676865642660e+01,4.134005321718877468e+01,2.707397274136176790e+01,2.640924928715056907e+00
1.603121954188139853e+01,1.486606874731850603e+01,3.087069808086626210e+01,2.941088233970548416e+01,5.930430001273094831e+01,6.105735008989498880e+01,4.134005321718877468e+01,2.915475947422650194e+01,2.694705243976935893e+00
1.486606874731850603e+01,2.121320343559642652e+01,2.692582403567251959e+01,2.912043955712207222e+01,5.700877125495689768e+01,6.060528029800703820e+01,4.545327270945404763e+01,3.801315561749642313e+01,3.224670662363948281e+00
1.264911064067351809e+01,2.555386467836127551e+01,2.154065922853801496e+01,3.306055050963308162e+01,4.609772228646443892e+01,4.720169488482378739e+01,4.410215414239988974e+01,4.204759208325727826e+01,3.498504589941464182e+00
1.780449381476485726e+01,3.106444913401813324e+01,1.824828759089465890e+01,3.157530680769388809e+01,5.008991914547277702e+01,4.382921400162225467e+01,4.024922359499621649e+01,4.310452412450461424e+01,3.779250147380231795e+00
2.039607805437113797e+01,3.482814953453599571e+01,1.664331697709323876e+01,2.505992817228333536e+01,4.609772228646443892e+01,4.123105625617660763e+01,3.889730067755344578e+01,4.204759208325727826e+01,2.028533402481057735e+00
1.843908891458577415e+01,3.162277660168379256e+01,1.802775637731994607e+01,2.500000000000000000e+01,4.455333881989092504e+01,4.148493702538308270e+01,3.962322551231790158e+01,4.044749683231336945e+01,2.124840179448641120e+00
2.302172886644267535e+01,3.661966684720110976e+01,1.838477631085023489e+01,2.343074902771996193e+01,4.512205669071391156e+01,4.177319714841084419e+01,3.701351104664349378e+01,3.748332962798262713e+01,2.056179642637495419e+00
2.765863337187866122e+01,3.894868418830089496e+01,1.835755975068581947e+01,2.080865204668481283e+01,4.401136216933077350e+01,4.004996878900157498e+01,3.613862199918530393e+01,3.573513677041127323e+01,2.032683374234422136e+00
2.692582403567251959e+01,3.757658845611187104e+01,1.835755975068581947e+01,2.195449840010014952e+01,3.982461550347975532e+01,3.962322551231790158e+01,3.395585369269929288e+01,3.640054944640259293e+01,2.081298871237307502e+00
3.008321791298264714e+01,4.031128874149274566e+01,1.878829422805593552e+01,2.193171219946130890e+01,4.024922359499621649e+01,3.710795063055894616e+01,3.584689665786984136e+01,3.443835071544512516e+01,2.073293636664259587e+00
3.023243291566194912e+01,4.295346318982905842e+01,1.824828759089465890e+01,2.024845673131658685e+01,3.996248240537617136e+01,3.733630940518894192e+01,3.448187929913333249e+01,3.400000000000000000e+01,1.923786714621807281e+00
2.906888370749726747e+01,4.119465984809195902e+01,2.009975124224177989e+01,2.009975124224177989e+01,3.841874542459709119e+01,3.671511950137163893e+01,3.190611226708763226e+01,3.635931792539568619e+01,1.872864383886458928e+00
2.831960451701259274e+01,3.920459156782531807e+01,2.121320343559642652e+01,2.002498439450078749e+01,3.828837943815329226e+01,3.801315561749642313e+01,3.201562118716424266e+01,3.546829570193639825e+01,2.018886492333881399e+00
2.801785145224380003e+01,3.522782990761707111e+01,2.039607805437113797e+01,2.302172886644267535e+01,3.551056180912940619e+01,3.801315561749642313e+01,3.612478373637688378e+01,3.940812099047606409e+01,2.361375790976583122e+00
2.915475947422650194e+01,3.471310991541956525e+01,2.022374841615668473e+01,2.102379604162863913e+01,3.269556544854363267e+01,3.894868418830089496e+01,3.580502757993631491e+01,3.671511950137163893e+01,2.549538208358594016e+00
3.023243291566194912e+01,3.590264614203248072e+01,2.137755832643194864e+01,2.121320343559642652e+01,3.162277660168379256e+01,3.757658845611187104e+01,3.580502757993631491e+01,3.807886552931954327e+01,2.579285577051905420e+00
3.041381265149109936e+01,3.721558813185679071e+01,2.109502310972898798e+01,2.061552812808830382e+01,3.132091952673165025e+01,3.769615364994152884e+01,3.605551275463989214e+01,3.862641583165593318e+01,2.487570432563548817e+00
2.801785145224380003e+01,3.395585369269929288e+01,2.121320343559642652e+01,2.370653918225939449e+01,3.059411708155671050e+01,3.517101079013794873e+01,3.400000000000000000e+01,3.832753579347360073e+01,2.338965060387366623e+00
2.915475947422650194e+01,3.448187929913333249e+01,2.213594362117865444e+01,2.220360331117451835e+01,3.106444913401813324e+01,3.551056180912940619e+01,3.087069808086626210e+01,3.905124837953326988e+01,2.276695332957097140e+00
3.176476034853718033e+01,3.511409973215887703e+01,2.154065922853801496e+01,2.420743687382040932e+01,3.000000000000000000e+01,3.605551275463989214e+01,3.195309061734091571e+01,3.945883931389771959e+01,2.347299459372805153e+00
3.224903099319419653e+01,3.736308338453881106e+01,2.213594362117865444e+01,2.302172886644267535e+01,2.900000000000000000e+01,3.712142238654116966e+01,3.417601498127012150e+01,3.832753579347360073e+01,2.415174664687900208e+00
3.138470965295043058e+01,3.668787265568828104e+01,2.247220505424423109e+01,2.302172886644267535e+01,2.900000000000000000e+01,3.612478373637688378e+01,3.289376840679705083e+01,3.733630940518894192e+01,2.395255072542381569e+00
3.361547262794321966e+01,3.710795063055894616e+01,2.154065922853801496e+01,2.220360331117451835e+01,3.000000000000000000e+01,3.612478373637688378e+01,3.162277660168379256e+01,3.748332962798262713e+01,2.395946265588193125e+00
3.401470270338990076e+01,3.827531841800927737e+01,2.061552812808830382e+01,2.360084744241189370e+01,3.001666203960726875e+01,3.505709628591620941e+01,3.162277660168379256e+01,3.847076812334268681e+01,2.317533445088997723e+00
3.401470270338990076e+01,3.827531841800927737e+01,2.102379604162863913e+01,2.280350850198275836e+01,3.101612483854164637e+01,3.413209633175202384e+01,3.162277660168379256e+01,3.832753579347360073e+01,2.286084868715168472e+00
3.401470270338990076e+01,3.827531841800927737e+01,2.102379604162863913e+01,2.280350850198275836e+01,3.101612483854164637e+01,3.413209633175202384e+01,3.298484500494128469e+01,3.612478373637688378e+01,2.342071135539798732e+00
3.492849839314595783e+01,3.921734310225515685e+01,2.102379604162863913e+01,2.280350850198275836e+01,3.106444913401813324e+01,3.413209633175202384e+01,3.298484500494128469e+01,3.622154055254966920e+01,2.324218860395151687e+00
3.492849839314595783e+01,3.921734310225515685e+01,2.102379604162863913e+01,2.280350850198275836e+01,3.106444913401813324e+01,3.413209633175202384e+01,3.162277660168379256e+01,3.847076812334268681e+01,2.267698557139921967e+00
3.492849839314595783e+01,3.921734310225515685e+01,2.102379604162863913e+01,2.280350850198275836e+01,3.106444913401813324e+01,3.423448553724738019e+01,3.162277660168379256e+01,3.748332962798262713e+01,2.267698557139921967e+00
3.492849839314595783e+01,3.921734310225515685e+01,2.102379604162863913e+01,2.280350850198275836e+01,3.106444913401813324e+01,3.423448553724738019e+01,3.162277660168379256e+01,3.748332962798262713e+01,2.267698557139921967e+00
3.453983207834108526e+01,3.956008088970496317e+01,2.102379604162863913e+01,2.280350850198275836e+01,3.106444913401813324e+01,3.423448553724738019e+01,3.162277660168379256e+01,3.748332962798262713e+01,2.248242790302481531e+00
3.492849839314595783e+01,3.921734310225515685e+01,2.012461179749810825e+01,2.220360331117451835e+01,3.101612483854164637e+01,3.522782990761707111e+01,3.298484500494128469e+01,3.522782990761707111e+01,2.342071135539798732e+00
3.401470270338990076e+01,3.827531841800927737e+01,2.059126028197400160e+01,2.140093455903269515e+01,3.101612483854164637e+01,3.535533905932737753e+01,3.195309061734091571e+01,3.748332962798262713e+01,2.256553877966997135e+00
3.492849839314595783e+01,3.889730067755344578e+01,2.102379604162863913e+01,2.202271554554523902e+01,3.106444913401813324e+01,3.423448553724738019e+01,3.162277660168379256e+01,3.748332962798262713e+01,2.267698557139921967e+00
3.361547262794321966e+01,3.921734310225515685e+01,2.059126028197400160e+01,2.000000000000000000e+01,3.101612483854164637e+01,3.535533905932737753e+01,3.195309061734091571e+01,3.748332962798262713e+01,2.236249996310427424e+00
3.492849839314595783e+01,3.889730067755344578e+01,2.102379604162863913e+01,2.202271554554523902e+01,3.106444913401813324e+01,3.423448553724738019e+01,3.298484500494128469e+01,3.522782990761707111e+01,2.324218860395151687e+00
3.401470270338990076e+01,3.794733192202055250e+01,2.102379604162863913e+01,2.202271554554523902e+01,3.106444913401813324e+01,3.423448553724738019e+01,3.298484500494128469e+01,3.522782990761707111e+01,2.326160605527594960e+00
3.534119409414458346e+01,3.889730067755344578e+01,2.059126028197400160e+01,2.140093455903269515e+01,3.101612483854164637e+01,3.512833614050059339e+01,3.298484500494128469e+01,3.622154055254966920e+01,2.342071135539798732e+00
3.401470270338990076e+01,3.921734310225515685e+01,2.147091055358388800e+01,2.140093455903269515e+01,3.101612483854164637e+01,3.522782990761707111e+01,3.162277660168379256e+01,3.748332962798262713e+01,2.266246201936243487e+00
3.443835071544512516e+01,3.794733192202055250e+01,2.061552812808830382e+01,2.360084744241189370e+01,2.901723625709381693e+01,3.401470270338990076e+01,3.298484500494128469e+01,3.612478373637688378e+01,2.407283058146675536e+00
3.401470270338990076e+01,3.827531841800927737e+01,2.061552812808830382e+01,2.360084744241189370e+01,2.900000000000000000e+01,3.505709628591620941e+01,3.201562118716424266e+01,3.522782990761707111e+01,2.387616042682942918e+00
3.310589071449369669e+01,3.794733192202055250e+01,2.154065922853801496e+01,2.280350850198275836e+01,2.901723625709381693e+01,3.505709628591620941e+01,3.324154027718932269e+01,3.622154055254966920e+01,2.374520044474385028e+00
3.361547262794321966e+01,3.827531841800927737e+01,2.061552812808830382e+01,2.280350850198275836e+01,3.001666203960726875e+01,3.512833614050059339e+01,3.298484500494128469e+01,3.522782990761707111e+01,2.354759770947208342e+00
3.269556544854363267e+01,3.827531841800927737e+01,2.024845673131658685e+01,2.302172886644267535e+01,2.900000000000000000e+01,3.601388621073821383e+01,3.298484500494128469e+01,3.622154055254966920e+01,2.405699596673667173e+00
3.269556544854363267e+01,3.827531841800927737e+01,2.024845673131658685e+01,2.302172886644267535e+01,2.900000000000000000e+01,3.601388621073821383e+01,3.298484500494128469e+01,3.622154055254966920e+01,2.405699596673667173e+00
3.310589071449369669e+01,3.794733192202055250e+01,2.061552812808830382e+01,2.220360331117451835e+01,2.900000000000000000e+01,3.612478373637688378e+01,3.324154027718932269e+01,3.522782990761707111e+01,2.392531633534057622e+00
3.269556544854363267e+01,3.827531841800927737e+01,2.061552812808830382e+01,2.220360331117451835e+01,2.900000000000000000e+01,3.605551275463989214e+01,3.324154027718932269e+01,3.622154055254966920e+01,2.372378048277217211e+00
3.310589071449369669e+01,3.794733192202055250e+01,2.061552812808830382e+01,2.220360331117451835e+01,2.900000000000000000e+01,3.605551275463989214e+01,3.195309061734091571e+01,3.847076812334268681e+01,2.336139872608098411e+00
3.269556544854363267e+01,3.827531841800927737e+01,2.061552812808830382e+01,2.220360331117451835e+01,2.900000000000000000e+01,3.612478373637688378e+01,3.195309061734091571e+01,3.748332962798262713e+01,2.315986287351257999e+00
3.178049716414140846e+01,3.862641583165593318e+01,2.247220505424423109e+01,2.360084744241189370e+01,3.001666203960726875e+01,3.405877273185280529e+01,3.298484500494128469e+01,3.612478373637688378e+01,2.354759770947208342e+00
3.269556544854363267e+01,3.827531841800927737e+01,2.154065922853801496e+01,2.280350850198275836e+01,3.001666203960726875e+01,3.512833614050059339e+01,3.162277660168379256e+01,3.748332962798262713e+01,2.297773171561821037e+00
3.269556544854363267e+01,3.827531841800927737e+01,2.061552812808830382e+01,2.220360331117451835e+01,3.000000000000000000e+01,3.612478373637688378e+01,3.162277660168379256e+01,3.748332962798262713e+01,2.315986287351257999e+00
3.269556544854363267e+01,3.827531841800927737e+01,2.154065922853801496e+01,2.280350850198275836e+01,3.001666203960726875e+01,3.505709628591620941e+01,3.298484500494128469e+01,3.622154055254966920e+01,2.354759770947208342e+00
3.361547262794321966e+01,3.827531841800927737e+01,2.061552812808830382e+01,2.280350850198275836e+01,2.901723625709381693e+01,3.512833614050059339e+01,3.195309061734091571e+01,3.748332962798262713e+01,2.297773171561821037e+00
3.361547262794321966e+01,3.827531841800927737e+01,2.061552812808830382e+01,2.280350850198275836e+01,2.901723625709381693e+01,3.512833614050059339e+01,3.324154027718932269e+01,3.522782990761707111e+01,2.354759770947208342e+00
3.220248437620923454e+01,3.605551275463989214e+01,1.931320791582796659e+01,2.302172886644267535e+01,2.800000000000000000e+01,3.605551275463989214e+01,3.195309061734091571e+01,3.748332962798262713e+01,2.374341318295188241e+00
2.860069929215018192e+01,3.036445290137795183e+01,2.102379604162863913e+01,2.140093455903269515e+01,3.001666203960726875e+01,3.405877273185280529e+01,3.162277660168379256e+01,3.832753579347360073e+01,2.386326024375430066e+00
2.968164415931165934e+01,3.132091952673165025e+01,1.969771560359220786e+01,2.140093455903269515e+01,2.901723625709381693e+01,3.413209633175202384e+01,3.195309061734091571e+01,3.733630940518894192e+01,2.382047975607834100e+00
2.968164415931165934e+01,3.162277660168379256e+01,1.931320791582796659e+01,2.302172886644267535e+01,2.800000000000000000e+01,3.505709628591620941e+01,3.195309061734091571e+01,3.733630940518894192e+01,2.432815847066150283e+00
2.884441020371191300e+01,3.162277660168379256e+01,2.024845673131658685e+01,2.302172886644267535e+01,2.800000000000000000e+01,3.501428280002319582e+01,3.195309061734091571e+01,3.832753579347360073e+01,2.432815847066150283e+00
2.884441020371191300e+01,3.162277660168379256e+01,2.024845673131658685e+01,2.302172886644267535e+01,2.800000000000000000e+01,3.505709628591620941e+01,3.195309061734091571e+01,3.733630940518894192e+01,2.432815847066150283e+00
2.884441020371191300e+01,3.132091952673165025e+01,2.024845673131658685e+01,2.220360331117451835e+01,2.901723625709381693e+01,3.501428280002319582e+01,3.257299494980465937e+01,3.832753579347360073e+01,2.432815847066150283e+00
2.884441020371191300e+01,3.162277660168379256e+01,2.024845673131658685e+01,2.302172886644267535e+01,2.901723625709381693e+01,3.501428280002319582e+01,3.257299494980465937e+01,3.832753579347360073e+01,2.432815847066150283e+00
2.884441020371191300e+01,3.162277660168379256e+01,2.024845673131658685e+01,2.302172886644267535e+01,2.801785145224380003e+01,3.501428280002319582e+01,3.289376840679705083e+01,3.832753579347360073e+01,2.432815847066150283e+00
2.884441020371191300e+01,3.162277660168379256e+01,2.024845673131658685e+01,2.302172886644267535e+01,2.801785145224380003e+01,3.501428280002319582e+01,3.289376840679705083e+01,3.832753579347360073e+01,2.432815847066150283e+00
2.884441020371191300e+01,3.162277660168379256e+01,2.024845673131658685e+01,2.302172886644267535e+01,2.900000000000000000e+01,3.505709628591620941e+01,3.201562118716424266e+01,3.522782990761707111e+01,2.474511010694321556e+00
2.830194339616981125e+01,3.162277660168379256e+01,1.992485884517127559e+01,2.302172886644267535e+01,2.800000000000000000e+01,3.501428280002319582e+01,3.228002478313794654e+01,3.622154055254966920e+01,2.474511010694321556e+00
2.830194339616981125e+01,3.162277660168379256e+01,2.024845673131658685e+01,2.220360331117451835e+01,2.901723625709381693e+01,3.505709628591620941e+01,3.324154027718932269e+01,3.622154055254966920e+01,2.439034574993221405e+00
2.830194339616981125e+01,3.162277660168379256e+01,1.992485884517127559e+01,2.302172886644267535e+01,2.900000000000000000e+01,3.505709628591620941e+01,3.201562118716424266e+01,3.522782990761707111e+01,2.474511010694321556e+00
2.830194339616981125e+01,3.257299494980465937e+01,2.088061301782110135e+01,2.302172886644267535e+01,2.800000000000000000e+01,3.501428280002319582e+01,3.228002478313794654e+01,3.622154055254966920e+01,2.469949460984891321e+00
2.830194339616981125e+01,3.257299494980465937e+01,2.118962010041709121e+01,2.220360331117451835e+01,2.900000000000000000e+01,3.512833614050059339e+01,3.228002478313794654e+01,3.522782990761707111e+01,2.434944618248524595e+00
2.830194339616981125e+01,3.162277660168379256e+01,2.118962010041709121e+01,2.280350850198275836e+01,2.901723625709381693e+01,3.505709628591620941e+01,3.324154027718932269e+01,3.622154055254966920e+01,2.434944618248524595e+00
2.830194339616981125e+01,3.257299494980465937e+01,2.118962010041709121e+01,2.220360331117451835e+01,2.900000000000000000e+01,3.505709628591620941e+01,3.228002478313794654e+01,3.622154055254966920e+01,2.434944618248524595e+00
2.915475947422650194e+01,3.289376840679705083e+01,2.024845673131658685e+01,2.302172886644267535e+01,3.001666203960726875e+01,3.512833614050059339e+01,3.257299494980465937e+01,3.733630940518894192e+01,2.394150935380659373e+00
2.830194339616981125e+01,3.289376840679705083e+01,2.118962010041709121e+01,2.302172886644267535e+01,3.001666203960726875e+01,3.505709628591620941e+01,3.257299494980465937e+01,3.832753579347360073e+01,2.394150935380659373e+00
2.915475947422650194e+01,3.289376840679705083e+01,2.024845673131658685e+01,2.302172886644267535e+01,2.901723625709381693e+01,3.512833614050059339e+01,3.289376840679705083e+01,3.733630940518894192e+01,2.394150935380659373e+00
2.915475947422650194e+01,3.289376840679705083e+01,2.024845673131658685e+01,2.302172886644267535e+01,2.901723625709381693e+01,3.512833614050059339e+01,3.289376840679705083e+01,3.733630940518894192e+01,2.394150935380659373e+00
2.915475947422650194e+01,3.289376840679705083e+01,2.024845673131658685e+01,2.302172886644267535e+01,2.901723625709381693e+01,3.505709628591620941e+01,3.289376840679705083e+01,3.832753579347360073e+01,2.394150935380659373e+00
2.915475947422650194e+01,3.289376840679705083e+01,2.024845673131658685e+01,2.302172886644267535e+01,2.901723625709381693e+01,3.505709628591620941e+01,3.289376840679705083e+01,3.832753579347360073e+01,2.394150935380659373e+00
2.915475947422650194e+01,3.289376840679705083e+01,2.024845673131658685e+01,2.302172886644267535e+01,2.901723625709381693e+01,3.512833614050059339e+01,3.289376840679705083e+01,3.733630940518894192e+01,2.394150935380659373e+00
2.915475947422650194e+01,3.289376840679705083e+01,2.024845673131658685e+01,2.302172886644267535e+01,2.901723625709381693e+01,3.505709628591620941e+01,3.289376840679705083e+01,3.832753579347360073e+01,2.394150935380659373e+00
2.915475947422650194e+01,3.289376840679705083e+01,2.024845673131658685e+01,2.302172886644267535e+01,2.901723625709381693e+01,3.505709628591620941e+01,3.289376840679705083e+01,3.832753579347360073e+01,2.394150935380659373e+00
2.915475947422650194e+01,3.289376840679705083e+01,2.024845673131658685e+01,2.302172886644267535e+01,2.901723625709381693e+01,3.505709628591620941e+01,3.324154027718932269e+01,3.622154055254966920e+01,2.434944618248524595e+00
2.915475947422650194e+01,3.257299494980465937e+01,2.024845673131658685e+01,2.220360331117451835e+01,2.901723625709381693e+01,3.505709628591620941e+01,3.289376840679705083e+01,3.832753579347360073e+01,2.394150935380659373e+00
2.915475947422650194e+01,3.289376840679705083e+01,2.024845673131658685e+01,2.302172886644267535e+01,2.901723625709381693e+01,3.512833614050059339e+01,3.289376840679705083e+01,3.733630940518894192e+01,2.394150935380659373e+00
2.915475947422650194e+01,3.257299494980465937e+01,2.024845673131658685e+01,2.220360331117451835e+01,2.901723625709381693e+01,3.505709628591620941e+01,3.324154027718932269e+01,3.622154055254966920e+01,2.434944618248524595e+00
2.915475947422650194e+01,3.257299494980465937e+01,2.024845673131658685e+01,2.220360331117451835e+01,2.901723625709381693e+01,3.505709628591620941e+01,3.420526275297414287e+01,3.612478373637688378e+01,2.450542696306618584e+00
2.915475947422650194e+01,3.257299494980465937e+01,2.024845673131658685e+01,2.220360331117451835e+01,2.901723625709381693e+01,3.505709628591620941e+01,3.324154027718932269e+01,3.622154055254966920e+01,2.434944618248524595e+00
2.915475947422650194e+01,3.257299494980465937e+01,2.024845673131658685e+01,2.220360331117451835e+01,2.901723625709381693e+01,3.505709628591620941e+01,3.324154027718932269e+01,3.622154055254966920e+01,2.434944618248524595e+00
2.830194339616981125e+01,3.257299494980465937e+01,2.118962010041709121e+01,2.220360331117451835e+01,2.901723625709381693e+01,3.512833614050059339e+01,3.324154027718932269e+01,3.522782990761707111e+01,2.434944618248524595e+00
2.830194339616981125e+01,3.289376840679705083e+01,2.118962010041709121e+01,2.302172886644267535e+01,2.901723625709381693e+01,3.512833614050059339e+01,3.289376840679705083e+01,3.733630940518894192e+01,2.394150935380659373e+00
2.830194339616981125e+01,3.289376840679705083e+01,2.118962010041709121e+01,2.302172886644267535e+01,2.901723625709381693e+01,3.505709628591620941e+01,3.289376840679705083e+01,3.832753579347360073e+01,2.394150935380659373e+00
2.915475947422650194e+01,3.289376840679705083e+01,2.024845673131658685e+01,2.302172886644267535e+01,2.901723625709381693e+01,3.512833614050059339e+01,3.324154027718932269e+01,3.522782990761707111e+01,2.434944618248524595e+00
2.830194339616981125e+01,3.289376840679705083e+01,2.118962010041709121e+01,2.302172886644267535e+01,2.901723625709381693e+01,3.505709628591620941e+01,3.289376840679705083e+01,3.832753579347360073e+01,2.394150935380659373e+00
2.830194339616981125e+01,3.289376840679705083e+01,2.118962010041709121e+01,2.302172886644267535e+01,2.901723625709381693e+01,3.505709628591620941e+01,3.289376840679705083e+01,3.832753579347360073e+01,2.394150935380659373e+00
2.830194339616981125e+01,3.289376840679705083e+01,2.118962010041709121e+01,2.302172886644267535e+01,2.901723625709381693e+01,3.512833614050059339e+01,3.324154027718932269e+01,3.522782990761707111e+01,2.434944618248524595e+00
2.830194339616981125e+01,3.289376840679705083e+01,2.118962010041709121e+01,2.302172886644267535e+01,2.901723625709381693e+01,3.505709628591620941e+01,3.289376840679705083e+01,3.832753579347360073e+01,2.394150935380659373e+00
2.915475947422650194e+01,3.289376840679705083e+01,2.024845673131658685e+01,2.302172886644267535e+01,2.901723625709381693e+01,3.505709628591620941e+01,3.324154027718932269e+01,3.622154055254966920e+01,2.434944618248524595e+00
2.915475947422650194e+01,3.289376840679705083e+01,2.024845673131658685e+01,2.302172886644267535e+01,2.901723625709381693e+01,3.505709628591620941e+01,3.324154027718932269e+01,3.622154055254966920e+01,2.434944618248524595e+00
2.915475947422650194e+01,3.289376840679705083e+01,2.024845673131658685e+01,2.302172886644267535e+01,3.001666203960726875e+01,3.505709628591620941e+01,3.298484500494128469e+01,3.622154055254966920e+01,2.434944618248524595e+00
2.915475947422650194e+01,3.289376840679705083e+01,2.024845673131658685e+01,2.302172886644267535e+01,3.000000000000000000e+01,3.505709628591620941e+01,3.201562118716424266e+01,3.622154055254966920e+01,2.434944618248524595e+00
2.915475947422650194e+01,3.289376840679705083e+01,2.024845673131658685e+01,2.302172886644267535e+01,3.001666203960726875e+01,3.505709628591620941e+01,3.257299494980465937e+01,3.832753579347360073e+01,2.394150935380659373e+00
2.915475947422650194e+01,3.289376840679705083e+01,2.024845673131658685e+01,2.302172886644267535e+01,3.001666203960726875e+01,3.505709628591620941e+01,3.298484500494128469e+01,3.622154055254966920e+01,2.434944618248524595e+00
2.915475947422650194e+01,3.289376840679705083e+01,2.024845673131658685e+01,2.302172886644267535e+01,2.901723625709381693e+01,3.505709628591620941e+01,3.324154027718932269e+01,3.622154055254966920e+01,2.434944618248524595e+00
2.915475947422650194e+01,3.289376840679705083e+01,2.024845673131658685e+01,2.302172886644267535e+01,3.001666203960726875e+01,3.505709628591620941e+01,3.298484500494128469e+01,3.622154055254966920e+01,2.434944618248524595e+00
2.915475947422650194e+01,3.289376840679705083e+01,2.024845673131658685e+01,2.302172886644267535e+01,2.901723625709381693e+01,3.505709628591620941e+01,3.324154027718932269e+01,3.622154055254966920e+01,2.434944618248524595e+00
2.915475947422650194e+01,3.289376840679705083e+01,2.024845673131658685e+01,2.302172886644267535e+01,2.901723625709381693e+01,3.505709628591620941e+01,3.324154027718932269e+01,3.622154055254966920e+01,2.434944618248524595e+00
2.915475947422650194e+01,3.289376840679705083e+01,2.024845673131658685e+01,2.302172886644267535e+01,2.901723625709381693e+01,3.505709628591620941e+01,3.324154027718932269e+01,3.622154055254966920e+01,2.434944618248524595e+00
2.915475947422650194e+01,3.289376840679705083e+01,2.024845673131658685e+01,2.302172886644267535e+01,2.901723625709381693e+01,3.505709628591620941e+01,3.324154027718932269e+01,3.622154055254966920e+01,2.434944618248524595e+00
2.745906043549196340e+01,3.036445290137795183e+01,2.118962010041709121e+01,2.202271554554523902e+01,2.900000000000000000e+01,3.605551275463989214e+01,3.289376840679705083e+01,3.832753579347360073e+01,2.414049851664929580e+00
2.745906043549196340e+01,3.036445290137795183e+01,2.118962010041709121e+01,2.202271554554523902e+01,2.900000000000000000e+01,3.612478373637688378e+01,3.324154027718932269e+01,3.522782990761707111e+01,2.454632653051315394e+00
2.745906043549196340e+01,3.036445290137795183e+01,2.118962010041709121e+01,2.202271554554523902e+01,2.900000000000000000e+01,3.605551275463989214e+01,3.324154027718932269e+01,3.622154055254966920e+01,2.454632653051315394e+00
2.745906043549196340e+01,3.036445290137795183e+01,2.213594362117865444e+01,2.267156809750926882e+01,2.901723625709381693e+01,3.505709628591620941e+01,3.324154027718932269e+01,3.622154055254966920e+01,2.434944618248524595e+00
2.745906043549196340e+01,3.036445290137795183e+01,2.118962010041709121e+01,2.202271554554523902e+01,2.900000000000000000e+01,3.612478373637688378e+01,3.324154027718932269e+01,3.522782990761707111e+01,2.454632653051315394e+00
2.745906043549196340e+01,3.036445290137795183e+01,2.118962010041709121e+01,2.202271554554523902e+01,2.900000000000000000e+01,3.605551275463989214e+01,3.324154027718932269e+01,3.622154055254966920e+01,2.454632653051315394e+00
2.745906043549196340e+01,3.036445290137795183e+01,2.118962010041709121e+01,2.202271554554523902e+01,2.900000000000000000e+01,3.612478373637688378e+01,3.324154027718932269e+01,3.522782990761707111e+01,2.454632653051315394e+00
2.745906043549196340e+01,3.036445290137795183e+01,2.118962010041709121e+01,2.202271554554523902e+01,2.900000000000000000e+01,3.605551275463989214e+01,3.324154027718932269e+01,3.622154055254966920e+01,2.454632653051315394e+00
2.745906043549196340e+01,3.036445290137795183e+01,2.118962010041709121e+01,2.202271554554523902e+01,2.900000000000000000e+01,3.605551275463989214e+01,3.324154027718932269e+01,3.622154055254966920e+01,2.454632653051315394e+00
2.745906043549196340e+01,3.067572330035593353e+01,2.118962010041709121e+01,2.280350850198275836e+01,2.900000000000000000e+01,3.612478373637688378e+01,3.324154027718932269e+01,3.522782990761707111e+01,2.454632653051315394e+00
2.745906043549196340e+01,3.036445290137795183e+01,2.118962010041709121e+01,2.202271554554523902e+01,2.900000000000000000e+01,3.605551275463989214e+01,3.324154027718932269e+01,3.622154055254966920e+01,2.454632653051315394e+00
2.745906043549196340e+01,3.036445290137795183e+01,2.118962010041709121e+01,2.202271554554523902e+01,2.900000000000000000e+01,3.605551275463989214e+01,3.324154027718932269e+01,3.622154055254966920e+01,2.454632653051315394e+00
2.745906043549196340e+01,3.036445290137795183e+01,2.118962010041709121e+01,2.202271554554523902e+01,2.900000000000000000e+01,3.605551275463989214e+01,3.324154027718932269e+01,3.622154055254966920e+01,2.454632653051315394e+00
2.745906043549196340e+01,3.036445290137795183e+01,2.118962010041709121e+01,2.202271554554523902e+01,2.900000000000000000e+01,3.605551275463989214e+01,3.324154027718932269e+01,3.622154055254966920e+01,2.454632653051315394e+00
2.745906043549196340e+01,3.036445290137795183e+01,2.118962010041709121e+01,2.202271554554523902e+01,2.900000000000000000e+01,3.605551275463989214e+01,3.324154027718932269e+01,3.622154055254966920e+01,2.454632653051315394e+00
2.745906043549196340e+01,3.036445290137795183e+01,2.118962010041709121e+01,2.202271554554523902e+01,2.900000000000000000e+01,3.612478373637688378e+01,3.324154027718932269e+01,3.522782990761707111e+01,2.454632653051315394e+00
2.745906043549196340e+01,3.067572330035593353e+01,2.118962010041709121e+01,2.280350850198275836e+01,2.900000000000000000e+01,3.605551275463989214e+01,3.324154027718932269e+01,3.622154055254966920e+01,2.454632653051315394e+00
2.745906043549196340e+01,3.067572330035593353e+01,2.118962010041709121e+01,2.280350850198275836e+01,2.900000000000000000e+01,3.605551275463989214e+01,3.324154027718932269e+01,3.622154055254966920e+01,2.454632653051315394e+00
2.745906043549196340e+01,3.067572330035593353e+01,2.118962010041709121e+01,2.280350850198275836e+01,2.900000000000000000e+01,3.605551275463989214e+01,3.324154027718932269e+01,3.622154055254966920e+01,2.454632653051315394e+00
2.745906043549196340e+01,3.067572330035593353e+01,2.118962010041709121e+01,2.280350850198275836e+01,2.900000000000000000e+01,3.605551275463989214e+01,3.324154027718932269e+01,3.622154055254966920e+01,2.454632653051315394e+00
2.745906043549196340e+01,3.067572330035593353e+01,2.118962010041709121e+01,2.280350850198275836e+01,2.900000000000000000e+01,3.605551275463989214e+01,3.324154027718932269e+01,3.622154055254966920e+01,2.454632653051315394e+00
2.745906043549196340e+01,3.067572330035593353e+01,2.118962010041709121e+01,2.280350850198275836e+01,2.900000000000000000e+01,3.605551275463989214e+01,3.324154027718932269e+01,3.622154055254966920e+01,2.454632653051315394e+00
2.745906043549196340e+01,3.067572330035593353e+01,2.118962010041709121e+01,2.280350850198275836e+01,2.900000000000000000e+01,3.605551275463989214e+01,3.324154027718932269e+01,3.622154055254966920e+01,2.454632653051315394e+00
2.745906043549196340e+01,3.067572330035593353e+01,2.118962010041709121e+01,2.280350850198275836e+01,2.900000000000000000e+01,3.605551275463989214e+01,3.324154027718932269e+01,3.622154055254966920e+01,2.454632653051315394e+00
2.745906043549196340e+01,3.036445290137795183e+01,2.118962010041709121e+01,2.202271554554523902e+01,2.900000000000000000e+01,3.605551275463989214e+01,3.289376840679705083e+01,3.832753579347360073e+01,2.414049851664929580e+00
2.745906043549196340e+01,3.036445290137795183e+01,2.118962010041709121e+01,2.202271554554523902e+01,2.900000000000000000e+01,3.605551275463989214e+01,3.324154027718932269e+01,3.622154055254966920e+01,2.454632653051315394e+00
2.745906043549196340e+01,3.036445290137795183e+01,2.118962010041709121e+01,2.202271554554523902e+01,2.900000000000000000e+01,3.612478373637688378e+01,3.289376840679705083e+01,3.733630940518894192e+01,2.414049851664929580e+00
2.745906043549196340e+01,3.036445290137795183e+01,2.118962010041709121e+01,2.202271554554523902e+01,2.900000000000000000e+01,3.605551275463989214e+01,3.289376840679705083e+01,3.832753579347360073e+01,2.414049851664929580e+00
2.745906043549196340e+01,3.036445290137795183e+01,2.118962010041709121e+01,2.202271554554523902e+01,2.900000000000000000e+01,3.605551275463989214e+01,3.289376840679705083e+01,3.832753579347360073e+01,2.414049851664929580e+00
2.745906043549196340e+01,3.036445290137795183e+01,2.118962010041709121e+01,2.202271554554523902e+01,2.900000000000000000e+01,3.612478373637688378e+01,3.289376840679705083e+01,3.733630940518894192e+01,2.414049851664929580e+00
2.745906043549196340e+01,3.036445290137795183e+01,2.118962010041709121e+01,2.202271554554523902e+01,2.900000000000000000e+01,3.605551275463989214e+01,3.324154027718932269e+01,3.622154055254966920e+01,2.454632653051315394e+00
2.745906043549196340e+01,3.036445290137795183e+01,2.118962010041709121e+01,2.202271554554523902e+01,2.900000000000000000e+01,3.612478373637688378e+01,3.324154027718932269e+01,3.522782990761707111e+01,2.454632653051315394e+00
2.745906043549196340e+01,3.036445290137795183e+01,2.118962010041709121e+01,2.202271554554523902e+01,2.900000000000000000e+01,3.605551275463989214e+01,3.324154027718932269e+01,3.622154055254966920e+01,2.454632653051315394e+00
2.745906043549196340e+01,3.036445290137795183e+01,2.118962010041709121e+01,2.202271554554523902e+01,2.900000000000000000e+01,3.605551275463989214e+01,3.324154027718932269e+01,3.622154055254966920e+01,2.454632653051315394e+00
2.745906043549196340e+01,3.036445290137795183e+01,2.118962010041709121e+01,2.202271554554523902e+01,2.900000000000000000e+01,3.605551275463989214e+01,3.324154027718932269e+01,3.622154055254966920e+01,2.454632653051315394e+00
2.745906043549196340e+01,3.036445290137795183e+01,2.118962010041709121e+01,2.202271554554523902e+01,2.900000000000000000e+01,3.605551275463989214e+01,3.324154027718932269e+01,3.622154055254966920e+01,2.454632653051315394e+00
2.745906043549196340e+01,3.036445290137795183e+01,2.118962010041709121e+01,2.202271554554523902e+01,2.900000000000000000e+01,3.612478373637688378e+01,3.324154027718932269e+01,3.522782990761707111e+01,2.454632653051315394e+00
2.745906043549196340e+01,3.036445290137795183e+01,2.118962010041709121e+01,2.202271554554523902e+01,2.900000000000000000e+01,3.605551275463989214e+01,3.324154027718932269e+01,3.622154055254966920e+01,2.454632653051315394e+00
2.745906043549196340e+01,3.036445290137795183e+01,2.118962010041709121e+01,2.202271554554523902e+01,2.900000000000000000e+01,3.605551275463989214e+01,3.324154027718932269e+01,3.622154055254966920e+01,2.454632653051315394e+00
2.555386467836127551e+01,2.700000000000000000e+01,2.319482700948640286e+01,2.102379604162863913e+01,2.707397274136176790e+01,3.505709628591620941e+01,3.383784863137726262e+01,3.634556369077249371e+01,2.724707838922949321e+00
2.469817807045693669e+01,2.745906043549196340e+01,2.302172886644267535e+01,1.964688270438849926e+01,2.765863337187866122e+01,3.313608305156178346e+01,3.453983207834108526e+01,3.765634076752546378e+01,2.790672656179364441e+00
2.600000000000000000e+01,2.886173937932362321e+01,2.236067977499789805e+01,2.137755832643194864e+01,2.630589287593181069e+01,3.721558813185679071e+01,3.584689665786984136e+01,3.687817782917154830e+01,2.916934518692283707e+00
2.529822128134703618e+01,3.036445290137795183e+01,2.451530134426252516e+01,2.022374841615668473e+01,2.816025568065744622e+01,3.721558813185679071e+01,3.511409973215887703e+01,3.667424164178449786e+01,2.950554864569609137e+00
2.501999200639360765e+01,2.830194339616981125e+01,2.594224354214569317e+01,2.200000000000000000e+01,3.100000000000000000e+01,3.962322551231790158e+01,3.769615364994152884e+01,3.820994634908559817e+01,3.227211171905195464e+00
2.607680962081059661e+01,3.001666203960726875e+01,2.459674775249768786e+01,2.209072203437452231e+01,3.605551275463989214e+01,4.178516483155235761e+01,3.981205847478876336e+01,3.801315561749642313e+01,3.188200018343680942e+00
2.630589287593181069e+01,3.041381265149109936e+01,2.416609194718914466e+01,2.202271554554523902e+01,3.820994634908559817e+01,3.984971769034255118e+01,4.026164427839479032e+01,3.634556369077249371e+01,3.246615914153858640e+00
2.692582403567251959e+01,3.008321791298264714e+01,2.469817807045693669e+01,2.408318915758459156e+01,4.143669871020131978e+01,4.215447781671598193e+01,4.080441152620633005e+01,3.748332962798262713e+01,3.136912500553700411e+00
2.973213749463701205e+01,3.231098884280702066e+01,2.308679276123039159e+01,2.308679276123039159e+01,4.100000000000000000e+01,4.386342439892261780e+01,3.981205847478876336e+01,3.931920650267500150e+01,3.069230140477544833e+00
2.983286778035259701e+01,3.130495168499705727e+01,2.284731931759172596e+01,2.400000000000000000e+01,4.177319714841084419e+01,4.837354648979129479e+01,4.272001872658765365e+01,4.004996878900157498e+01,3.108853264334443534e+00
2.828427124746190202e+01,3.052867504494749440e+01,2.332380757938120297e+01,2.408318915758459156e+01,5.063595560468865386e+01,5.263078946776306566e+01,4.159326868617084472e+01,3.622154055254966920e+01,3.179075090281454852e+00
2.700000000000000000e+01,3.000000000000000000e+01,2.420743687382040932e+01,2.451530134426252516e+01,5.433231082882449670e+01,4.686149805543992386e+01,3.847076812334268681e+01,4.219004621945797595e+01,3.223858995062787614e+00
2.800000000000000000e+01,3.061045573002793319e+01,2.343074902771996193e+01,2.473863375370596174e+01,5.742821606144492108e+01,4.891829923454003648e+01,3.757658845611187104e+01,4.119465984809195902e+01,3.256890212686709418e+00
3.114482300479487265e+01,3.394112549695427816e+01,2.549509756796392423e+01,2.529822128134703618e+01,5.813776741499453493e+01,4.951767361255978983e+01,3.623534186398687496e+01,3.905124837953326988e+01,3.267362074350320889e+00
2.773084924772409465e+01,2.640075756488817049e+01,2.561249694973139412e+01,2.683281572999747766e+01,5.600892785976178345e+01,4.981967482832460092e+01,3.827531841800927737e+01,3.800000000000000000e+01,3.435680281567931260e+00
2.061552812808830382e+01,2.000000000000000000e+01,2.459674775249768786e+01,2.549509756796392423e+01,5.869412236331675814e+01,4.887739763939974580e+01,3.982461550347975532e+01,4.110960958218893069e+01,2.740593581206218765e+00
1.702938636592640265e+01,2.051828452868319275e+01,2.247220505424423109e+01,2.549509756796392423e+01,5.629387178015027615e+01,4.701063709417263681e+01,3.982461550347975532e+01,3.920459156782531807e+01,2.753416111019036272e+00
1.972308292331602075e+01,1.972308292331602075e+01,2.213594362117865444e+01,2.441311123146740414e+01,5.913543776789007467e+01,4.810405388322277531e+01,4.177319714841084419e+01,3.931920650267500150e+01,2.687653477423095794e+00
2.012461179749810825e+01,2.061552812808830382e+01,2.334523505985750447e+01,2.555386467836127551e+01,5.869412236331675814e+01,4.780167361086847677e+01,4.177319714841084419e+01,3.981205847478876336e+01,2.670426389276683299e+00
1.969771560359220786e+01,2.088061301782110135e+01,2.402082429892862692e+01,2.594224354214569317e+01,5.818075283115542362e+01,4.883646178829911833e+01,4.220189569201838253e+01,3.889730067755344578e+01,2.688538176126978652e+00
1.746424919657297892e+01,2.024845673131658685e+01,2.402082429892862692e+01,2.505992817228333536e+01,6.158733636065128536e+01,5.303772242470447651e+01,3.982461550347975532e+01,3.757658845611187104e+01,2.850483048442419509e+00
1.788854381999831844e+01,2.102379604162863913e+01,2.601922366251537611e+01,2.830194339616981125e+01,6.122091146005586637e+01,5.403702434442518410e+01,3.992492955535426091e+01,3.744329045369811126e+01,2.990360577562233058e+00
1.204159457879229578e+01,1.720465053408525335e+01,2.800000000000000000e+01,3.106444913401813324e+01,5.780138406647370175e+01,5.300000000000000000e+01,3.956008088970496317e+01,3.661966684720110976e+01,2.971179840749265999e+00
1.140175425099137918e+01,1.612451549659709826e+01,2.901723625709381693e+01,3.000000000000000000e+01,5.780138406647370175e+01,5.400000000000000000e+01,3.956008088970496317e+01,3.580502757993631491e+01,3.022230336510276061e+00
1.118033988749894903e+01,1.581138830084189628e+01,2.901723625709381693e+01,2.920616373302046753e+01,5.640035460881429685e+01,5.400925846556310717e+01,3.956008088970496317e+01,3.500000000000000000e+01,3.026118601542513442e+00
1.204159457879229578e+01,1.860107523773827509e+01,2.900000000000000000e+01,3.190611226708763226e+01,5.903388857258176614e+01,5.508175741568164341e+01,3.984971769034255118e+01,3.640054944640259293e+01,3.025971872913851612e+00
1.315294643796590535e+01,1.780449381476485726e+01,2.816025568065744622e+01,2.954657340538831534e+01,6.506919393998975920e+01,5.632051136131489244e+01,3.668787265568828104e+01,3.820994634908559817e+01,2.982995690243178899e+00
1.392838827718411920e+01,1.746424919657297892e+01,2.886173937932362321e+01,2.789265136196270589e+01,6.576473218982953028e+01,5.854912467321778990e+01,3.860051813123756403e+01,3.748332962798262713e+01,2.820640183620674257e+00
1.562049935181330795e+01,1.552417469626002422e+01,2.692582403567251959e+01,2.600000000000000000e+01,6.506919393998975920e+01,5.491812087098392681e+01,3.929376540877699853e+01,3.962322551231790158e+01,2.588556867823464280e+00
1.414213562373095101e+01,1.600000000000000000e+01,2.865309756378880479e+01,2.402082429892862692e+01,6.543699259593154238e+01,5.457105459856901319e+01,3.929376540877699853e+01,3.820994634908559817e+01,2.608117486134224450e+00
1.697056274847713908e+01,1.702938636592640265e+01,2.915475947422650194e+01,2.630589287593181069e+01,6.324555320336758513e+01,5.375872022286245056e+01,3.911521443121588959e+01,4.000000000000000000e+01,2.598234615718816531e+00
1.664331697709323876e+01,1.529705854077835525e+01,3.114482300479487265e+01,2.765863337187866122e+01,6.449806198638839305e+01,5.200000000000000000e+01,3.801315561749642313e+01,4.134005321718877468e+01,2.528222358651873503e+00
1.708800749063506075e+01,1.252996408614166768e+01,2.860069929215018192e+01,2.507987240796890660e+01,6.815423684555494788e+01,5.353503525729669121e+01,3.801315561749642313e+01,3.982461550347975532e+01,2.390663591191852788e+00
1.772004514666934938e+01,1.303840481040529831e+01,3.001666203960726875e+01,2.729468812791236232e+01,6.767569726275452524e+01,5.300943312279428454e+01,3.820994634908559817e+01,4.071854614300466579e+01,2.354186460762748734e+00
1.746424919657297892e+01,1.421267040355189515e+01,3.001666203960726875e+01,2.683281572999747766e+01,6.912307863514182316e+01,5.315072906367324634e+01,3.649657518178931781e+01,4.016217125604640614e+01,2.483317603000160467e+00
1.878829422805593552e+01,1.421267040355189515e+01,3.138470965295043058e+01,2.863564212655270680e+01,6.432728814430156206e+01,5.658621740318043436e+01,3.733630940518894192e+01,3.765634076752546378e+01,2.549712734259065083e+00
1.523154621172781731e+01,1.523154621172781731e+01,3.190611226708763226e+01,2.915475947422650194e+01,6.129437168288782090e+01,5.738466694161429160e+01,4.159326868617084472e+01,3.733630940518894192e+01,2.739056883887838190e+00
1.655294535724684835e+01,1.581138830084189628e+01,3.138470965295043058e+01,2.773084924772409465e+01,6.506919393998975920e+01,5.860034129593444874e+01,3.935733730830885690e+01,3.612478373637688378e+01,2.741648600432632144e+00
2.147091055358388800e+01,1.720465053408525335e+01,3.041381265149109936e+01,2.745906043549196340e+01,6.800735254367721438e+01,6.363175307973213535e+01,4.080441152620633005e+01,3.700000000000000000e+01,2.672534374320010286e+00
1.897366596101027625e+01,1.562049935181330795e+01,3.178049716414140846e+01,2.745906043549196340e+01,7.011419257183241882e+01,6.395310782127792493e+01,4.000000000000000000e+01,3.701351104664349378e+01,2.710191927024241387e+00
2.039607805437113797e+01,1.486606874731850603e+01,3.130495168499705727e+01,2.780287754891568852e+01,6.726812023536855634e+01,6.217716622683925465e+01,4.263801121065568367e+01,3.905124837953326988e+01,2.676540551130467627e+00
1.910497317454279909e+01,2.247220505424423109e+01,2.701851217221259205e+01,2.720294101747088789e+01,6.003332407921453751e+01,5.852349955359812839e+01,4.393176527297759293e+01,4.001249804748510996e+01,2.894427459980800865e+00
2.118962010041709121e+01,2.731300056749532601e+01,2.267156809750926882e+01,2.830194339616981125e+01,5.303772242470447651e+01,5.200961449578337437e+01,4.527692569068708650e+01,4.301162633521313694e+01,3.066350352843786098e+00
2.624880949681337583e+01,3.006659275674581622e+01,1.897366596101027625e+01,2.927456233660889495e+01,4.901020301937138157e+01,4.949747468305832854e+01,4.455333881989092504e+01,4.504442251822083421e+01,3.448259897057676326e+00
2.641968962724581260e+01,3.206243908376279705e+01,2.012461179749810825e+01,3.401470270338990076e+01,5.024937810560444973e+01,5.166236541235795698e+01,4.527692569068708650e+01,4.600000000000000000e+01,3.472466318613565583e+00
2.729468812791236232e+01,3.200000000000000000e+01,2.118962010041709121e+01,3.101612483854164637e+01,5.510898293381941926e+01,5.608029957123981291e+01,4.393176527297759293e+01,4.701063709417263681e+01,3.470778015231633873e+00
2.915475947422650194e+01,3.214031735997639316e+01,2.247220505424423109e+01,3.622154055254966920e+01,5.604462507680821659e+01,6.103277807866851390e+01,4.326661530556787483e+01,4.301162633521313694e+01,3.391367443011041871e+00
2.441311123146740414e+01,3.104834939252004844e+01,2.549509756796392423e+01,3.420526275297414287e+01,5.882176467941096831e+01,6.685057965343307274e+01,4.167733196834941367e+01,3.901281840626231912e+01,3.530751472376717714e+00
2.370653918225939449e+01,2.863564212655270680e+01,2.668332812825266842e+01,3.420526275297414287e+01,6.135144660071186706e+01,6.742403132415029177e+01,4.024922359499621649e+01,3.701351104664349378e+01,3.446960823520868633e+00
1.969771560359220786e+01,2.469817807045693669e+01,2.647640458974745314e+01,3.383784863137726262e+01,6.203224967708329274e+01,6.685057965343307274e+01,3.992492955535426091e+01,3.522782990761707111e+01,3.437897141603744267e+00
2.469817807045693669e+01,2.707397274136176790e+01,2.789265136196270589e+01,3.324154027718932269e+01,6.390618123468183143e+01,6.603029607687670932e+01,4.080441152620633005e+01,3.471310991541956525e+01,3.314771495223520326e+00
2.785677655436823841e+01,2.906888370749726747e+01,2.563201123595259290e+01,3.337663853655727308e+01,6.555150646628953837e+01,6.800735254367721438e+01,4.016217125604640614e+01,3.471310991541956525e+01,3.215108288052034080e+00
2.886173937932362321e+01,3.026549190084311292e+01,2.692582403567251959e+01,3.405877273185280529e+01,6.767569726275452524e+01,6.762396025078685113e+01,4.016217125604640614e+01,3.569313659514949677e+01,3.179543882103529118e+00
3.100000000000000000e+01,3.130495168499705727e+01,2.720294101747088789e+01,3.354101966249684352e+01,6.648308055437864539e+01,6.378087487640789988e+01,4.049691346263317371e+01,3.687817782917154830e+01,2.956713168474272457e+00
3.313608305156178346e+01,3.080584360149872580e+01,2.624880949681337583e+01,3.298484500494128469e+01,6.628725367670620017e+01,6.222539674441618018e+01,4.162931659299729859e+01,3.863935817272331263e+01,2.912927231181399179e+00
3.298484500494128469e+01,3.252691193458118590e+01,2.617250465660480074e+01,3.087069808086626210e+01,6.576473218982953028e+01,6.014149981501957853e+01,4.205948168962618183e+01,4.143669871020131978e+01,2.830116139386741558e+00
3.324154027718932269e+01,3.124099870362661591e+01,2.765863337187866122e+01,3.130495168499705727e+01,6.251399843235113707e+01,5.800000000000000000e+01,4.304648650006176780e+01,4.229657196511320194e+01,2.764660083017993930e+00
2.308679276123039159e+01,2.773084924772409465e+01,2.549509756796392423e+01,2.996664812754339380e+01,6.053098380168622583e+01,5.728001396647874088e+01,4.382921400162225467e+01,4.509988913511872255e+01,2.962426202813222886e+00
2.137755832643194864e+01,2.692582403567251959e+01,2.418677324489564739e+01,2.751363298439520833e+01,5.824946351684279477e+01,5.326349594234309848e+01,4.341658669218482203e+01,4.491102314577123877e+01,3.047247408745075159e+00
2.360084744241189370e+01,2.915475947422650194e+01,1.431782106327635340e+01,2.720294101747088789e+01,4.317406628984580408e+01,4.110960958218893069e+01,4.272001872658765365e+01,4.535416188179426911e+01,3.670567732213950940e+00
2.416609194718914466e+01,3.023243291566194912e+01,1.236931687685298087e+01,2.563201123595259290e+01,4.332435804486893716e+01,3.832753579347360073e+01,3.962322551231790158e+01,4.554119014694280310e+01,3.674481031132184938e+00
2.617250465660480074e+01,3.482814953453599571e+01,1.486606874731850603e+01,2.500000000000000000e+01,4.272001872658765365e+01,3.820994634908559817e+01,3.905124837953326988e+01,4.110960958218893069e+01,2.254117013723155871e+00
2.404163056034261459e+01,3.676955262170046979e+01,1.664331697709323876e+01,2.220360331117451835e+01,4.215447781671598193e+01,4.110960958218893069e+01,3.811823710509183627e+01,4.110960958218893069e+01,1.972833696474555421e+00
2.420743687382040932e+01,3.705401462729781059e+01,1.931320791582796659e+01,2.433105012119287736e+01,3.911521443121588959e+01,4.148493702538308270e+01,3.687817782917154830e+01,3.981205847478876336e+01,1.824772057233922995e+00
2.617250465660480074e+01,3.601388621073821383e+01,2.061552812808830382e+01,2.418677324489564739e+01,3.889730067755344578e+01,4.386342439892261780e+01,3.511409973215887703e+01,3.944616584663204151e+01,1.843037822666944381e+00
2.831960451701259274e+01,3.600000000000000000e+01,2.334523505985750447e+01,2.570992026436488231e+01,3.758989225842500304e+01,4.440720662234903671e+01,3.328663395418647752e+01,3.606937759374286401e+01,2.107707069534942246e+00
2.831960451701259274e+01,3.701351104664349378e+01,2.302172886644267535e+01,2.353720459187963954e+01,3.395585369269929288e+01,4.661544808322666000e+01,3.962322551231790158e+01,3.712142238654116966e+01,2.389984441204100918e+00
2.973213749463701205e+01,3.805259518088089266e+01,2.102379604162863913e+01,2.353720459187963954e+01,3.238826948140329165e+01,4.382921400162225467e+01,4.000000000000000000e+01,3.794733192202055250e+01,2.474358526100093325e+00
2.780287754891568852e+01,3.178049716414140846e+01,2.236067977499789805e+01,2.385372088375312671e+01,2.801785145224380003e+01,3.981205847478876336e+01,3.848376280978771291e+01,3.634556369077249371e+01,2.515966385374240666e+00
2.751363298439520833e+01,3.275667870831839679e+01,2.102379604162863913e+01,2.404163056034261459e+01,2.408318915758459156e+01,3.701351104664349378e+01,3.573513677041127323e+01,3.601388621073821383e+01,2.370278066015205187e+00
2.720294101747088789e+01,3.140063693621516450e+01,2.247220505424423109e+01,2.500000000000000000e+01,2.451530134426252516e+01,3.712142238654116966e+01,3.517101079013794873e+01,3.605551275463989214e+01,2.350679840213348637e+00
3.008321791298264714e+01,3.162277660168379256e+01,2.280350850198275836e+01,2.418677324489564739e+01,2.435159132377184221e+01,4.031128874149274566e+01,3.667424164178449786e+01,3.522782990761707111e+01,2.416200970497177192e+00
3.026549190084311292e+01,3.330165161069342616e+01,2.121320343559642652e+01,2.282542442102665348e+01,2.555386467836127551e+01,4.687216658103186262e+01,4.004996878900157498e+01,3.373425558686599857e+01,2.476644525739718716e+00
3.114482300479487265e+01,3.701351104664349378e+01,2.420743687382040932e+01,2.370653918225939449e+01,2.563201123595259290e+01,4.197618372363071160e+01,4.104875150354758517e+01,3.228002478313794654e+01,2.491540798284143765e+00
3.275667870831839679e+01,3.661966684720110976e+01,2.404163056034261459e+01,2.195449840010014952e+01,2.745906043549196340e+01,4.492215489043240240e+01,4.119465984809195902e+01,3.453983207834108526e+01,2.613177448209359710e+00
3.569313659514949677e+01,3.312099032335839155e+01,2.126029162546929996e+01,2.118962010041709121e+01,3.201562118716424266e+01,4.569463863518345192e+01,4.002499219237900263e+01,3.640054944640259293e+01,2.789731898304307123e+00
2.846049894151541437e+01,2.817800560721074277e+01,2.202271554554523902e+01,2.061552812808830382e+01,3.847076812334268681e+01,4.341658669218482203e+01,3.764306044943742080e+01,4.252058325093859992e+01,2.928773019508146724e+00
2.469817807045693669e+01,2.370653918225939449e+01,2.385372088375312671e+01,2.282542442102665348e+01,4.346262762420145975e+01,4.785394445602159408e+01,4.052159917870962147e+01,4.500000000000000000e+01,3.065788816228653957e+00
1.612451549659709826e+01,1.581138830084189628e+01,2.469817807045693669e+01,2.441311123146740414e+01,5.162363799656122865e+01,5.292447448959696743e+01,4.205948168962618183e+01,4.687216658103186262e+01,3.107985296331301939e+00
1.552417469626002422e+01,1.303840481040529831e+01,2.549509756796392423e+01,2.500000000000000000e+01,5.515432893255070468e+01,5.408326913195983821e+01,4.143669871020131978e+01,4.632493928760187885e+01,3.211049500240802157e+00
1.860107523773827509e+01,1.860107523773827509e+01,2.594224354214569317e+01,2.360084744241189370e+01,5.462600113499065202e+01,5.281098370604357228e+01,4.272001872658765365e+01,4.664761515876240594e+01,3.151978518380140315e+00
1.612451549659709826e+01,1.280624847486569706e+01,2.657066051117284644e+01,2.549509756796392423e+01,5.371219600798313820e+01,5.154609587543949090e+01,4.365775990588614519e+01,4.701063709417263681e+01,3.317645240991042410e+00
1.711724276862369010e+01,1.220655561573370207e+01,2.751363298439520833e+01,2.475883680627989492e+01,5.546169849544818931e+01,5.192301994298868095e+01,4.459820624195551630e+01,4.788527957525151635e+01,3.365827404698889413e+00
1.627882059609970611e+01,1.280624847486569706e+01,2.668332812825266842e+01,2.500000000000000000e+01,5.635601121442148553e+01,5.217278984298232558e+01,4.332435804486893716e+01,4.614108798023730884e+01,3.420608345648737725e+00
1.676305461424021104e+01,1.280624847486569706e+01,2.668332812825266842e+01,2.385372088375312671e+01,5.630275304103698630e+01,5.035871324805668792e+01,4.272001872658765365e+01,4.548626166217663780e+01,3.373366941133120633e+00
1.708800749063506075e+01,1.280624847486569706e+01,2.745906043549196340e+01,2.469817807045693669e+01,5.408326913195983821e+01,4.936598018878993344e+01,4.368065933568311010e+01,4.494441010848846219e+01,3.420087969019721896e+00
1.772004514666934938e+01,1.272792206135785520e+01,2.729468812791236232e+01,2.555386467836127551e+01,5.408326913195983821e+01,5.035871324805668792e+01,4.368065933568311010e+01,4.410215414239988974e+01,3.471282865636506010e+00
1.824828759089465890e+01,1.389244398944980396e+01,2.816025568065744622e+01,2.555386467836127551e+01,5.521775076911409030e+01,5.015974481593781320e+01,4.341658669218482203e+01,4.465422712353221613e+01,3.445163392913457301e+00
1.868154169226940553e+01,1.220655561573370207e+01,2.607680962081059661e+01,2.549509756796392423e+01,5.720139858430036384e+01,5.203844732503075221e+01,4.220189569201838253e+01,4.360045871318327926e+01,3.523501882248572414e+00
1.552417469626002422e+01,1.272792206135785520e+01,2.607680962081059661e+01,2.555386467836127551e+01,5.500000000000000000e+01,5.008991914547277702e+01,4.244997055358224713e+01,4.301162633521313694e+01,3.422035078998301838e+00
1.581138830084189628e+01,1.280624847486569706e+01,2.716615541441224835e+01,2.607680962081059661e+01,5.500000000000000000e+01,5.008991914547277702e+01,4.244997055358224713e+01,4.301162633521313694e+01,3.387673609039170142e+00
1.649242250247064234e+01,1.345362404707370985e+01,2.630589287593181069e+01,2.555386467836127551e+01,5.580322571321482172e+01,5.108815909777920439e+01,4.244997055358224713e+01,4.301162633521313694e+01,3.390496285658571196e+00
1.746424919657297892e+01,1.280624847486569706e+01,2.816025568065744622e+01,2.607680962081059661e+01,5.440588203494177577e+01,5.015974481593781320e+01,4.341658669218482203e+01,4.382921400162225467e+01,3.430167836105994184e+00
1.802775637731994607e+01,1.526433752247374720e+01,2.745906043549196340e+01,2.580697580112788003e+01,5.580322571321482172e+01,5.108815909777920439e+01,4.244997055358224713e+01,4.301162633521313694e+01,3.325819779127686004e+00
1.500000000000000000e+01,2.126029162546929996e+01,2.657066051117284644e+01,2.758622844826744469e+01,5.464430436925700008e+01,5.108815909777920439e+01,4.220189569201838253e+01,4.243819034784588951e+01,2.990100761207375335e+00
1.780449381476485726e+01,2.334523505985750447e+01,2.505992817228333536e+01,2.561249694973139412e+01,5.325410782277739230e+01,5.015974481593781320e+01,4.368065933568311010e+01,4.219004621945797595e+01,2.907498122966654996e+00
2.220360331117451835e+01,2.280350850198275836e+01,2.080865204668481283e+01,2.912043955712207222e+01,4.527692569068708650e+01,4.805205510693585325e+01,4.368065933568311010e+01,3.996248240537617136e+01,2.616008860038182782e+00
2.517935662402834396e+01,2.118962010041709121e+01,2.118962010041709121e+01,2.517935662402834396e+01,4.118252056394800320e+01,4.365775990588614519e+01,4.215447781671598193e+01,3.894868418830089496e+01,2.599975850973695213e+00
2.607680962081059661e+01,2.193171219946130890e+01,2.061552812808830382e+01,2.517935662402834396e+01,4.159326868617084472e+01,4.531004303683676682e+01,4.204759208325727826e+01,3.758989225842500304e+01,2.664612501294841174e+00
2.906888370749726747e+01,2.340939982143925135e+01,2.061552812808830382e+01,2.600000000000000000e+01,4.204759208325727826e+01,4.531004303683676682e+01,4.024922359499621649e+01,3.623534186398687496e+01,2.567287823415091541e+00
2.549509756796392423e+01,2.209072203437452231e+01,2.408318915758459156e+01,2.596150997149434048e+01,3.801315561749642313e+01,4.341658669218482203e+01,4.031128874149274566e+01,3.584689665786984136e+01,2.363946272904551726e+00
2.816025568065744622e+01,2.408318915758459156e+01,2.408318915758459156e+01,2.435159132377184221e+01,3.757658845611187104e+01,4.243819034784588951e+01,3.883297567789519888e+01,3.584689665786984136e+01,2.324659206701734870e+00
3.046309242345563462e+01,2.501999200639360765e+01,2.236067977499789805e+01,2.469817807045693669e+01,3.605551275463989214e+01,4.172529209005013229e+01,3.623534186398687496e+01,3.807886552931954327e+01,2.361051440667242485e+00
2.830194339616981125e+01,2.617250465660480074e+01,2.158703314492290204e+01,2.416609194718914466e+01,3.544009029333869876e+01,4.263801121065568367e+01,3.748332962798262713e+01,3.801315561749642313e+01,2.312935032736688878e+00
2.580697580112788003e+01,2.353720459187963954e+01,2.247220505424423109e+01,2.220360331117451835e+01,3.551056180912940619e+01,4.326661530556787483e+01,3.820994634908559817e+01,3.956008088970496317e+01,2.263471154798199159e+00
2.780287754891568852e+01,2.647640458974745314e+01,2.469817807045693669e+01,2.280350850198275836e+01,3.622154055254966920e+01,4.304648650006176780e+01,3.828837943815329226e+01,4.080441152620633005e+01,2.273985106058241890e+00
2.640075756488817049e+01,2.376972864800942631e+01,2.284731931759172596e+01,2.280350850198275836e+01,3.634556369077249371e+01,4.681879964287850271e+01,3.827531841800927737e+01,4.159326868617084472e+01,2.460175296534830469e+00
2.860069929215018192e+01,2.433105012119287736e+01,2.370653918225939449e+01,2.126029162546929996e+01,3.736308338453881106e+01,4.295346318982905842e+01,3.769615364994152884e+01,4.110960958218893069e+01,2.609490299986255479e+00
2.778488797889960793e+01,2.209072203437452231e+01,2.600000000000000000e+01,2.262741699796952233e+01,3.860051813123756403e+01,4.295346318982905842e+01,3.733630940518894192e+01,4.119465984809195902e+01,2.667542298920666966e+00
2.941088233970548416e+01,2.137755832643194864e+01,2.282542442102665348e+01,2.334523505985750447e+01,4.118252056394800320e+01,4.638965401897280572e+01,3.733630940518894192e+01,4.393176527297759293e+01,2.751701105910097311e+00
2.830194339616981125e+01,1.941648783894759944e+01,2.370653918225939449e+01,2.404163056034261459e+01,4.622769732530488085e+01,5.015974481593781320e+01,3.827531841800927737e+01,4.743416490252568707e+01,2.842173411717624720e+00
2.941088233970548416e+01,2.039607805437113797e+01,2.459674775249768786e+01,2.549509756796392423e+01,4.242640687119285303e+01,5.100980297942739838e+01,4.110960958218893069e+01,4.569463863518345192e+01,2.906047672868929954e+00
2.801785145224380003e+01,2.061552812808830382e+01,2.549509756796392423e+01,2.549509756796392423e+01,4.468780594300866227e+01,5.300943312279428454e+01,4.080441152620633005e+01,4.472135954999579610e+01,2.928352742860614644e+00
2.641968962724581260e+01,1.746424919657297892e+01,2.600000000000000000e+01,2.624880949681337583e+01,4.601086828130936368e+01,5.100980297942739838e+01,4.148493702538308270e+01,4.701063709417263681e+01,2.963240171218323837e+00
2.505992817228333536e+01,1.708800749063506075e+01,2.640075756488817049e+01,2.624880949681337583e+01,4.686149805543992386e+01,4.904079934095691584e+01,3.945883931389771959e+01,4.604345773288535071e+01,2.990618487502323841e+00
2.662705391138869615e+01,1.941648783894759944e+01,2.692582403567251959e+01,2.640075756488817049e+01,4.720169488482378739e+01,5.124451190127582834e+01,3.811823710509183627e+01,4.382921400162225467e+01,3.045755844861584016e+00
2.500000000000000000e+01,1.726267650163206824e+01,2.765863337187866122e+01,2.701851217221259205e+01,4.841487374764081864e+01,5.203844732503075221e+01,3.811823710509183627e+01,4.243819034784588951e+01,3.218845776776224632e+00
2.816025568065744622e+01,2.002498439450078749e+01,2.716615541441224835e+01,2.745906043549196340e+01,4.891829923454003648e+01,5.100980297942739838e+01,3.820994634908559817e+01,4.243819034784588951e+01,3.295146432930372349e+00
2.886173937932362321e+01,2.022374841615668473e+01,2.707397274136176790e+01,2.692582403567251959e+01,5.099019513592784847e+01,5.208646657242167066e+01,3.820994634908559817e+01,4.243819034784588951e+01,3.330791675689761533e+00
2.701851217221259205e+01,1.726267650163206824e+01,2.900000000000000000e+01,2.729468812791236232e+01,5.091168824543142080e+01,5.223983154643590865e+01,4.031128874149274566e+01,4.326661530556787483e+01,3.379682072892051359e+00
2.061552812808830382e+01,1.431782106327635340e+01,2.961418578992169515e+01,3.067572330035593353e+01,5.162363799656122865e+01,4.809365862564419558e+01,3.805259518088089266e+01,4.440720662234903671e+01,3.481934782257996019e+00
1.897366596101027625e+01,1.264911064067351809e+01,2.863564212655270680e+01,2.973213749463701205e+01,5.307541803886239506e+01,4.825971404805461873e+01,3.705401462729781059e+01,4.382921400162225467e+01,3.458702870063414814e+00
1.802775637731994607e+01,1.264911064067351809e+01,2.789265136196270589e+01,2.941088233970548416e+01,5.381449618829483938e+01,4.837354648979129479e+01,3.612478373637688378e+01,4.410215414239988974e+01,3.455184467416835048e+00
2.247220505424423109e+01,1.200000000000000000e+01,3.008321791298264714e+01,3.036445290137795183e+01,5.315072906367324634e+01,4.738143096192853676e+01,3.612478373637688378e+01,4.410215414239988974e+01,3.541094371017606157e+00
1.878829422805593552e+01,1.166190378969060149e+01,2.886173937932362321e+01,3.162277660168379256e+01,5.467174773134657784e+01,4.652956049652736681e+01,3.612478373637688378e+01,4.548626166217663780e+01,3.452746302157209790e+00
1.702938636592640265e+01,1.029563014098700080e+01,2.915475947422650194e+01,2.983286778035259701e+01,5.360037313302958495e+01,4.805205510693585325e+01,3.811823710509183627e+01,4.272001872658765365e+01,3.543006193032222750e+00
1.640121946685672683e+01,1.170469991071962568e+01,2.906888370749726747e+01,3.041381265149109936e+01,5.464430436925700008e+01,4.589117562233506220e+01,3.712142238654116966e+01,4.527692569068708650e+01,3.546071045933977040e+00
2.012461179749810825e+01,1.216552506059643868e+01,2.906888370749726747e+01,2.942787793912432193e+01,5.685947590331799972e+01,4.876474136094643796e+01,3.622154055254966920e+01,4.341658669218482203e+01,3.567283817402285173e+00
1.878829422805593552e+01,1.315294643796590535e+01,2.865309756378880479e+01,2.927456233660889495e+01,5.714017850864661341e+01,4.780167361086847677e+01,3.622154055254966920e+01,4.429446918070020445e+01,3.550775883139637656e+00
1.802775637731994607e+01,1.264911064067351809e+01,2.817800560721074277e+01,3.214031735997639316e+01,5.470831746635972337e+01,4.560701700396551672e+01,3.634556369077249371e+01,4.472135954999579610e+01,3.538263249521243381e+00
2.012461179749810825e+01,1.216552506059643868e+01,2.729468812791236232e+01,2.915475947422650194e+01,5.916924876994806226e+01,4.808326112068522917e+01,3.436568055487916240e+01,4.569463863518345192e+01,3.542897654682431785e+00
1.923538406167134340e+01,1.200000000000000000e+01,2.773084924772409465e+01,2.927456233660889495e+01,6.003332407921453751e+01,4.904079934095691584e+01,3.551056180912940619e+01,4.518849411078001310e+01,3.479674102840926153e+00
1.702938636592640265e+01,1.208304597359457233e+01,2.817800560721074277e+01,3.114482300479487265e+01,5.682429058070148642e+01,4.648655719667783615e+01,3.471310991541956525e+01,4.531004303683676682e+01,3.466934777971777848e+00
1.555634918610404505e+01,1.392838827718411920e+01,2.641968962724581260e+01,2.901723625709381693e+01,5.590169943749474157e+01,4.588027898781784586e+01,3.471310991541956525e+01,4.401136216933077350e+01,3.480582879180964984e+00
1.702938636592640265e+01,1.140175425099137918e+01,2.729468812791236232e+01,2.906888370749726747e+01,5.724508712544684386e+01,4.623851208678756564e+01,3.569313659514949677e+01,4.477722635447621968e+01,3.488547953313377192e+00
2.247220505424423109e+01,1.300000000000000000e+01,2.778488797889960793e+01,2.800000000000000000e+01,5.903388857258176614e+01,4.792702786528703740e+01,3.569313659514949677e+01,4.438468204234429493e+01,3.586484088062985798e+00
1.780449381476485726e+01,1.118033988749894903e+01,2.778488797889960793e+01,3.006659275674581622e+01,5.948108943185220454e+01,4.792702786528703740e+01,3.471310991541956525e+01,4.438468204234429493e+01,3.500584876497647713e+00
1.555634918610404505e+01,1.300000000000000000e+01,2.692582403567251959e+01,3.000000000000000000e+01,5.546169849544818931e+01,4.494441010848846219e+01,3.569313659514949677e+01,4.438468204234429493e+01,3.496710513024601230e+00
1.627882059609970611e+01,1.236931687685298087e+01,2.692582403567251959e+01,2.900000000000000000e+01,5.679788728465170777e+01,4.623851208678756564e+01,3.590264614203248072e+01,4.531004303683676682e+01,3.502986204964350314e+00
1.702938636592640265e+01,1.118033988749894903e+01,2.745906043549196340e+01,3.001666203960726875e+01,5.813776741499453493e+01,4.716990566028302112e+01,3.569313659514949677e+01,4.531004303683676682e+01,3.538764154416099039e+00
1.697056274847713908e+01,1.140175425099137918e+01,2.884441020371191300e+01,3.101612483854164637e+01,5.813776741499453493e+01,4.753945729601885262e+01,3.492849839314595783e+01,4.494441010848846219e+01,3.522099030702158018e+00
1.562049935181330795e+01,1.334166406412633421e+01,2.720294101747088789e+01,2.915475947422650194e+01,5.636488268416781011e+01,4.531004303683676682e+01,3.492849839314595783e+01,4.494441010848846219e+01,3.551270182736411041e+00
1.500000000000000000e+01,1.264911064067351809e+01,2.780287754891568852e+01,3.006659275674581622e+01,5.636488268416781011e+01,4.531004303683676682e+01,3.492849839314595783e+01,4.494441010848846219e+01,3.551270182736411041e+00
1.526433752247374720e+01,1.216552506059643868e+01,2.920616373302046753e+01,2.807133769523639799e+01,5.646237685397241535e+01,4.518849411078001310e+01,3.420526275297414287e+01,4.427188724235730888e+01,3.508138898686592455e+00
1.769180601295413169e+01,1.100000000000000000e+01,2.860069929215018192e+01,2.901723625709381693e+01,5.818075283115542362e+01,4.609772228646443892e+01,3.324154027718932269e+01,4.522167621838005402e+01,3.544127645386134340e+00
1.769180601295413169e+01,1.216552506059643868e+01,2.830194339616981125e+01,3.000000000000000000e+01,5.813776741499453493e+01,4.716990566028302112e+01,3.590264614203248072e+01,4.623851208678756564e+01,3.530363305361809090e+00
1.964688270438849926e+01,1.603121954188139853e+01,2.912043955712207222e+01,2.886173937932362321e+01,5.507267925205745485e+01,4.588027898781784586e+01,3.945883931389771959e+01,4.652956049652736681e+01,3.321091291793192735e+00
2.256102834535695578e+01,1.772004514666934938e+01,2.701851217221259205e+01,3.001666203960726875e+01,4.780167361086847677e+01,4.229657196511320194e+01,4.110960958218893069e+01,4.560701700396551672e+01,3.192499937701397172e+00
2.102379604162863913e+01,1.486606874731850603e+01,2.549509756796392423e+01,2.765863337187866122e+01,4.244997055358224713e+01,4.219004621945797595e+01,4.001249804748510996e+01,4.468780594300866227e+01,2.986790218473860836e+00
2.163330765278393741e+01,1.720465053408525335e+01,2.594224354214569317e+01,2.640075756488817049e+01,4.327817001676480402e+01,4.328972164382672361e+01,4.000000000000000000e+01,4.459820624195551630e+01,2.945115367127354666e+00
2.420743687382040932e+01,1.802775637731994607e+01,2.500000000000000000e+01,2.441311123146740414e+01,4.123105625617660763e+01,4.393176527297759293e+01,3.901281840626231912e+01,4.404543109109047805e+01,2.916828965821816944e+00
2.262741699796952233e+01,1.838477631085023489e+01,2.404163056034261459e+01,2.332380757938120297e+01,3.780211634287159939e+01,4.272001872658765365e+01,3.701351104664349378e+01,4.280186911806539030e+01,2.794032614149192018e+00
2.408318915758459156e+01,1.627882059609970611e+01,2.343074902771996193e+01,2.284731931759172596e+01,3.720215047547655018e+01,4.332435804486893716e+01,3.605551275463989214e+01,4.220189569201838253e+01,2.786826068696498293e+00
2.334523505985750447e+01,1.555634918610404505e+01,2.343074902771996193e+01,2.284731931759172596e+01,3.500000000000000000e+01,4.272001872658765365e+01,3.712142238654116966e+01,4.140048308896890461e+01,2.809020643882430779e+00
2.262741699796952233e+01,1.555634918610404505e+01,2.408318915758459156e+01,2.284731931759172596e+01,3.580502757993631491e+01,4.365775990588614519e+01,3.721558813185679071e+01,4.060788100849390503e+01,2.827077862925761575e+00
2.202271554554523902e+01,1.640121946685672683e+01,2.420743687382040932e+01,2.340939982143925135e+01,3.500000000000000000e+01,4.272001872658765365e+01,3.832753579347360073e+01,4.045985664828781836e+01,2.748759984208401619e+00
2.247220505424423109e+01,1.886796226411320632e+01,2.459674775249768786e+01,2.088061301782110135e+01,3.383784863137726262e+01,4.204759208325727826e+01,3.883297567789519888e+01,4.031128874149274566e+01,2.654693421778524076e+00
2.247220505424423109e+01,1.972308292331602075e+01,2.340939982143925135e+01,1.923538406167134340e+01,3.220248437620923454e+01,4.205948168962618183e+01,3.929376540877699853e+01,3.962322551231790158e+01,2.552124166230790525e+00
2.024845673131658685e+01,1.746424919657297892e+01,2.247220505424423109e+01,2.009975124224177989e+01,3.140063693621516450e+01,4.104875150354758517e+01,3.956008088970496317e+01,4.244997055358224713e+01,2.536932105147895022e+00
1.897366596101027625e+01,1.649242250247064234e+01,2.213594362117865444e+01,2.102379604162863913e+01,3.023243291566194912e+01,4.060788100849390503e+01,3.956008088970496317e+01,4.384062043356594529e+01,2.506221446976452771e+00
1.772004514666934938e+01,1.627882059609970611e+01,2.280350850198275836e+01,2.002498439450078749e+01,2.915475947422650194e+01,4.036087214122112954e+01,3.984971769034255118e+01,4.459820624195551630e+01,2.457501334524858638e+00
1.992485884517127559e+01,1.581138830084189628e+01,2.376972864800942631e+01,2.009975124224177989e+01,3.001666203960726875e+01,4.177319714841084419e+01,3.921734310225515685e+01,4.386342439892261780e+01,2.512680621968657935e+00
1.931320791582796659e+01,1.581138830084189628e+01,2.404163056034261459e+01,2.002498439450078749e+01,3.001666203960726875e+01,4.177319714841084419e+01,3.921734310225515685e+01,4.386342439892261780e+01,2.540544088960673186e+00
1.931320791582796659e+01,1.486606874731850603e+01,2.308679276123039159e+01,2.002498439450078749e+01,2.865309756378880479e+01,4.244997055358224713e+01,4.016217125604640614e+01,4.386342439892261780e+01,2.585301470327419082e+00
1.931320791582796659e+01,1.456021977856103611e+01,2.308679276123039159e+01,2.102379604162863913e+01,2.865309756378880479e+01,4.244997055358224713e+01,4.016217125604640614e+01,4.386342439892261780e+01,2.585301470327419082e+00
1.931320791582796659e+01,1.456021977856103611e+01,2.308679276123039159e+01,2.102379604162863913e+01,2.952964612046680060e+01,4.177319714841084419e+01,3.956008088970496317e+01,4.252058325093859992e+01,2.601173153319209064e+00
2.024845673131658685e+01,1.486606874731850603e+01,2.404163056034261459e+01,2.109502310972898798e+01,3.001666203960726875e+01,4.110960958218893069e+01,3.956008088970496317e+01,4.252058325093859992e+01,2.574065988069456523e+00
2.158703314492290204e+01,1.746424919657297892e+01,2.404163056034261459e+01,2.109502310972898798e+01,3.001666203960726875e+01,4.110960958218893069e+01,3.956008088970496317e+01,4.252058325093859992e+01,2.554383490764376319e+00
2.088061301782110135e+01,1.708800749063506075e+01,2.404163056034261459e+01,2.102379604162863913e+01,3.001666203960726875e+01,4.110960958218893069e+01,3.956008088970496317e+01,4.252058325093859992e+01,2.563799408341187913e+00
2.088061301782110135e+01,1.708800749063506075e+01,2.404163056034261459e+01,2.102379604162863913e+01,3.001666203960726875e+01,4.110960958218893069e+01,3.956008088970496317e+01,4.252058325093859992e+01,2.563799408341187913e+00
2.088061301782110135e+01,1.615549442140351033e+01,2.404163056034261459e+01,2.109502310972898798e+01,3.001666203960726875e+01,4.110960958218893069e+01,3.956008088970496317e+01,4.252058325093859992e+01,2.563799408341187913e+00
2.024845673131658685e+01,1.615549442140351033e+01,2.435159132377184221e+01,2.102379604162863913e+01,3.001666203960726875e+01,4.110960958218893069e+01,3.956008088970496317e+01,4.252058325093859992e+01,2.590765896811906721e+00
2.118962010041709121e+01,1.615549442140351033e+01,2.404163056034261459e+01,2.102379604162863913e+01,3.001666203960726875e+01,4.110960958218893069e+01,3.956008088970496317e+01,4.252058325093859992e+01,2.590765896811906721e+00
2.088061301782110135e+01,1.615549442140351033e+01,2.404163056034261459e+01,2.109502310972898798e+01,3.001666203960726875e+01,4.177319714841084419e+01,3.956008088970496317e+01,4.318564576337836769e+01,2.563799408341187913e+00
2.088061301782110135e+01,1.615549442140351033e+01,2.404163056034261459e+01,2.109502310972898798e+01,3.001666203960726875e+01,4.177319714841084419e+01,3.956008088970496317e+01,4.318564576337836769e+01,2.563799408341187913e+00
2.088061301782110135e+01,1.615549442140351033e+01,2.404163056034261459e+01,2.109502310972898798e+01,2.915475947422650194e+01,4.177319714841084419e+01,4.049691346263317371e+01,4.318564576337836769e+01,2.563799408341187913e+00
2.024845673131658685e+01,1.615549442140351033e+01,2.340939982143925135e+01,2.100000000000000000e+01,2.865309756378880479e+01,4.244997055358224713e+01,4.049691346263317371e+01,4.318564576337836769e+01,2.634494149197456281e+00
2.024845673131658685e+01,1.523154621172781731e+01,2.340939982143925135e+01,2.102379604162863913e+01,2.952964612046680060e+01,4.177319714841084419e+01,3.956008088970496317e+01,4.252058325093859992e+01,2.634494149197456281e+00
2.024845673131658685e+01,1.523154621172781731e+01,2.340939982143925135e+01,2.102379604162863913e+01,2.952964612046680060e+01,4.177319714841084419e+01,3.956008088970496317e+01,4.252058325093859992e+01,2.634494149197456281e+00
2.024845673131658685e+01,1.615549442140351033e+01,2.340939982143925135e+01,2.100000000000000000e+01,2.952964612046680060e+01,4.177319714841084419e+01,3.956008088970496317e+01,4.252058325093859992e+01,2.634494149197456281e+00
2.024845673131658685e+01,1.615549442140351033e+01,2.340939982143925135e+01,2.100000000000000000e+01,2.952964612046680060e+01,4.177319714841084419e+01,3.956008088970496317e+01,4.252058325093859992e+01,2.634494149197456281e+00
2.024845673131658685e+01,1.615549442140351033e+01,2.340939982143925135e+01,2.100000000000000000e+01,2.952964612046680060e+01,4.177319714841084419e+01,3.956008088970496317e+01,4.252058325093859992e+01,2.634494149197456281e+00
2.024845673131658685e+01,1.615549442140351033e+01,2.340939982143925135e+01,2.100000000000000000e+01,2.952964612046680060e+01,4.177319714841084419e+01,3.956008088970496317e+01,4.252058325093859992e+01,2.634494149197456281e+00
2.024845673131658685e+01,1.615549442140351033e+01,2.340939982143925135e+01,2.100000000000000000e+01,2.952964612046680060e+01,4.177319714841084419e+01,3.956008088970496317e+01,4.252058325093859992e+01,2.634494149197456281e+00
2.024845673131658685e+01,1.615549442140351033e+01,2.435159132377184221e+01,2.102379604162863913e+01,3.001666203960726875e+01,4.186884283091664116e+01,3.956008088970496317e+01,4.177319714841084419e+01,2.590765896811906721e+00
2.024845673131658685e+01,1.615549442140351033e+01,2.435159132377184221e+01,2.102379604162863913e+01,3.001666203960726875e+01,4.110960958218893069e+01,3.956008088970496317e+01,4.252058325093859992e+01,2.590765896811906721e+00
1.964688270438849926e+01,1.708800749063506075e+01,2.340939982143925135e+01,2.102379604162863913e+01,3.001666203960726875e+01,4.186884283091664116e+01,3.956008088970496317e+01,4.177319714841084419e+01,2.563799408341187913e+00
1.992485884517127559e+01,1.615549442140351033e+01,2.340939982143925135e+01,2.102379604162863913e+01,2.915475947422650194e+01,4.110960958218893069e+01,4.049691346263317371e+01,4.252058325093859992e+01,2.590765896811906721e+00
1.992485884517127559e+01,1.615549442140351033e+01,2.340939982143925135e+01,2.102379604162863913e+01,2.915475947422650194e+01,4.110960958218893069e+01,4.049691346263317371e+01,4.252058325093859992e+01,2.590765896811906721e+00
2.118962010041709121e+01,1.615549442140351033e+01,2.404163056034261459e+01,2.102379604162863913e+01,3.001666203960726875e+01,4.110960958218893069e+01,3.956008088970496317e+01,4.252058325093859992e+01,2.590765896811906721e+00
1.992485884517127559e+01,1.615549442140351033e+01,2.340939982143925135e+01,2.102379604162863913e+01,3.001666203960726875e+01,4.110960958218893069e+01,3.956008088970496317e+01,4.252058325093859992e+01,2.590765896811906721e+00
2.024845673131658685e+01,1.615549442140351033e+01,2.435159132377184221e+01,2.102379604162863913e+01,3.001666203960726875e+01,4.110960958218893069e+01,3.956008088970496317e+01,4.252058325093859992e+01,2.590765896811906721e+00
2.024845673131658685e+01,1.615549442140351033e+01,2.435159132377184221e+01,2.102379604162863913e+01,3.001666203960726875e+01,4.110960958218893069e+01,3.956008088970496317e+01,4.252058325093859992e+01,2.590765896811906721e+00
1.992485884517127559e+01,1.615549442140351033e+01,2.340939982143925135e+01,2.102379604162863913e+01,3.001666203960726875e+01,4.110960958218893069e+01,3.956008088970496317e+01,4.252058325093859992e+01,2.590765896811906721e+00
2.024845673131658685e+01,1.615549442140351033e+01,2.435159132377184221e+01,2.102379604162863913e+01,3.001666203960726875e+01,4.110960958218893069e+01,3.956008088970496317e+01,4.252058325093859992e+01,2.590765896811906721e+00
1.992485884517127559e+01,1.615549442140351033e+01,2.340939982143925135e+01,2.102379604162863913e+01,3.001666203960726875e+01,4.110960958218893069e+01,3.956008088970496317e+01,4.252058325093859992e+01,2.590765896811906721e+00
1.992485884517127559e+01,1.615549442140351033e+01,2.340939982143925135e+01,2.102379604162863913e+01,3.001666203960726875e+01,4.110960958218893069e+01,3.956008088970496317e+01,4.252058325093859992e+01,2.590765896811906721e+00
1.992485884517127559e+01,1.615549442140351033e+01,2.340939982143925135e+01,2.102379604162863913e+01,3.001666203960726875e+01,4.110960958218893069e+01,3.956008088970496317e+01,4.252058325093859992e+01,2.590765896811906721e+00
2.102379604162863913e+01,1.431782106327635340e+01,2.404163056034261459e+01,2.002498439450078749e+01,3.088689042296100240e+01,4.186884283091664116e+01,3.956008088970496317e+01,4.252058325093859992e+01,2.632027556049735484e+00
2.024845673131658685e+01,1.523154621172781731e+01,2.340939982143925135e+01,2.102379604162863913e+01,3.001666203960726875e+01,4.110960958218893069e+01,3.956008088970496317e+01,4.252058325093859992e+01,2.618622466205666299e+00
2.024845673131658685e+01,1.523154621172781731e+01,2.340939982143925135e+01,2.102379604162863913e+01,3.001666203960726875e+01,4.110960958218893069e+01,3.956008088970496317e+01,4.252058325093859992e+01,2.618622466205666299e+00
2.024845673131658685e+01,1.523154621172781731e+01,2.340939982143925135e+01,2.102379604162863913e+01,3.001666203960726875e+01,4.186884283091664116e+01,3.956008088970496317e+01,4.177319714841084419e+01,2.618622466205666299e+00
2.024845673131658685e+01,1.615549442140351033e+01,2.340939982143925135e+01,2.100000000000000000e+01,2.915475947422650194e+01,4.110960958218893069e+01,4.049691346263317371e+01,4.252058325093859992e+01,2.618622466205666299e+00
2.024845673131658685e+01,1.523154621172781731e+01,2.340939982143925135e+01,2.102379604162863913e+01,3.001666203960726875e+01,4.110960958218893069e+01,3.956008088970496317e+01,4.252058325093859992e+01,2.618622466205666299e+00
2.024845673131658685e+01,1.615549442140351033e+01,2.340939982143925135e+01,2.100000000000000000e+01,2.915475947422650194e+01,4.110960958218893069e+01,4.049691346263317371e+01,4.252058325093859992e+01,2.618622466205666299e+00
2.024845673131658685e+01,1.523154621172781731e+01,2.340939982143925135e+01,2.102379604162863913e+01,3.001666203960726875e+01,4.186884283091664116e+01,3.956008088970496317e+01,4.177319714841084419e+01,2.618622466205666299e+00
2.024845673131658685e+01,1.523154621172781731e+01,2.340939982143925135e+01,2.102379604162863913e+01,3.001666203960726875e+01,4.186884283091664116e+01,3.956008088970496317e+01,4.177319714841084419e+01,2.618622466205666299e+00
2.024845673131658685e+01,1.615549442140351033e+01,2.340939982143925135e+01,2.100000000000000000e+01,2.915475947422650194e+01,4.110960958218893069e+01,4.049691346263317371e+01,4.252058325093859992e+01,2.618622466205666299e+00
2.061552812808830382e+01,1.615549442140351033e+01,2.435159132377184221e+01,2.100000000000000000e+01,3.001666203960726875e+01,4.186884283091664116e+01,3.956008088970496317e+01,4.177319714841084419e+01,2.618622466205666299e+00
2.024845673131658685e+01,1.655294535724684835e+01,2.340939982143925135e+01,2.000000000000000000e+01,2.915475947422650194e+01,4.110960958218893069e+01,4.049691346263317371e+01,4.252058325093859992e+01,2.618622466205666299e+00
2.024845673131658685e+01,1.655294535724684835e+01,2.340939982143925135e+01,2.000000000000000000e+01,2.915475947422650194e+01,4.110960958218893069e+01,4.049691346263317371e+01,4.252058325093859992e+01,2.618622466205666299e+00
2.061552812808830382e+01,1.565247584249852864e+01,2.435159132377184221e+01,2.002498439450078749e+01,2.915475947422650194e+01,4.186884283091664116e+01,4.049691346263317371e+01,4.177319714841084419e+01,2.618622466205666299e+00
2.024845673131658685e+01,1.655294535724684835e+01,2.340939982143925135e+01,2.000000000000000000e+01,2.865309756378880479e+01,4.177319714841084419e+01,4.049691346263317371e+01,4.252058325093859992e+01,2.634494149197456281e+00
2.061552812808830382e+01,1.523154621172781731e+01,2.435159132377184221e+01,2.102379604162863913e+01,2.915475947422650194e+01,4.110960958218893069e+01,4.049691346263317371e+01,4.252058325093859992e+01,2.618622466205666299e+00
2.024845673131658685e+01,1.565247584249852864e+01,2.340939982143925135e+01,2.002498439450078749e+01,2.915475947422650194e+01,4.110960958218893069e+01,4.049691346263317371e+01,4.252058325093859992e+01,2.618622466205666299e+00
2.061552812808830382e+01,1.523154621172781731e+01,2.435159132377184221e+01,2.102379604162863913e+01,2.915475947422650194e+01,4.110960958218893069e+01,4.049691346263317371e+01,4.252058325093859992e+01,2.618622466205666299e+00
2.024845673131658685e+01,1.523154621172781731e+01,2.340939982143925135e+01,2.102379604162863913e+01,2.915475947422650194e+01,4.110960958218893069e+01,4.049691346263317371e+01,4.252058325093859992e+01,2.618622466205666299e+00
2.061552812808830382e+01,1.523154621172781731e+01,2.435159132377184221e+01,2.102379604162863913e+01,2.915475947422650194e+01,4.110960958218893069e+01,4.049691346263317371e+01,4.252058325093859992e+01,2.618622466205666299e+00
2.061552812808830382e+01,1.523154621172781731e+01,2.435159132377184221e+01,2.102379604162863913e+01,2.915475947422650194e+01,4.110960958218893069e+01,4.049691346263317371e+01,4.252058325093859992e+01,2.618622466205666299e+00
2.024845673131658685e+01,1.523154621172781731e+01,2.308679276123039159e+01,2.002498439450078749e+01,3.001666203960726875e+01,4.186884283091664116e+01,4.049691346263317371e+01,4.252058325093859992e+01,2.602690602837340883e+00
2.024845673131658685e+01,1.615549442140351033e+01,2.308679276123039159e+01,2.000000000000000000e+01,3.001666203960726875e+01,4.186884283091664116e+01,4.049691346263317371e+01,4.252058325093859992e+01,2.602690602837340883e+00
1.969771560359220786e+01,1.615549442140351033e+01,2.435159132377184221e+01,2.000000000000000000e+01,3.001666203960726875e+01,4.186884283091664116e+01,4.049691346263317371e+01,4.252058325093859992e+01,2.602690602837340883e+00
2.024845673131658685e+01,1.615549442140351033e+01,2.308679276123039159e+01,2.000000000000000000e+01,3.001666203960726875e+01,4.186884283091664116e+01,4.049691346263317371e+01,4.252058325093859992e+01,2.602690602837340883e+00
2.061552812808830382e+01,1.523154621172781731e+01,2.435159132377184221e+01,2.102379604162863913e+01,2.915475947422650194e+01,4.110960958218893069e+01,4.049691346263317371e+01,4.252058325093859992e+01,2.618622466205666299e+00
2.061552812808830382e+01,1.523154621172781731e+01,2.404163056034261459e+01,2.002498439450078749e+01,3.001666203960726875e+01,4.186884283091664116e+01,4.049691346263317371e+01,4.252058325093859992e+01,2.602690602837340883e+00
2.061552812808830382e+01,1.523154621172781731e+01,2.404163056034261459e+01,2.002498439450078749e+01,3.001666203960726875e+01,4.186884283091664116e+01,4.049691346263317371e+01,4.252058325093859992e+01,2.602690602837340883e+00
2.061552812808830382e+01,1.523154621172781731e+01,2.340939982143925135e+01,2.100000000000000000e+01,2.865309756378880479e+01,4.177319714841084419e+01,4.049691346263317371e+01,4.252058325093859992e+01,2.663240222211135766e+00
2.061552812808830382e+01,1.523154621172781731e+01,2.435159132377184221e+01,2.102379604162863913e+01,3.001666203960726875e+01,4.110960958218893069e+01,3.956008088970496317e+01,4.252058325093859992e+01,2.618622466205666299e+00
2.061552812808830382e+01,1.523154621172781731e+01,2.308679276123039159e+01,2.000000000000000000e+01,3.041381265149109936e+01,4.252058325093859992e+01,3.956008088970496317e+01,4.252058325093859992e+01,2.647651284670212046e+00
2.061552812808830382e+01,1.523154621172781731e+01,2.308679276123039159e+01,2.000000000000000000e+01,3.041381265149109936e+01,4.252058325093859992e+01,3.956008088970496317e+01,4.252058325093859992e+01,2.647651284670212046e+00
2.061552812808830382e+01,1.523154621172781731e+01,2.308679276123039159e+01,2.000000000000000000e+01,2.996664812754339380e+01,4.327817001676480402e+01,3.921734310225515685e+01,4.177319714841084419e+01,2.647651284670212046e+00
2.061552812808830382e+01,1.523154621172781731e+01,2.308679276123039159e+01,2.000000000000000000e+01,2.952964612046680060e+01,4.252058325093859992e+01,4.049691346263317371e+01,4.252058325093859992e+01,2.647651284670212046e+00
2.061552812808830382e+01,1.523154621172781731e+01,2.308679276123039159e+01,2.000000000000000000e+01,2.906888370749726747e+01,4.252058325093859992e+01,4.016217125604640614e+01,4.252058325093859992e+01,2.647651284670212046e+00
2.061552812808830382e+01,1.523154621172781731e+01,2.308679276123039159e+01,2.000000000000000000e+01,2.952964612046680060e+01,4.252058325093859992e+01,4.049691346263317371e+01,4.252058325093859992e+01,2.647651284670212046e+00
2.061552812808830382e+01,1.523154621172781731e+01,2.308679276123039159e+01,2.000000000000000000e+01,2.952964612046680060e+01,4.252058325093859992e+01,4.049691346263317371e+01,4.252058325093859992e+01,2.647651284670212046e+00
2.061552812808830382e+01,1.523154621172781731e+01,2.308679276123039159e+01,2.000000000000000000e+01,2.996664812754339380e+01,4.327817001676480402e+01,3.921734310225515685e+01,4.177319714841084419e+01,2.647651284670212046e+00
2.061552812808830382e+01,1.523154621172781731e+01,2.308679276123039159e+01,2.000000000000000000e+01,2.952964612046680060e+01,4.252058325093859992e+01,4.049691346263317371e+01,4.252058325093859992e+01,2.647651284670212046e+00
2.061552812808830382e+01,1.523154621172781731e+01,2.404163056034261459e+01,2.002498439450078749e+01,3.001666203960726875e+01,4.186884283091664116e+01,4.049691346263317371e+01,4.252058325093859992e+01,2.602690602837340883e+00
2.061552812808830382e+01,1.523154621172781731e+01,2.404163056034261459e+01,2.002498439450078749e+01,3.001666203960726875e+01,4.263801121065568367e+01,4.049691346263317371e+01,4.177319714841084419e+01,2.602690602837340883e+00
2.061552812808830382e+01,1.523154621172781731e+01,2.404163056034261459e+01,2.002498439450078749e+01,3.001666203960726875e+01,4.263801121065568367e+01,4.049691346263317371e+01,4.177319714841084419e+01,2.602690602837340883e+00
2.024845673131658685e+01,1.615549442140351033e+01,2.404163056034261459e+01,2.002498439450078749e+01,3.001666203960726875e+01,4.186884283091664116e+01,4.049691346263317371e+01,4.252058325093859992e+01,2.574313942440769942e+00
2.024845673131658685e+01,1.615549442140351033e+01,2.404163056034261459e+01,2.002498439450078749e+01,3.001666203960726875e+01,4.263801121065568367e+01,4.049691346263317371e+01,4.177319714841084419e+01,2.574313942440769942e+00
2.088061301782110135e+01,1.746424919657297892e+01,2.404163056034261459e+01,2.002498439450078749e+01,3.001666203960726875e+01,4.263801121065568367e+01,4.049691346263317371e+01,4.177319714841084419e+01,2.564047362712501332e+00
2.236067977499789805e+01,2.012461179749810825e+01,2.404163056034261459e+01,2.002498439450078749e+01,2.915475947422650194e+01,4.110960958218893069e+01,4.049691346263317371e+01,4.252058325093859992e+01,2.545718196390322152e+00
2.012461179749810825e+01,1.655294535724684835e+01,2.340939982143925135e+01,1.910497317454279909e+01,2.884441020371191300e+01,4.186884283091664116e+01,4.085339643163099055e+01,4.103656905736638549e+01,2.661817410745350720e+00
1.910497317454279909e+01,1.118033988749894903e+01,2.325940669922601600e+01,1.824828759089465890e+01,2.860069929215018192e+01,4.036087214122112954e+01,4.071854614300466579e+01,4.036087214122112954e+01,2.846151816446073290e+00
1.843908891458577415e+01,1.118033988749894903e+01,2.418677324489564739e+01,1.923538406167134340e+01,2.920616373302046753e+01,3.894868418830089496e+01,4.071854614300466579e+01,4.110960958218893069e+01,2.841133420667524501e+00
2.420743687382040932e+01,1.303840481040529831e+01,2.302172886644267535e+01,1.838477631085023489e+01,3.080584360149872580e+01,4.045985664828781836e+01,4.114608122288196768e+01,4.045985664828781836e+01,3.141592653589793116e+00
2.500000000000000000e+01,1.523154621172781731e+01,2.121320343559642652e+01,1.941648783894759944e+01,3.140063693621516450e+01,3.982461550347975532e+01,4.114608122288196768e+01,4.045985664828781836e+01,3.290613697160783779e+00
2.594224354214569317e+01,1.456021977856103611e+01,2.126029162546929996e+01,1.910497317454279909e+01,3.201562118716424266e+01,3.982461550347975532e+01,4.159326868617084472e+01,4.045985664828781836e+01,3.436463300351698003e+00
2.668332812825266842e+01,1.403566884761819900e+01,2.385372088375312671e+01,1.843908891458577415e+01,3.124099870362661591e+01,3.894868418830089496e+01,4.031128874149274566e+01,3.969886648255841521e+01,3.605240262590599265e+00
2.828427124746190202e+01,1.431782106327635340e+01,2.376972864800942631e+01,2.000000000000000000e+01,3.114482300479487265e+01,3.679673898594819548e+01,4.118252056394800320e+01,4.123105625617660763e+01,3.755724511254717957e+00
2.901723625709381693e+01,1.456021977856103611e+01,2.340939982143925135e+01,1.923538406167134340e+01,3.182766092567909766e+01,3.679673898594819548e+01,4.167733196834941367e+01,4.123105625617660763e+01,3.864620007759259845e+00
2.828427124746190202e+01,1.523154621172781731e+01,2.549509756796392423e+01,1.838477631085023489e+01,3.255764119219941222e+01,3.538361202590826338e+01,3.894868418830089496e+01,4.186884283091664116e+01,3.920736011926388542e+00
3.067572330035593353e+01,1.414213562373095101e+01,2.601922366251537611e+01,2.088061301782110135e+01,3.252691193458118590e+01,3.420526275297414287e+01,3.894868418830089496e+01,3.905124837953326988e+01,4.152371071492505727e+00
3.401470270338990076e+01,1.886796226411320632e+01,2.816025568065744622e+01,1.843908891458577415e+01,3.264965543462901820e+01,3.023243291566194912e+01,3.847076812334268681e+01,3.841874542459709119e+01,4.195189809407031234e+00
3.361547262794321966e+01,2.163330765278393741e+01,2.751363298439520833e+01,2.202271554554523902e+01,3.312099032335839155e+01,3.008321791298264714e+01,4.237924020083418242e+01,3.820994634908559817e+01,4.136443578899146267e+00
3.716180835212409050e+01,2.692582403567251959e+01,2.823118842698620767e+01,2.002498439450078749e+01,3.310589071449369669e+01,2.941088233970548416e+01,4.341658669218482203e+01,3.959797974644666141e+01,4.145547774508440142e+00
3.848376280978771291e+01,2.785677655436823841e+01,2.915475947422650194e+01,2.002498439450078749e+01,3.269556544854363267e+01,2.912043955712207222e+01,4.295346318982905842e+01,3.962322551231790158e+01,4.112931553635079673e+00
3.794733192202055250e+01,3.041381265149109936e+01,2.915475947422650194e+01,2.002498439450078749e+01,3.361547262794321966e+01,2.844292530665578411e+01,4.130375285612676350e+01,4.045985664828781836e+01,3.954734892450226802e+00
3.546829570193639825e+01,2.906888370749726747e+01,2.863564212655270680e+01,1.900000000000000000e+01,3.324154027718932269e+01,2.844292530665578411e+01,4.031128874149274566e+01,3.920459156782531807e+01,3.967509169465588403e+00
3.453983207834108526e+01,2.817800560721074277e+01,2.817800560721074277e+01,2.002498439450078749e+01,3.231098884280702066e+01,2.844292530665578411e+01,4.011234224026316042e+01,4.000000000000000000e+01,3.972872990089762801e+00
3.492849839314595783e+01,2.683281572999747766e+01,2.773084924772409465e+01,2.002498439450078749e+01,3.324154027718932269e+01,2.927456233660889495e+01,4.031128874149274566e+01,3.780211634287159939e+01,4.003762708257019298e+00
3.401470270338990076e+01,2.683281572999747766e+01,2.773084924772409465e+01,1.902629759044044633e+01,3.195309061734091571e+01,2.927456233660889495e+01,4.119465984809195902e+01,3.780211634287159939e+01,3.998298281772531659e+00
3.310589071449369669e+01,2.683281572999747766e+01,2.817800560721074277e+01,1.902629759044044633e+01,3.195309061734091571e+01,2.927456233660889495e+01,4.019950248448355978e+01,3.720215047547655018e+01,3.990485940712430679e+00
3.401470270338990076e+01,2.683281572999747766e+01,2.729468812791236232e+01,2.009975124224177989e+01,3.231098884280702066e+01,3.041381265149109936e+01,4.031128874149274566e+01,3.720215047547655018e+01,4.040767404168267518e+00
3.401470270338990076e+01,2.683281572999747766e+01,2.729468812791236232e+01,2.009975124224177989e+01,3.138470965295043058e+01,3.041381265149109936e+01,4.019950248448355978e+01,3.720215047547655018e+01,4.040767404168267518e+00
3.310589071449369669e+01,2.683281572999747766e+01,2.729468812791236232e+01,1.910497317454279909e+01,3.231098884280702066e+01,3.026549190084311292e+01,4.019950248448355978e+01,3.720215047547655018e+01,4.020244732092021600e+00
3.310589071449369669e+01,2.683281572999747766e+01,2.729468812791236232e+01,1.910497317454279909e+01,3.231098884280702066e+01,3.026549190084311292e+01,4.019950248448355978e+01,3.720215047547655018e+01,4.020244732092021600e+00
3.310589071449369669e+01,2.683281572999747766e+01,2.778488797889960793e+01,2.009975124224177989e+01,3.138470965295043058e+01,3.041381265149109936e+01,4.019950248448355978e+01,3.720215047547655018e+01,4.040767404168267518e+00
3.401470270338990076e+01,2.683281572999747766e+01,2.683281572999747766e+01,1.910497317454279909e+01,3.324154027718932269e+01,3.026549190084311292e+01,4.031128874149274566e+01,3.720215047547655018e+01,4.020244732092021600e+00
3.220248437620923454e+01,2.594224354214569317e+01,2.778488797889960793e+01,2.009975124224177989e+01,3.138470965295043058e+01,3.041381265149109936e+01,4.019950248448355978e+01,3.720215047547655018e+01,4.035747366017037763e+00
3.220248437620923454e+01,2.505992817228333536e+01,2.865309756378880479e+01,2.102379604162863913e+01,3.101612483854164637e+01,2.942787793912432193e+01,4.019950248448355978e+01,3.720215047547655018e+01,4.006172134796631923e+00
3.310589071449369669e+01,2.594224354214569317e+01,2.817800560721074277e+01,2.002498439450078749e+01,3.195309061734091571e+01,2.942787793912432193e+01,4.031128874149274566e+01,3.720215047547655018e+01,4.006172134796631923e+00
3.310589071449369669e+01,2.594224354214569317e+01,2.817800560721074277e+01,2.002498439450078749e+01,3.195309061734091571e+01,2.942787793912432193e+01,4.031128874149274566e+01,3.720215047547655018e+01,4.006172134796631923e+00
3.310589071449369669e+01,2.641968962724581260e+01,2.817800560721074277e+01,2.009975124224177989e+01,3.195309061734091571e+01,2.942787793912432193e+01,4.031128874149274566e+01,3.720215047547655018e+01,4.006172134796631923e+00
3.220248437620923454e+01,2.594224354214569317e+01,2.865309756378880479e+01,2.002498439450078749e+01,3.195309061734091571e+01,2.942787793912432193e+01,4.031128874149274566e+01,3.720215047547655018e+01,4.006172134796631923e+00
3.220248437620923454e+01,2.594224354214569317e+01,2.865309756378880479e+01,2.002498439450078749e+01,3.195309061734091571e+01,2.942787793912432193e+01,4.031128874149274566e+01,3.720215047547655018e+01,4.006172134796631923e+00
3.220248437620923454e+01,2.641968962724581260e+01,2.865309756378880479e+01,2.009975124224177989e+01,3.195309061734091571e+01,2.942787793912432193e+01,4.031128874149274566e+01,3.720215047547655018e+01,4.006172134796631923e+00
3.220248437620923454e+01,2.594224354214569317e+01,2.865309756378880479e+01,2.002498439450078749e+01,3.162277660168379256e+01,2.942787793912432193e+01,4.130375285612676350e+01,3.720215047547655018e+01,4.006172134796631923e+00
3.220248437620923454e+01,2.594224354214569317e+01,2.865309756378880479e+01,2.002498439450078749e+01,3.195309061734091571e+01,2.942787793912432193e+01,4.031128874149274566e+01,3.720215047547655018e+01,4.006172134796631923e+00
3.269556544854363267e+01,2.641968962724581260e+01,2.817800560721074277e+01,2.002498439450078749e+01,3.195309061734091571e+01,2.942787793912432193e+01,4.031128874149274566e+01,3.720215047547655018e+01,3.984469333876797137e+00
3.383784863137726262e+01,2.778488797889960793e+01,2.817800560721074277e+01,2.100000000000000000e+01,3.162277660168379256e+01,2.942787793912432193e+01,4.119465984809195902e+01,3.801315561749642313e+01,3.939309984057542735e+00
3.478505426185217431e+01,2.865309756378880479e+01,2.817800560721074277e+01,2.100000000000000000e+01,3.162277660168379256e+01,2.942787793912432193e+01,4.119465984809195902e+01,3.801315561749642313e+01,3.945488193180062275e+00
3.492849839314595783e+01,3.000000000000000000e+01,2.823118842698620767e+01,2.100000000000000000e+01,3.257299494980465937e+01,2.961418578992169515e+01,4.130375285612676350e+01,3.883297567789519888e+01,3.860422653211417643e+00
3.622154055254966920e+01,2.973213749463701205e+01,2.668332812825266842e+01,2.009975124224177989e+01,3.228002478313794654e+01,2.844292530665578411e+01,4.110960958218893069e+01,3.966106403010387993e+01,3.719387363445437522e+00
3.601388621073821383e+01,3.252691193458118590e+01,2.668332812825266842e+01,1.910497317454279909e+01,3.257299494980465937e+01,2.942787793912432193e+01,4.104875150354758517e+01,4.049691346263317371e+01,3.658446285153102551e+00
3.505709628591620941e+01,3.114482300479487265e+01,2.624880949681337583e+01,2.009975124224177989e+01,3.453983207834108526e+01,3.125699921617556853e+01,4.004996878900157498e+01,4.049691346263317371e+01,3.706152565079647410e+00
3.405877273185280529e+01,2.920616373302046753e+01,2.570992026436488231e+01,2.236067977499789805e+01,3.605551275463989214e+01,3.101612483854164637e+01,4.200000000000000000e+01,4.188078318274384770e+01,3.556717751417103557e+00
2.900000000000000000e+01,2.469817807045693669e+01,2.549509756796392423e+01,2.137755832643194864e+01,3.956008088970496317e+01,3.306055050963308162e+01,4.301162633521313694e+01,4.326661530556787483e+01,3.490363657173700229e+00
2.500000000000000000e+01,1.749285568453590045e+01,2.720294101747088789e+01,2.334523505985750447e+01,4.123105625617660763e+01,3.423448553724738019e+01,4.304648650006176780e+01,4.382921400162225467e+01,3.580793194801167090e+00
2.745906043549196340e+01,2.024845673131658685e+01,2.657066051117284644e+01,2.517935662402834396e+01,4.123105625617660763e+01,3.535533905932737753e+01,4.318564576337836769e+01,4.410215414239988974e+01,3.586646125067606050e+00
3.101612483854164637e+01,2.561249694973139412e+01,2.692582403567251959e+01,2.256102834535695578e+01,4.123105625617660763e+01,3.551056180912940619e+01,4.428317965096906050e+01,4.465422712353221613e+01,3.508659574414214610e+00
3.200000000000000000e+01,2.580697580112788003e+01,2.570992026436488231e+01,2.334523505985750447e+01,4.204759208325727826e+01,3.649657518178931781e+01,4.318564576337836769e+01,4.382921400162225467e+01,3.527501105929867098e+00
3.100000000000000000e+01,2.580697580112788003e+01,2.570992026436488231e+01,2.236067977499789805e+01,4.204759208325727826e+01,3.667424164178449786e+01,4.318564576337836769e+01,4.301162633521313694e+01,3.515192520269318610e+00
3.400000000000000000e+01,2.765863337187866122e+01,2.570992026436488231e+01,2.236067977499789805e+01,4.071854614300466579e+01,3.452535300326413648e+01,4.318564576337836769e+01,4.360045871318327926e+01,3.554337180199389934e+00
3.301514803843835466e+01,2.690724809414741969e+01,2.596150997149434048e+01,2.236067977499789805e+01,4.071854614300466579e+01,3.551056180912940619e+01,4.318564576337836769e+01,4.301162633521313694e+01,3.572516995272368323e+00
3.405877273185280529e+01,2.758622844826744469e+01,2.692582403567251959e+01,2.236067977499789805e+01,4.071854614300466579e+01,3.452535300326413648e+01,4.210700654285459876e+01,4.220189569201838253e+01,3.587014833979554673e+00
3.501428280002319582e+01,2.900000000000000000e+01,2.570992026436488231e+01,2.121320343559642652e+01,4.071854614300466579e+01,3.452535300326413648e+01,4.210700654285459876e+01,4.220189569201838253e+01,3.587014833979554673e+00
3.401470270338990076e+01,2.765863337187866122e+01,2.570992026436488231e+01,2.220360331117451835e+01,4.071854614300466579e+01,3.452535300326413648e+01,4.210700654285459876e+01,4.220189569201838253e+01,3.576184932491046631e+00
3.401470270338990076e+01,2.765863337187866122e+01,2.570992026436488231e+01,2.220360331117451835e+01,4.071854614300466579e+01,3.452535300326413648e+01,4.210700654285459876e+01,4.220189569201838253e+01,3.576184932491046631e+00
3.401470270338990076e+01,2.765863337187866122e+01,2.570992026436488231e+01,2.220360331117451835e+01,4.071854614300466579e+01,3.452535300326413648e+01,4.210700654285459876e+01,4.220189569201838253e+01,3.576184932491046631e+00
3.401470270338990076e+01,2.780287754891568852e+01,2.549509756796392423e+01,2.236067977499789805e+01,4.031128874149274566e+01,3.354101966249684352e+01,4.210700654285459876e+01,4.220189569201838253e+01,3.520637043439685865e+00
3.544009029333869876e+01,3.264965543462901820e+01,2.302172886644267535e+01,2.039607805437113797e+01,3.769615364994152884e+01,3.306055050963308162e+01,4.204759208325727826e+01,4.188078318274384770e+01,3.372523709529131608e+00
3.448187929913333249e+01,3.178049716414140846e+01,2.300000000000000000e+01,2.039607805437113797e+01,3.624913792078371699e+01,3.301514803843835466e+01,4.201190307520000999e+01,4.243819034784588951e+01,3.389155290293812683e+00
3.640054944640259293e+01,3.067572330035593353e+01,2.334523505985750447e+01,2.118962010041709121e+01,3.757658845611187104e+01,3.300000000000000000e+01,4.201190307520000999e+01,4.301162633521313694e+01,3.293379789354903053e+00
3.757658845611187104e+01,3.257299494980465937e+01,2.334523505985750447e+01,2.154065922853801496e+01,3.858756276314947797e+01,3.413209633175202384e+01,4.110960958218893069e+01,4.263801121065568367e+01,3.264132574323699298e+00
3.176476034853718033e+01,2.745906043549196340e+01,2.433105012119287736e+01,2.247220505424423109e+01,4.420407221060068537e+01,4.130375285612676350e+01,4.119465984809195902e+01,4.341658669218482203e+01,3.172519244711269337e+00
2.973213749463701205e+01,2.353720459187963954e+01,2.701851217221259205e+01,2.607680962081059661e+01,4.967896939349688523e+01,4.527692569068708650e+01,4.101219330881975367e+01,4.404543109109047805e+01,3.281326016875229623e+00
2.816025568065744622e+01,2.088061301782110135e+01,2.716615541441224835e+01,2.830194339616981125e+01,5.140038910358558866e+01,4.652956049652736681e+01,4.100000000000000000e+01,4.280186911806539030e+01,3.332569816340689162e+00
2.941088233970548416e+01,2.404163056034261459e+01,2.607680962081059661e+01,2.594224354214569317e+01,5.420332093147060704e+01,4.866210024238575471e+01,4.000000000000000000e+01,4.301162633521313694e+01,3.317896414484617473e+00
3.324154027718932269e+01,2.879236009777593708e+01,2.800000000000000000e+01,2.469817807045693669e+01,5.403702434442518410e+01,4.767598976424086743e+01,3.900000000000000000e+01,4.280186911806539030e+01,3.278811108094363824e+00
3.624913792078371699e+01,3.101612483854164637e+01,2.801785145224380003e+01,2.523885892824792521e+01,5.024937810560444973e+01,4.609772228646443892e+01,3.900000000000000000e+01,4.341658669218482203e+01,3.312250400931124883e+00
3.716180835212409050e+01,3.101612483854164637e+01,2.807133769523639799e+01,2.523885892824792521e+01,4.816637831516918311e+01,4.509988913511872255e+01,3.901281840626231912e+01,4.280186911806539030e+01,3.300956619833375072e+00
3.668787265568828104e+01,3.138470965295043058e+01,2.701851217221259205e+01,2.376972864800942631e+01,4.816637831516918311e+01,4.410215414239988974e+01,3.801315561749642313e+01,4.280186911806539030e+01,3.385249678654019601e+00
3.764306044943742080e+01,3.269556544854363267e+01,2.707397274136176790e+01,2.247220505424423109e+01,4.560701700396551672e+01,4.219004621945797595e+01,3.901281840626231912e+01,4.140048308896890461e+01,3.366931872965279293e+00
3.962322551231790158e+01,3.466987164671942878e+01,2.801785145224380003e+01,2.184032966784155505e+01,4.500000000000000000e+01,4.119465984809195902e+01,3.901281840626231912e+01,4.140048308896890461e+01,3.482609404266455044e+00
3.748332962798262713e+01,3.244996147917590434e+01,2.630589287593181069e+01,2.353720459187963954e+01,4.770744176750625343e+01,4.373785545725807822e+01,4.104875150354758517e+01,4.161730409336962566e+01,3.489719675377309649e+00
3.400000000000000000e+01,3.047950130825634218e+01,2.751363298439520833e+01,2.319482700948640286e+01,5.024937810560444973e+01,4.560701700396551672e+01,4.219004621945797595e+01,4.243819034784588951e+01,3.563776971269386529e+00
3.313608305156178346e+01,2.941088233970548416e+01,2.886173937932362321e+01,2.404163056034261459e+01,4.802082881417187821e+01,4.438468204234429493e+01,4.229657196511320194e+01,4.243819034784588951e+01,3.451425279393506518e+00
3.492849839314595783e+01,3.176476034853718033e+01,2.807133769523639799e+01,2.247220505424423109e+01,4.661544808322666000e+01,4.373785545725807822e+01,4.229657196511320194e+01,4.360045871318327926e+01,3.369695281869736103e+00
3.535533905932737753e+01,3.255764119219941222e+01,2.531797780234432693e+01,2.325940669922601600e+01,4.459820624195551630e+01,4.404543109109047805e+01,4.104875150354758517e+01,4.263801121065568367e+01,3.254932181826198256e+00
3.551056180912940619e+01,3.041381265149109936e+01,2.596150997149434048e+01,2.280350850198275836e+01,4.455333881989092504e+01,4.501110973970759943e+01,4.100000000000000000e+01,4.263801121065568367e+01,3.205032001565425226e+00
3.111269837220809009e+01,2.745906043549196340e+01,2.507987240796890660e+01,2.475883680627989492e+01,4.527692569068708650e+01,4.601086828130936368e+01,4.204759208325727826e+01,4.468780594300866227e+01,2.987688170752348604e+00
2.701851217221259205e+01,2.282542442102665348e+01,2.343074902771996193e+01,2.302172886644267535e+01,4.103656905736638549e+01,4.318564576337836769e+01,3.911521443121588959e+01,4.360045871318327926e+01,2.770578667541939932e+00
2.662705391138869615e+01,2.163330765278393741e+01,2.202271554554523902e+01,2.059126028197400160e+01,3.324154027718932269e+01,3.984971769034255118e+01,4.001249804748510996e+01,4.301162633521313694e+01,2.736049260098930347e+00
2.282542442102665348e+01,2.000000000000000000e+01,2.282542442102665348e+01,2.024845673131658685e+01,3.280243893371345365e+01,3.889730067755344578e+01,4.318564576337836769e+01,4.280186911806539030e+01,2.523070095194074991e+00
2.061552812808830382e+01,1.456021977856103611e+01,2.308679276123039159e+01,2.200000000000000000e+01,3.140063693621516450e+01,4.081666326391709987e+01,3.863935817272331263e+01,4.327817001676480402e+01,2.459429779365441604e+00
2.102379604162863913e+01,1.627882059609970611e+01,2.121320343559642652e+01,2.137755832643194864e+01,3.046309242345563462e+01,4.031128874149274566e+01,3.929376540877699853e+01,4.904079934095691584e+01,2.416560617474314832e+00
2.200000000000000000e+01,1.627882059609970611e+01,2.121320343559642652e+01,2.256102834535695578e+01,2.789265136196270589e+01,4.081666326391709987e+01,3.921734310225515685e+01,5.186520991955976001e+01,3.746775697152667117e+00
2.039607805437113797e+01,1.612451549659709826e+01,2.200000000000000000e+01,2.416609194718914466e+01,2.700000000000000000e+01,4.272001872658765365e+01,3.894868418830089496e+01,5.056678751908212632e+01,3.754742192312904514e+00
2.102379604162863913e+01,1.603121954188139853e+01,2.408318915758459156e+01,2.193171219946130890e+01,3.101612483854164637e+01,4.531004303683676682e+01,4.031128874149274566e+01,4.492215489043240240e+01,3.612292934712026948e+00
1.941648783894759944e+01,1.702938636592640265e+01,2.300000000000000000e+01,2.236067977499789805e+01,3.889730067755344578e+01,3.765634076752546378e+01,4.704253394535630406e+01,3.883297567789519888e+01,3.515100576487372841e+00
2.039607805437113797e+01,1.702938636592640265e+01,2.402082429892862692e+01,2.282542442102665348e+01,4.026164427839479032e+01,3.478505426185217431e+01,4.418144406874904462e+01,3.827531841800927737e+01,3.443711336442364157e+00
1.964688270438849926e+01,1.726267650163206824e+01,2.308679276123039159e+01,2.282542442102665348e+01,4.197618372363071160e+01,3.546829570193639825e+01,4.455333881989092504e+01,4.031128874149274566e+01,3.430800331061841568e+00
1.843908891458577415e+01,1.581138830084189628e+01,2.220360331117451835e+01,2.282542442102665348e+01,3.981205847478876336e+01,3.511409973215887703e+01,4.472135954999579610e+01,3.982461550347975532e+01,3.454174668872122211e+00
1.280624847486569706e+01,1.972308292331602075e+01,1.969771560359220786e+01,2.483948469674844262e+01,3.649657518178931781e+01,3.324154027718932269e+01,4.609772228646443892e+01,4.159326868617084472e+01,3.901719736668689098e+00
1.272792206135785520e+01,1.802775637731994607e+01,2.109502310972898798e+01,2.580697580112788003e+01,4.204759208325727826e+01,3.041381265149109936e+01,4.609772228646443892e+01,4.294182110716777601e+01,3.950467680628325873e+00
1.389244398944980396e+01,1.868154169226940553e+01,2.000000000000000000e+01,2.641968962724581260e+01,4.410215414239988974e+01,3.301514803843835466e+01,4.396589587396121601e+01,4.204759208325727826e+01,3.986590928490413965e+00
1.523154621172781731e+01,1.941648783894759944e+01,2.267156809750926882e+01,2.879236009777593708e+01,4.704253394535630406e+01,2.983286778035259701e+01,4.178516483155235761e+01,4.522167621838005402e+01,3.962191813885005409e+00
1.360147050873544394e+01,1.529705854077835525e+01,2.343074902771996193e+01,2.720294101747088789e+01,5.063595560468865386e+01,3.301514803843835466e+01,4.294182110716777601e+01,4.438468204234429493e+01,3.783333200821796805e+00
1.555634918610404505e+01,1.700000000000000000e+01,2.607680962081059661e+01,2.773084924772409465e+01,4.429446918070020445e+01,5.124451190127582834e+01,4.031128874149274566e+01,4.313930922024598402e+01,3.432081185863528283e+00
1.769180601295413169e+01,1.749285568453590045e+01,2.500000000000000000e+01,2.683281572999747766e+01,5.608029957123981291e+01,6.016643582596529427e+01,3.736308338453881106e+01,4.036087214122112954e+01,3.356607535337299719e+00
1.720465053408525335e+01,1.972308292331602075e+01,2.469817807045693669e+01,2.865309756378880479e+01,5.948108943185220454e+01,6.324555320336758513e+01,3.546829570193639825e+01,3.841874542459709119e+01,3.271513162514908757e+00
1.702938636592640265e+01,1.835755975068581947e+01,2.555386467836127551e+01,2.952964612046680060e+01,6.236184731067545783e+01,6.580273550544841044e+01,3.443835071544512516e+01,3.500000000000000000e+01,3.220647920292720734e+00
1.627882059609970611e+01,1.886796226411320632e+01,2.459674775249768786e+01,2.860069929215018192e+01,6.551335741663679357e+01,6.964194138592060312e+01,3.310589071449369669e+01,3.301514803843835466e+01,3.111298893671017751e+00
2.051828452868319275e+01,1.910497317454279909e+01,2.418677324489564739e+01,2.640075756488817049e+01,6.912307863514182316e+01,7.180529228406496145e+01,3.220248437620923454e+01,3.220248437620923454e+01,3.087327193341856901e+00
2.193171219946130890e+01,2.061552812808830382e+01,2.594224354214569317e+01,2.801785145224380003e+01,6.621933252457321828e+01,6.963476143421473807e+01,3.401470270338990076e+01,3.244996147917590434e+01,3.096389218807793497e+00
2.360084744241189370e+01,2.549509756796392423e+01,2.607680962081059661e+01,2.780287754891568852e+01,6.772001181334805153e+01,6.942621983083913051e+01,3.401470270338990076e+01,3.383784863137726262e+01,3.193628968399009338e+00
1.969771560359220786e+01,2.340939982143925135e+01,2.193171219946130890e+01,2.865309756378880479e+01,6.413267497929585659e+01,6.800735254367721438e+01,3.535533905932737753e+01,3.498571136907180090e+01,3.326287172202308628e+00
1.503329637837290811e+01,2.256102834535695578e+01,2.059126028197400160e+01,3.014962686336266984e+01,5.162363799656122865e+01,5.770615218501403376e+01,3.534119409414458346e+01,3.773592452822641263e+01,3.707324862470569915e+00
1.204159457879229578e+01,2.195449840010014952e+01,2.154065922853801496e+01,3.100000000000000000e+01,5.000999900019994726e+01,5.507267925205745485e+01,3.671511950137163893e+01,3.807886552931954327e+01,3.802909249252930834e+00
1.476482306023340030e+01,2.441311123146740414e+01,2.158703314492290204e+01,3.298484500494128469e+01,4.866210024238575471e+01,5.522680508593630577e+01,3.551056180912940619e+01,3.584689665786984136e+01,4.000949776154432591e+00
1.421267040355189515e+01,2.720294101747088789e+01,2.334523505985750447e+01,3.257299494980465937e+01,5.115662224971465122e+01,5.852349955359812839e+01,3.522782990761707111e+01,3.488552708502481892e+01,4.076656860676851402e+00
1.780449381476485726e+01,2.720294101747088789e+01,2.209072203437452231e+01,3.220248437620923454e+01,5.200961449578337437e+01,5.879625838435639906e+01,3.753664875824691904e+01,3.827531841800927737e+01,4.051618216866409661e+00
1.627882059609970611e+01,2.594224354214569317e+01,2.376972864800942631e+01,3.195309061734091571e+01,5.544366510251644797e+01,6.363961030678927955e+01,3.606937759374286401e+01,3.700000000000000000e+01,3.834254169446246863e+00
1.562049935181330795e+01,2.594224354214569317e+01,2.256102834535695578e+01,3.036445290137795183e+01,5.854912467321778990e+01,6.876772498781677712e+01,3.538361202590826338e+01,3.453983207834108526e+01,3.860076072818640291e+00
1.920937271229854559e+01,2.816025568065744622e+01,2.340939982143925135e+01,3.178049716414140846e+01,5.854912467321778990e+01,6.438167441127949076e+01,3.748332962798262713e+01,3.807886552931954327e+01,3.722838603201575225e+00
1.500000000000000000e+01,2.549509756796392423e+01,2.308679276123039159e+01,3.104834939252004844e+01,5.830951894845300387e+01,6.228964600958974529e+01,3.748332962798262713e+01,3.905124837953326988e+01,3.788202181700521365e+00
1.170469991071962568e+01,2.163330765278393741e+01,2.213594362117865444e+01,3.080584360149872580e+01,5.614267539047279598e+01,5.941380311005179493e+01,3.962322551231790158e+01,4.079215610874227593e+01,3.709938549379256045e+00
1.389244398944980396e+01,1.655294535724684835e+01,2.370653918225939449e+01,3.001666203960726875e+01,5.300943312279428454e+01,5.805170109479996654e+01,4.031128874149274566e+01,3.905124837953326988e+01,3.333675842468100115e+00
1.303840481040529831e+01,1.615549442140351033e+01,2.332380757938120297e+01,2.906888370749726747e+01,5.300000000000000000e+01,5.738466694161429160e+01,4.031128874149274566e+01,3.905124837953326988e+01,3.312238165558663905e+00
1.272792206135785520e+01,1.523154621172781731e+01,2.332380757938120297e+01,2.716615541441224835e+01,5.103920062069938268e+01,5.234500931320960149e+01,3.962322551231790158e+01,4.100000000000000000e+01,3.290861647500597620e+00
1.456021977856103611e+01,1.300000000000000000e+01,2.408318915758459156e+01,2.459674775249768786e+01,4.535416188179426911e+01,4.393176527297759293e+01,4.177319714841084419e+01,4.002499219237900263e+01,2.961305690452118000e+00
1.431782106327635340e+01,1.403566884761819900e+01,2.126029162546929996e+01,2.370653918225939449e+01,4.438468204234429493e+01,4.313930922024598402e+01,4.110960958218893069e+01,4.148493702538308270e+01,3.012182942194179258e+00
1.252996408614166768e+01,1.565247584249852864e+01,2.061552812808830382e+01,2.300000000000000000e+01,4.368065933568311010e+01,3.883297567789519888e+01,4.000000000000000000e+01,4.560701700396551672e+01,3.566188088100229692e+00
1.166190378969060149e+01,2.247220505424423109e+01,1.702938636592640265e+01,2.334523505985750447e+01,4.393176527297759293e+01,4.049691346263317371e+01,4.022437072223753063e+01,4.512205669071391156e+01,3.917512427857379187e+00
9.219544457292887074e+00,2.334523505985750447e+01,1.513274595042155646e+01,2.184032966784155505e+01,4.440720662234903671e+01,4.118252056394800320e+01,4.049691346263317371e+01,4.669047011971500893e+01,4.131306681587362917e+00
1.868154169226940553e+01,3.041381265149109936e+01,1.802775637731994607e+01,2.385372088375312671e+01,4.219004621945797595e+01,4.071854614300466579e+01,3.894868418830089496e+01,4.455333881989092504e+01,1.999301425503926088e+00
2.154065922853801496e+01,3.124099870362661591e+01,1.969771560359220786e+01,2.441311123146740414e+01,4.201190307520000999e+01,4.123105625617660763e+01,3.847076812334268681e+01,4.428317965096906050e+01,4.209545769456829234e+00
2.061552812808830382e+01,2.983286778035259701e+01,2.024845673131658685e+01,2.500000000000000000e+01,4.428317965096906050e+01,4.701063709417263681e+01,3.894868418830089496e+01,4.418144406874904462e+01,4.131771766930216749e+00
2.088061301782110135e+01,2.983286778035259701e+01,1.843908891458577415e+01,2.580697580112788003e+01,4.356604182158393002e+01,4.661544808322666000e+01,3.944616584663204151e+01,4.504442251822083421e+01,4.082872973756288104e+00
2.220360331117451835e+01,3.182766092567909766e+01,1.746424919657297892e+01,2.483948469674844262e+01,4.317406628984580408e+01,4.870318264754368442e+01,4.114608122288196768e+01,4.401136216933077350e+01,2.130414787159419454e+00
2.549509756796392423e+01,3.689173349139343117e+01,1.664331697709323876e+01,2.549509756796392423e+01,4.176122603564220270e+01,4.850773134253961416e+01,3.862641583165593318e+01,4.201190307520000999e+01,1.952791351858595981e+00
2.828427124746190202e+01,3.801315561749642313e+01,1.780449381476485726e+01,2.561249694973139412e+01,4.110960958218893069e+01,4.903060268852505033e+01,3.827531841800927737e+01,4.201190307520000999e+01,1.983476310164732137e+00
2.701851217221259205e+01,3.560898762952971452e+01,1.941648783894759944e+01,2.640075756488817049e+01,4.071854614300466579e+01,5.178802950489620827e+01,3.827531841800927737e+01,4.104875150354758517e+01,2.113166581168196778e+00
2.801785145224380003e+01,3.546829570193639825e+01,2.012461179749810825e+01,2.860069929215018192e+01,4.341658669218482203e+01,5.295280917949490629e+01,3.860051813123756403e+01,3.945883931389771959e+01,2.226048433567714646e+00
2.800000000000000000e+01,3.606937759374286401e+01,2.012461179749810825e+01,2.701851217221259205e+01,4.527692569068708650e+01,5.510898293381941926e+01,3.956008088970496317e+01,3.962322551231790158e+01,2.261759598412201200e+00
3.101612483854164637e+01,3.820994634908559817e+01,2.147091055358388800e+01,2.780287754891568852e+01,4.254409477236529824e+01,5.162363799656122865e+01,3.905124837953326988e+01,3.883297567789519888e+01,2.301284214102423675e+00
2.901723625709381693e+01,3.676955262170046979e+01,2.147091055358388800e+01,2.780287754891568852e+01,4.167733196834941367e+01,5.147815070493500400e+01,3.929376540877699853e+01,3.981205847478876336e+01,2.294029202337926510e+00
2.700000000000000000e+01,3.546829570193639825e+01,2.109502310972898798e+01,2.720294101747088789e+01,4.304648650006176780e+01,5.147815070493500400e+01,3.905124837953326988e+01,4.002499219237900263e+01,2.247766820304976321e+00
2.531797780234432693e+01,3.584689665786984136e+01,2.000000000000000000e+01,2.745906043549196340e+01,4.272001872658765365e+01,5.234500931320960149e+01,3.905124837953326988e+01,4.002499219237900263e+01,2.133939187907121671e+00
2.563201123595259290e+01,3.716180835212409050e+01,1.979898987322333070e+01,2.549509756796392423e+01,4.382921400162225467e+01,5.223983154643590865e+01,3.765634076752546378e+01,3.929376540877699853e+01,1.990929282267850597e+00
2.785677655436823841e+01,3.716180835212409050e+01,2.051828452868319275e+01,2.657066051117284644e+01,4.000000000000000000e+01,5.100980297942739838e+01,3.733630940518894192e+01,3.736308338453881106e+01,2.037766182708955487e+00
2.879236009777593708e+01,3.667424164178449786e+01,1.920937271229854559e+01,2.435159132377184221e+01,4.140048308896890461e+01,5.200961449578337437e+01,3.634556369077249371e+01,3.807886552931954327e+01,2.014427799730687418e+00
2.973213749463701205e+01,3.712142238654116966e+01,1.920937271229854559e+01,2.435159132377184221e+01,4.080441152620633005e+01,5.103920062069938268e+01,3.649657518178931781e+01,3.807886552931954327e+01,2.006618117655047051e+00
2.941088233970548416e+01,3.623534186398687496e+01,1.920937271229854559e+01,2.435159132377184221e+01,4.161730409336962566e+01,5.103920062069938268e+01,3.634556369077249371e+01,3.807886552931954327e+01,2.024797932728025440e+00
3.067572330035593353e+01,3.758989225842500304e+01,1.780449381476485726e+01,2.376972864800942631e+01,4.161730409336962566e+01,5.103920062069938268e+01,3.634556369077249371e+01,3.807886552931954327e+01,2.024797932728025440e+00
2.973213749463701205e+01,3.671511950137163893e+01,1.843908891458577415e+01,2.340939982143925135e+01,4.080441152620633005e+01,5.103920062069938268e+01,3.649657518178931781e+01,3.807886552931954327e+01,2.024797932728025440e+00
2.973213749463701205e+01,3.758989225842500304e+01,1.843908891458577415e+01,2.376972864800942631e+01,4.080441152620633005e+01,5.103920062069938268e+01,3.649657518178931781e+01,3.807886552931954327e+01,2.024797932728025440e+00
3.067572330035593353e+01,3.758989225842500304e+01,1.780449381476485726e+01,2.376972864800942631e+01,4.161730409336962566e+01,5.103920062069938268e+01,3.634556369077249371e+01,3.807886552931954327e+01,2.024797932728025440e+00
3.067572330035593353e+01,3.758989225842500304e+01,1.780449381476485726e+01,2.376972864800942631e+01,4.080441152620633005e+01,5.103920062069938268e+01,3.649657518178931781e+01,3.807886552931954327e+01,2.024797932728025440e+00
2.973213749463701205e+01,3.758989225842500304e+01,1.843908891458577415e+01,2.376972864800942631e+01,4.080441152620633005e+01,5.103920062069938268e+01,3.649657518178931781e+01,3.807886552931954327e+01,2.024797932728025440e+00
2.973213749463701205e+01,3.712142238654116966e+01,1.843908891458577415e+01,2.469817807045693669e+01,4.161730409336962566e+01,5.103920062069938268e+01,3.634556369077249371e+01,3.807886552931954327e+01,2.024797932728025440e+00
2.973213749463701205e+01,3.758989225842500304e+01,1.843908891458577415e+01,2.376972864800942631e+01,4.161730409336962566e+01,5.103920062069938268e+01,3.634556369077249371e+01,3.807886552931954327e+01,2.024797932728025440e+00
2.973213749463701205e+01,3.758989225842500304e+01,1.984943324127920761e+01,2.435159132377184221e+01,4.188078318274384770e+01,5.008991914547277702e+01,3.634556369077249371e+01,3.807886552931954327e+01,1.998245870026736704e+00
2.941088233970548416e+01,3.671511950137163893e+01,1.843908891458577415e+01,2.376972864800942631e+01,4.161730409336962566e+01,5.103920062069938268e+01,3.634556369077249371e+01,3.807886552931954327e+01,2.043383153184199053e+00
2.941088233970548416e+01,3.671511950137163893e+01,1.843908891458577415e+01,2.376972864800942631e+01,4.161730409336962566e+01,5.103920062069938268e+01,3.634556369077249371e+01,3.807886552931954327e+01,2.043383153184199053e+00
2.941088233970548416e+01,3.671511950137163893e+01,1.843908891458577415e+01,2.376972864800942631e+01,4.161730409336962566e+01,5.103920062069938268e+01,3.634556369077249371e+01,3.807886552931954327e+01,2.043383153184199053e+00
2.941088233970548416e+01,3.671511950137163893e+01,1.843908891458577415e+01,2.376972864800942631e+01,4.161730409336962566e+01,5.103920062069938268e+01,3.634556369077249371e+01,3.807886552931954327e+01,2.043383153184199053e+00
2.941088233970548416e+01,3.758989225842500304e+01,1.910497317454279909e+01,2.507987240796890660e+01,4.104875150354758517e+01,5.003998401278721531e+01,3.634556369077249371e+01,3.807886552931954327e+01,2.046280886289196133e+00
2.973213749463701205e+01,3.758989225842500304e+01,1.838477631085023489e+01,2.507987240796890660e+01,4.104875150354758517e+01,5.003998401278721531e+01,3.634556369077249371e+01,3.807886552931954327e+01,2.046280886289196133e+00
2.941088233970548416e+01,3.758989225842500304e+01,1.910497317454279909e+01,2.507987240796890660e+01,4.104875150354758517e+01,5.003998401278721531e+01,3.634556369077249371e+01,3.807886552931954327e+01,2.046280886289196133e+00
2.941088233970548416e+01,3.671511950137163893e+01,1.843908891458577415e+01,2.376972864800942631e+01,4.161730409336962566e+01,5.103920062069938268e+01,3.634556369077249371e+01,3.807886552931954327e+01,2.043383153184199053e+00
2.941088233970548416e+01,3.758989225842500304e+01,1.843908891458577415e+01,2.416609194718914466e+01,4.161730409336962566e+01,5.103920062069938268e+01,3.634556369077249371e+01,3.807886552931954327e+01,2.043383153184199053e+00
2.941088233970548416e+01,3.758989225842500304e+01,1.843908891458577415e+01,2.416609194718914466e+01,4.161730409336962566e+01,5.103920062069938268e+01,3.622154055254966920e+01,3.710795063055894616e+01,2.055188980107282681e+00
2.912043955712207222e+01,3.671511950137163893e+01,1.910497317454279909e+01,2.507987240796890660e+01,4.104875150354758517e+01,5.003998401278721531e+01,3.634556369077249371e+01,3.807886552931954327e+01,2.065025832695060792e+00
2.912043955712207222e+01,3.671511950137163893e+01,1.910497317454279909e+01,2.507987240796890660e+01,4.104875150354758517e+01,5.003998401278721531e+01,3.634556369077249371e+01,3.807886552931954327e+01,2.065025832695060792e+00
2.912043955712207222e+01,3.671511950137163893e+01,1.910497317454279909e+01,2.507987240796890660e+01,4.104875150354758517e+01,5.003998401278721531e+01,3.634556369077249371e+01,3.807886552931954327e+01,2.065025832695060792e+00
2.912043955712207222e+01,3.671511950137163893e+01,1.843908891458577415e+01,2.416609194718914466e+01,4.161730409336962566e+01,5.103920062069938268e+01,3.634556369077249371e+01,3.807886552931954327e+01,2.062374222070748608e+00
2.912043955712207222e+01,3.671511950137163893e+01,1.843908891458577415e+01,2.416609194718914466e+01,4.161730409336962566e+01,5.103920062069938268e+01,3.634556369077249371e+01,3.807886552931954327e+01,2.062374222070748608e+00
2.941088233970548416e+01,3.671511950137163893e+01,1.843908891458577415e+01,2.376972864800942631e+01,4.161730409336962566e+01,5.103920062069938268e+01,3.634556369077249371e+01,3.807886552931954327e+01,2.043383153184199053e+00
2.941088233970548416e+01,3.758989225842500304e+01,1.843908891458577415e+01,2.416609194718914466e+01,4.161730409336962566e+01,5.103920062069938268e+01,3.634556369077249371e+01,3.807886552931954327e+01,2.043383153184199053e+00
2.912043955712207222e+01,3.671511950137163893e+01,1.843908891458577415e+01,2.416609194718914466e+01,4.161730409336962566e+01,5.103920062069938268e+01,3.634556369077249371e+01,3.807886552931954327e+01,2.062374222070748608e+00
3.008321791298264714e+01,3.584689665786984136e+01,1.780449381476485726e+01,2.376972864800942631e+01,4.161730409336962566e+01,5.103920062069938268e+01,3.634556369077249371e+01,3.807886552931954327e+01,2.062374222070748608e+00
3.008321791298264714e+01,3.584689665786984136e+01,1.780449381476485726e+01,2.376972864800942631e+01,4.161730409336962566e+01,5.103920062069938268e+01,3.634556369077249371e+01,3.807886552931954327e+01,2.062374222070748608e+00
3.036445290137795183e+01,3.671511950137163893e+01,1.780449381476485726e+01,2.376972864800942631e+01,4.161730409336962566e+01,5.003998401278721531e+01,3.634556369077249371e+01,3.832753579347360073e+01,2.043383153184199053e+00
2.912043955712207222e+01,3.623534186398687496e+01,1.910497317454279909e+01,2.600000000000000000e+01,4.104875150354758517e+01,5.003998401278721531e+01,3.634556369077249371e+01,3.807886552931954327e+01,2.065025832695060792e+00
2.941088233970548416e+01,3.758989225842500304e+01,1.838477631085023489e+01,2.549509756796392423e+01,4.104875150354758517e+01,5.003998401278721531e+01,3.634556369077249371e+01,3.807886552931954327e+01,2.065025832695060792e+00
2.912043955712207222e+01,3.712142238654116966e+01,1.910497317454279909e+01,2.640075756488817049e+01,4.104875150354758517e+01,5.003998401278721531e+01,3.634556369077249371e+01,3.807886552931954327e+01,2.065025832695060792e+00
2.912043955712207222e+01,3.712142238654116966e+01,1.910497317454279909e+01,2.640075756488817049e+01,4.104875150354758517e+01,5.003998401278721531e+01,3.634556369077249371e+01,3.807886552931954327e+01,2.065025832695060792e+00
2.912043955712207222e+01,3.712142238654116966e+01,1.843908891458577415e+01,2.549509756796392423e+01,4.161730409336962566e+01,5.103920062069938268e+01,3.634556369077249371e+01,3.807886552931954327e+01,2.062374222070748608e+00
2.912043955712207222e+01,3.712142238654116966e+01,1.910497317454279909e+01,2.640075756488817049e+01,4.104875150354758517e+01,5.003998401278721531e+01,3.634556369077249371e+01,3.807886552931954327e+01,2.065025832695060792e+00
2.941088233970548416e+01,3.712142238654116966e+01,1.838477631085023489e+01,2.640075756488817049e+01,4.104875150354758517e+01,5.003998401278721531e+01,3.634556369077249371e+01,3.807886552931954327e+01,2.065025832695060792e+00
2.912043955712207222e+01,3.671511950137163893e+01,1.910497317454279909e+01,2.507987240796890660e+01,4.104875150354758517e+01,5.003998401278721531e+01,3.634556369077249371e+01,3.807886552931954327e+01,2.065025832695060792e+00
2.941088233970548416e+01,3.758989225842500304e+01,1.910497317454279909e+01,2.507987240796890660e+01,4.104875150354758517e+01,5.003998401278721531e+01,3.634556369077249371e+01,3.807886552931954327e+01,2.046280886289196133e+00
2.941088233970548416e+01,3.758989225842500304e+01,1.910497317454279909e+01,2.507987240796890660e+01,4.104875150354758517e+01,5.003998401278721531e+01,3.634556369077249371e+01,3.807886552931954327e+01,2.046280886289196133e+00
2.154065922853801496e+01,2.687005768508880621e+01,2.325940669922601600e+01,2.780287754891568852e+01,3.940812099047606409e+01,5.000000000000000000e+01,3.847076812334268681e+01,3.956008088970496317e+01,2.535726412120466122e+00
1.640121946685672683e+01,2.247220505424423109e+01,2.009975124224177989e+01,2.549509756796392423e+01,4.118252056394800320e+01,4.716990566028302112e+01,4.257933771208753626e+01,4.178516483155235761e+01,3.396530745962204278e+00
1.523154621172781731e+01,1.969771560359220786e+01,2.022374841615668473e+01,2.624880949681337583e+01,4.085339643163099055e+01,4.356604182158393002e+01,4.393176527297759293e+01,4.272001872658765365e+01,3.243535394669180505e+00
1.341640786499873883e+01,1.972308292331602075e+01,1.923538406167134340e+01,2.624880949681337583e+01,4.215447781671598193e+01,4.373785545725807822e+01,4.295346318982905842e+01,4.272001872658765365e+01,3.292510082088671020e+00
1.341640786499873883e+01,1.345362404707370985e+01,2.022374841615668473e+01,2.433105012119287736e+01,4.178516483155235761e+01,4.455333881989092504e+01,4.393176527297759293e+01,4.332435804486893716e+01,3.013062317962298842e+00
1.360147050873544394e+01,1.389244398944980396e+01,2.061552812808830382e+01,2.300000000000000000e+01,4.026164427839479032e+01,4.257933771208753626e+01,4.609772228646443892e+01,4.396589587396121601e+01,2.942067171508154999e+00
1.360147050873544394e+01,1.303840481040529831e+01,1.941648783894759944e+01,2.200000000000000000e+01,4.148493702538308270e+01,4.275511665286389729e+01,4.317406628984580408e+01,4.341658669218482203e+01,2.959825343687489507e+00
1.252996408614166768e+01,1.421267040355189515e+01,1.923538406167134340e+01,2.308679276123039159e+01,4.244997055358224713e+01,4.177319714841084419e+01,4.317406628984580408e+01,4.464302857109942835e+01,3.085344138616155973e+00
1.252996408614166768e+01,1.421267040355189515e+01,1.941648783894759944e+01,2.408318915758459156e+01,4.148493702538308270e+01,4.159326868617084472e+01,4.317406628984580408e+01,4.464302857109942835e+01,3.041167207297464259e+00
1.252996408614166768e+01,1.360147050873544394e+01,1.941648783894759944e+01,2.308679276123039159e+01,4.148493702538308270e+01,4.159326868617084472e+01,4.317406628984580408e+01,4.464302857109942835e+01,3.041167207297464259e+00
1.300000000000000000e+01,1.442220510185595650e+01,1.923538406167134340e+01,2.308679276123039159e+01,4.148493702538308270e+01,4.177319714841084419e+01,4.317406628984580408e+01,4.368065933568311010e+01,3.078005571083246572e+00
1.300000000000000000e+01,1.442220510185595650e+01,1.923538406167134340e+01,2.308679276123039159e+01,4.148493702538308270e+01,4.177319714841084419e+01,4.317406628984580408e+01,4.368065933568311010e+01,3.078005571083246572e+00
1.341640786499873883e+01,1.442220510185595650e+01,2.039607805437113797e+01,2.408318915758459156e+01,4.052159917870962147e+01,4.159326868617084472e+01,4.317406628984580408e+01,4.368065933568311010e+01,3.035828887886914629e+00
1.252996408614166768e+01,1.500000000000000000e+01,2.039607805437113797e+01,2.408318915758459156e+01,4.052159917870962147e+01,4.159326868617084472e+01,4.317406628984580408e+01,4.368065933568311010e+01,3.067927950663230430e+00
1.341640786499873883e+01,1.442220510185595650e+01,2.039607805437113797e+01,2.408318915758459156e+01,3.905124837953326988e+01,4.159326868617084472e+01,4.535416188179426911e+01,4.368065933568311010e+01,3.035828887886914629e+00
1.341640786499873883e+01,1.442220510185595650e+01,2.039607805437113797e+01,2.408318915758459156e+01,3.905124837953326988e+01,4.159326868617084472e+01,4.535416188179426911e+01,4.368065933568311010e+01,3.035828887886914629e+00
1.252996408614166768e+01,1.500000000000000000e+01,2.039607805437113797e+01,2.408318915758459156e+01,3.956008088970496317e+01,4.159326868617084472e+01,4.341658669218482203e+01,4.368065933568311010e+01,3.067927950663230430e+00
1.252996408614166768e+01,1.500000000000000000e+01,2.039607805437113797e+01,2.408318915758459156e+01,3.956008088970496317e+01,4.159326868617084472e+01,4.341658669218482203e+01,4.368065933568311010e+01,3.067927950663230430e+00
1.252996408614166768e+01,1.500000000000000000e+01,2.039607805437113797e+01,2.408318915758459156e+01,3.956008088970496317e+01,4.159326868617084472e+01,4.341658669218482203e+01,4.368065933568311010e+01,3.067927950663230430e+00
1.252996408614166768e+01,1.500000000000000000e+01,2.039607805437113797e+01,2.408318915758459156e+01,4.052159917870962147e+01,4.159326868617084472e+01,4.317406628984580408e+01,4.368065933568311010e+01,3.067927950663230430e+00
1.252996408614166768e+01,1.500000000000000000e+01,2.039607805437113797e+01,2.408318915758459156e+01,4.052159917870962147e+01,4.159326868617084472e+01,4.317406628984580408e+01,4.368065933568311010e+01,3.067927950663230430e+00
1.341640786499873883e+01,1.500000000000000000e+01,2.022374841615668473e+01,2.408318915758459156e+01,4.052159917870962147e+01,4.159326868617084472e+01,4.317406628984580408e+01,4.368065933568311010e+01,3.067927950663230430e+00
1.341640786499873883e+01,1.500000000000000000e+01,2.022374841615668473e+01,2.408318915758459156e+01,4.052159917870962147e+01,4.159326868617084472e+01,4.317406628984580408e+01,4.368065933568311010e+01,3.067927950663230430e+00
1.341640786499873883e+01,1.442220510185595650e+01,2.022374841615668473e+01,2.308679276123039159e+01,4.052159917870962147e+01,4.159326868617084472e+01,4.317406628984580408e+01,4.368065933568311010e+01,3.067927950663230430e+00
1.341640786499873883e+01,1.442220510185595650e+01,2.022374841615668473e+01,2.308679276123039159e+01,4.052159917870962147e+01,4.159326868617084472e+01,4.317406628984580408e+01,4.368065933568311010e+01,3.067927950663230430e+00
1.341640786499873883e+01,1.442220510185595650e+01,2.022374841615668473e+01,2.308679276123039159e+01,4.052159917870962147e+01,4.159326868617084472e+01,4.317406628984580408e+01,4.368065933568311010e+01,3.067927950663230430e+00
1.341640786499873883e+01,1.442220510185595650e+01,2.039607805437113797e+01,2.408318915758459156e+01,3.956008088970496317e+01,4.143669871020131978e+01,4.317406628984580408e+01,4.368065933568311010e+01,3.025559921212377823e+00
1.341640786499873883e+01,1.442220510185595650e+01,2.039607805437113797e+01,2.408318915758459156e+01,3.956008088970496317e+01,4.143669871020131978e+01,4.317406628984580408e+01,4.368065933568311010e+01,3.025559921212377823e+00
1.392838827718411920e+01,1.442220510185595650e+01,2.022374841615668473e+01,2.418677324489564739e+01,3.929376540877699853e+01,4.143669871020131978e+01,4.317406628984580408e+01,4.341658669218482203e+01,3.069367084031249249e+00
1.392838827718411920e+01,1.442220510185595650e+01,2.022374841615668473e+01,2.418677324489564739e+01,3.929376540877699853e+01,4.143669871020131978e+01,4.317406628984580408e+01,4.341658669218482203e+01,3.069367084031249249e+00
1.392838827718411920e+01,1.442220510185595650e+01,1.923538406167134340e+01,2.408318915758459156e+01,3.956008088970496317e+01,4.143669871020131978e+01,4.317406628984580408e+01,4.368065933568311010e+01,3.025559921212377823e+00
1.392838827718411920e+01,1.442220510185595650e+01,2.022374841615668473e+01,2.418677324489564739e+01,3.929376540877699853e+01,4.143669871020131978e+01,4.317406628984580408e+01,4.341658669218482203e+01,3.069367084031249249e+00
1.300000000000000000e+01,1.565247584249852864e+01,2.022374841615668473e+01,2.202271554554523902e+01,4.026164427839479032e+01,4.159326868617084472e+01,4.295346318982905842e+01,4.244997055358224713e+01,3.101613966466503225e+00
1.300000000000000000e+01,1.565247584249852864e+01,2.022374841615668473e+01,2.202271554554523902e+01,3.905124837953326988e+01,4.159326868617084472e+01,4.414748010928823163e+01,4.244997055358224713e+01,3.101613966466503225e+00
1.264911064067351809e+01,1.581138830084189628e+01,2.039607805437113797e+01,2.102379604162863913e+01,3.905124837953326988e+01,4.159326868617084472e+01,4.414748010928823163e+01,4.244997055358224713e+01,3.101613966466503225e+00
1.300000000000000000e+01,1.523154621172781731e+01,2.022374841615668473e+01,2.102379604162863913e+01,3.905124837953326988e+01,4.159326868617084472e+01,4.414748010928823163e+01,4.244997055358224713e+01,3.101613966466503225e+00
1.300000000000000000e+01,1.565247584249852864e+01,2.022374841615668473e+01,2.202271554554523902e+01,3.905124837953326988e+01,4.159326868617084472e+01,4.414748010928823163e+01,4.244997055358224713e+01,3.101613966466503225e+00
1.300000000000000000e+01,1.565247584249852864e+01,2.022374841615668473e+01,2.202271554554523902e+01,3.929376540877699853e+01,4.159326868617084472e+01,4.317406628984580408e+01,4.244997055358224713e+01,3.101613966466503225e+00
1.300000000000000000e+01,1.565247584249852864e+01,2.022374841615668473e+01,2.202271554554523902e+01,4.026164427839479032e+01,4.159326868617084472e+01,4.295346318982905842e+01,4.244997055358224713e+01,3.101613966466503225e+00
1.300000000000000000e+01,1.565247584249852864e+01,2.022374841615668473e+01,2.202271554554523902e+01,4.026164427839479032e+01,4.159326868617084472e+01,4.295346318982905842e+01,4.244997055358224713e+01,3.101613966466503225e+00
1.300000000000000000e+01,1.565247584249852864e+01,2.022374841615668473e+01,2.202271554554523902e+01,4.026164427839479032e+01,4.159326868617084472e+01,4.295346318982905842e+01,4.244997055358224713e+01,3.101613966466503225e+00
1.300000000000000000e+01,1.565247584249852864e+01,2.022374841615668473e+01,2.202271554554523902e+01,4.026164427839479032e+01,4.159326868617084472e+01,4.295346318982905842e+01,4.244997055358224713e+01,3.101613966466503225e+00
1.300000000000000000e+01,1.565247584249852864e+01,2.022374841615668473e+01,2.202271554554523902e+01,4.026164427839479032e+01,4.159326868617084472e+01,4.295346318982905842e+01,4.244997055358224713e+01,3.101613966466503225e+00
1.300000000000000000e+01,1.523154621172781731e+01,2.022374841615668473e+01,2.102379604162863913e+01,4.002499219237900263e+01,4.143669871020131978e+01,4.393176527297759293e+01,4.341658669218482203e+01,3.101613966466503225e+00
1.300000000000000000e+01,1.565247584249852864e+01,2.022374841615668473e+01,2.202271554554523902e+01,4.026164427839479032e+01,4.159326868617084472e+01,4.295346318982905842e+01,4.244997055358224713e+01,3.101613966466503225e+00
1.300000000000000000e+01,1.565247584249852864e+01,2.022374841615668473e+01,2.202271554554523902e+01,4.026164427839479032e+01,4.159326868617084472e+01,4.295346318982905842e+01,4.244997055358224713e+01,3.101613966466503225e+00
1.300000000000000000e+01,1.565247584249852864e+01,2.022374841615668473e+01,2.202271554554523902e+01,4.026164427839479032e+01,4.143669871020131978e+01,4.295346318982905842e+01,4.341658669218482203e+01,3.101613966466503225e+00
1.300000000000000000e+01,1.526433752247374720e+01,2.022374841615668473e+01,2.308679276123039159e+01,4.026164427839479032e+01,4.143669871020131978e+01,4.295346318982905842e+01,4.341658669218482203e+01,3.101613966466503225e+00
1.300000000000000000e+01,1.526433752247374720e+01,2.022374841615668473e+01,2.308679276123039159e+01,4.002499219237900263e+01,4.143669871020131978e+01,4.393176527297759293e+01,4.341658669218482203e+01,3.101613966466503225e+00
1.300000000000000000e+01,1.526433752247374720e+01,2.022374841615668473e+01,2.308679276123039159e+01,4.026164427839479032e+01,4.159326868617084472e+01,4.295346318982905842e+01,4.244997055358224713e+01,3.101613966466503225e+00
1.300000000000000000e+01,1.612451549659709826e+01,2.121320343559642652e+01,2.308679276123039159e+01,4.026164427839479032e+01,4.143669871020131978e+01,4.295346318982905842e+01,4.341658669218482203e+01,3.133860848901757201e+00
1.264911064067351809e+01,1.612451549659709826e+01,2.022374841615668473e+01,2.308679276123039159e+01,4.026164427839479032e+01,4.143669871020131978e+01,4.295346318982905842e+01,4.341658669218482203e+01,3.133860848901757201e+00
1.264911064067351809e+01,1.612451549659709826e+01,2.022374841615668473e+01,2.308679276123039159e+01,4.026164427839479032e+01,4.143669871020131978e+01,4.295346318982905842e+01,4.341658669218482203e+01,3.133860848901757201e+00
1.300000000000000000e+01,1.526433752247374720e+01,2.022374841615668473e+01,2.308679276123039159e+01,4.026164427839479032e+01,4.143669871020131978e+01,4.295346318982905842e+01,4.341658669218482203e+01,3.101613966466503225e+00
1.300000000000000000e+01,1.526433752247374720e+01,2.022374841615668473e+01,2.308679276123039159e+01,4.026164427839479032e+01,4.143669871020131978e+01,4.295346318982905842e+01,4.341658669218482203e+01,3.101613966466503225e+00
1.300000000000000000e+01,1.526433752247374720e+01,2.022374841615668473e+01,2.308679276123039159e+01,4.026164427839479032e+01,4.159326868617084472e+01,4.295346318982905842e+01,4.244997055358224713e+01,3.101613966466503225e+00
1.300000000000000000e+01,1.526433752247374720e+01,2.022374841615668473e+01,2.308679276123039159e+01,4.026164427839479032e+01,4.143669871020131978e+01,4.295346318982905842e+01,4.341658669218482203e+01,3.101613966466503225e+00
1.300000000000000000e+01,1.565247584249852864e+01,2.022374841615668473e+01,2.202271554554523902e+01,4.026164427839479032e+01,4.159326868617084472e+01,4.295346318982905842e+01,4.244997055358224713e+01,3.101613966466503225e+00
1.300000000000000000e+01,1.421267040355189515e+01,1.910497317454279909e+01,2.319482700948640286e+01,3.962322551231790158e+01,3.931920650267500150e+01,4.373785545725807822e+01,4.341658669218482203e+01,3.110674674026750353e+00
1.486606874731850603e+01,1.170469991071962568e+01,2.061552812808830382e+01,2.002498439450078749e+01,3.801315561749642313e+01,4.060788100849390503e+01,4.512205669071391156e+01,4.130375285612676350e+01,2.947040687971161255e+00
1.552417469626002422e+01,9.055385138137417300e+00,2.334523505985750447e+01,2.024845673131658685e+01,3.811823710509183627e+01,4.002499219237900263e+01,4.780167361086847677e+01,4.219004621945797595e+01,2.540764936133228957e+00
1.824828759089465890e+01,7.071067811865475505e+00,2.247220505424423109e+01,2.024845673131658685e+01,4.001249804748510996e+01,3.956008088970496317e+01,4.522167621838005402e+01,4.318564576337836769e+01,2.214297435588180818e+00
1.711724276862369010e+01,8.485281374238569541e+00,2.563201123595259290e+01,2.126029162546929996e+01,4.201190307520000999e+01,3.862641583165593318e+01,4.401136216933077350e+01,4.418144406874904462e+01,2.189072316608450031e+00
2.376972864800942631e+01,4.123105625617660586e+00,2.647640458974745314e+01,2.061552812808830382e+01,4.401136216933077350e+01,3.847076812334268681e+01,4.254409477236529824e+01,4.318564576337836769e+01,1.799070100032949426e+00
2.340939982143925135e+01,9.055385138137417300e+00,2.707397274136176790e+01,2.147091055358388800e+01,4.866210024238575471e+01,3.764306044943742080e+01,4.254409477236529824e+01,4.500000000000000000e+01,1.932684724053497893e+00
2.308679276123039159e+01,9.219544457292887074e+00,2.801785145224380003e+01,2.247220505424423109e+01,4.657252408878007088e+01,3.894868418830089496e+01,4.045985664828781836e+01,4.257933771208753626e+01,2.094715674480095657e+00
2.308679276123039159e+01,1.004987562112088995e+01,2.801785145224380003e+01,2.282542442102665348e+01,4.939635614091387339e+01,4.254409477236529824e+01,4.036087214122112954e+01,4.080441152620633005e+01,2.238322386995128532e+00
2.433105012119287736e+01,1.315294643796590535e+01,3.026549190084311292e+01,2.220360331117451835e+01,4.123105625617660763e+01,4.459820624195551630e+01,4.810405388322277531e+01,4.243819034784588951e+01,2.602252192555131849e+00
2.236067977499789805e+01,1.303840481040529831e+01,2.906888370749726747e+01,2.247220505424423109e+01,4.967896939349688523e+01,5.246903848937962067e+01,4.560701700396551672e+01,4.036087214122112954e+01,2.706083311329900987e+00
2.158703314492290204e+01,1.204159457879229578e+01,2.906888370749726747e+01,2.332380757938120297e+01,5.263078946776306566e+01,5.514526271584895056e+01,4.373785545725807822e+01,4.101219330881975367e+01,2.761224713522297591e+00
1.931320791582796659e+01,1.236931687685298087e+01,3.106444913401813324e+01,2.247220505424423109e+01,5.663920903402518547e+01,5.400000000000000000e+01,3.981205847478876336e+01,4.036087214122112954e+01,2.908295702053166121e+00
1.992485884517127559e+01,1.019803902718556898e+01,3.006659275674581622e+01,2.360084744241189370e+01,5.672741841473133917e+01,5.300943312279428454e+01,3.551056180912940619e+01,3.905124837953326988e+01,2.903589707535181752e+00
2.022374841615668473e+01,1.104536101718726115e+01,2.906888370749726747e+01,2.420743687382040932e+01,6.095900261651268437e+01,6.029925372672533967e+01,3.522782990761707111e+01,3.661966684720110976e+01,2.954272319564052118e+00
1.923538406167134340e+01,1.300000000000000000e+01,2.900000000000000000e+01,2.302172886644267535e+01,5.240229002629560995e+01,6.395310782127792493e+01,4.031128874149274566e+01,3.511409973215887703e+01,3.041071153147911765e+00
2.202271554554523902e+01,1.612451549659709826e+01,3.001666203960726875e+01,2.469817807045693669e+01,5.456189146281496249e+01,6.236986451805070431e+01,4.031128874149274566e+01,3.624913792078371699e+01,3.015351580555223787e+00
1.486606874731850603e+01,1.220655561573370207e+01,2.900000000000000000e+01,2.523885892824792521e+01,5.445181356024792763e+01,6.395310782127792493e+01,3.945883931389771959e+01,3.676955262170046979e+01,3.142399755916557957e+00
1.360147050873544394e+01,1.204159457879229578e+01,2.906888370749726747e+01,2.624880949681337583e+01,5.166236541235795698e+01,6.067124524847005063e+01,3.820994634908559817e+01,3.546829570193639825e+01,3.249177392833294320e+00
1.476482306023340030e+01,1.264911064067351809e+01,2.844292530665578411e+01,2.624880949681337583e+01,4.891829923454003648e+01,5.632051136131489244e+01,3.700000000000000000e+01,3.361547262794321966e+01,3.269824963919715444e+00
1.389244398944980396e+01,1.456021977856103611e+01,2.647640458974745314e+01,2.580697580112788003e+01,4.701063709417263681e+01,5.323532661682465772e+01,3.601388621073821383e+01,3.324154027718932269e+01,3.294393581357286216e+00
1.341640786499873883e+01,1.360147050873544394e+01,2.647640458974745314e+01,2.561249694973139412e+01,4.763402145525821396e+01,5.346026561849463832e+01,3.700000000000000000e+01,3.310589071449369669e+01,3.309478272979311519e+00
1.431782106327635340e+01,1.140175425099137918e+01,2.647640458974745314e+01,2.549509756796392423e+01,4.957822102496216132e+01,5.308483775994798748e+01,3.805259518088089266e+01,3.671511950137163893e+01,3.219084228074649889e+00
1.264911064067351809e+01,1.300000000000000000e+01,2.745906043549196340e+01,2.617250465660480074e+01,5.166236541235795698e+01,5.622277118748238678e+01,3.905124837953326988e+01,3.584689665786984136e+01,3.298930288269609434e+00
1.360147050873544394e+01,1.170469991071962568e+01,2.844292530665578411e+01,2.758622844826744469e+01,5.234500931320960149e+01,5.721887800367986898e+01,4.004996878900157498e+01,3.635931792539568619e+01,3.262216322169896099e+00
1.360147050873544394e+01,1.300000000000000000e+01,2.844292530665578411e+01,2.758622844826744469e+01,5.093132631298737323e+01,5.614267539047279598e+01,3.905124837953326988e+01,3.584689665786984136e+01,3.261635264710594839e+00
1.392838827718411920e+01,1.303840481040529831e+01,2.418677324489564739e+01,2.418677324489564739e+01,4.891829923454003648e+01,5.408326913195983821e+01,3.911521443121588959e+01,3.535533905932737753e+01,3.103718529558578965e+00
1.360147050873544394e+01,1.389244398944980396e+01,2.400000000000000000e+01,2.469817807045693669e+01,4.841487374764081864e+01,5.108815909777920439e+01,3.820994634908559817e+01,3.535533905932737753e+01,3.002952916455635002e+00
1.360147050873544394e+01,1.581138830084189628e+01,2.500000000000000000e+01,2.529822128134703618e+01,4.580392996239514503e+01,4.804164859785725383e+01,3.811823710509183627e+01,3.623534186398687496e+01,3.049226075372717837e+00
1.389244398944980396e+01,2.061552812808830382e+01,2.531797780234432693e+01,2.451530134426252516e+01,4.465422712353221613e+01,4.509988913511872255e+01,3.612478373637688378e+01,3.488552708502481892e+01,3.231857648090254109e+00
1.140175425099137918e+01,1.780449381476485726e+01,2.302172886644267535e+01,2.451530134426252516e+01,4.548626166217663780e+01,4.509988913511872255e+01,3.721558813185679071e+01,3.535533905932737753e+01,3.084597392435351360e+00
1.345362404707370985e+01,1.720465053408525335e+01,2.308679276123039159e+01,2.630589287593181069e+01,4.743416490252568707e+01,4.716990566028302112e+01,3.622154055254966920e+01,3.488552708502481892e+01,2.940064885854459575e+00
1.360147050873544394e+01,1.697056274847713908e+01,2.236067977499789805e+01,2.707397274136176790e+01,4.882622246293480828e+01,4.816637831516918311e+01,3.634556369077249371e+01,3.488552708502481892e+01,2.822166202340131047e+00
1.220655561573370207e+01,1.838477631085023489e+01,2.500000000000000000e+01,2.701851217221259205e+01,4.632493928760187885e+01,4.517742799230607176e+01,3.622154055254966920e+01,3.488552708502481892e+01,2.877104271040560768e+00
1.345362404707370985e+01,1.627882059609970611e+01,2.280350850198275836e+01,2.701851217221259205e+01,4.770744176750625343e+01,4.825971404805461873e+01,3.733630940518894192e+01,3.354101966249684352e+01,2.760211386061981464e+00
1.345362404707370985e+01,1.562049935181330795e+01,2.247220505424423109e+01,2.701851217221259205e+01,4.770744176750625343e+01,4.825971404805461873e+01,3.733630940518894192e+01,3.354101966249684352e+01,2.652199661361935412e+00
1.627882059609970611e+01,1.442220510185595650e+01,2.308679276123039159e+01,2.607680962081059661e+01,4.992995093127971273e+01,4.837354648979129479e+01,3.733630940518894192e+01,3.488552708502481892e+01,2.602074459970146858e+00
1.780449381476485726e+01,1.252996408614166768e+01,2.280350850198275836e+01,2.600000000000000000e+01,4.964876634922563881e+01,4.936598018878993344e+01,3.820994634908559817e+01,3.535533905932737753e+01,2.584589114219367989e+00
1.486606874731850603e+01,1.562049935181330795e+01,2.256102834535695578e+01,2.600000000000000000e+01,4.964876634922563881e+01,4.936598018878993344e+01,3.712142238654116966e+01,3.577708763999663688e+01,2.743327906667829552e+00
1.562049935181330795e+01,1.697056274847713908e+01,2.319482700948640286e+01,2.701851217221259205e+01,4.854894437575342181e+01,4.825971404805461873e+01,3.712142238654116966e+01,3.624913792078371699e+01,2.827637523786765250e+00
1.345362404707370985e+01,1.697056274847713908e+01,2.236067977499789805e+01,2.601922366251537611e+01,4.770744176750625343e+01,4.726520919238589613e+01,3.705401462729781059e+01,3.667424164178449786e+01,2.861924872698125455e+00
1.442220510185595650e+01,1.838477631085023489e+01,2.302172886644267535e+01,2.607680962081059661e+01,4.632493928760187885e+01,4.617358552246078318e+01,3.605551275463989214e+01,3.624913792078371699e+01,2.972729110514910289e+00
1.303840481040529831e+01,1.910497317454279909e+01,2.302172886644267535e+01,2.617250465660480074e+01,4.527692569068708650e+01,4.517742799230607176e+01,3.712142238654116966e+01,3.534119409414458346e+01,3.038511045067092908e+00
1.303840481040529831e+01,1.838477631085023489e+01,2.300000000000000000e+01,2.418677324489564739e+01,4.527692569068708650e+01,4.517742799230607176e+01,3.712142238654116966e+01,3.534119409414458346e+01,3.079724807725412905e+00
1.562049935181330795e+01,1.421267040355189515e+01,2.507987240796890660e+01,2.570992026436488231e+01,4.548626166217663780e+01,4.609772228646443892e+01,3.705401462729781059e+01,3.667424164178449786e+01,2.916730010188616440e+00
1.640121946685672683e+01,1.414213562373095101e+01,2.607680962081059661e+01,2.570992026436488231e+01,4.548626166217663780e+01,4.816637831516918311e+01,3.805259518088089266e+01,3.534119409414458346e+01,2.907587486874121829e+00
1.503329637837290811e+01,1.264911064067351809e+01,2.816025568065744622e+01,2.906888370749726747e+01,4.500000000000000000e+01,5.124451190127582834e+01,4.204759208325727826e+01,3.758989225842500304e+01,3.381997306305527751e+00
1.170469991071962568e+01,1.600000000000000000e+01,2.459674775249768786e+01,3.052867504494749440e+01,4.103656905736638549e+01,5.100980297942739838e+01,4.219004621945797595e+01,3.807886552931954327e+01,3.593746515875568814e+00
1.170469991071962568e+01,1.513274595042155646e+01,2.418677324489564739e+01,3.041381265149109936e+01,4.103656905736638549e+01,5.200000000000000000e+01,4.318564576337836769e+01,3.894868418830089496e+01,3.628175145718891770e+00
1.252996408614166768e+01,1.403566884761819900e+01,2.580697580112788003e+01,2.973213749463701205e+01,4.031128874149274566e+01,5.308483775994798748e+01,4.401136216933077350e+01,3.773592452822641263e+01,3.666813324300797206e+00
1.118033988749894903e+01,1.529705854077835525e+01,2.640075756488817049e+01,3.036445290137795183e+01,3.982461550347975532e+01,5.333854141237834767e+01,4.501110973970759943e+01,3.780211634287159939e+01,3.674270373048531102e+00
1.204159457879229578e+01,1.552417469626002422e+01,2.343074902771996193e+01,2.765863337187866122e+01,4.219004621945797595e+01,5.590169943749474157e+01,4.204759208325727826e+01,3.780211634287159939e+01,3.765583062032888506e+00
1.360147050873544394e+01,1.612451549659709826e+01,2.500000000000000000e+01,2.828427124746190202e+01,4.390899680020029905e+01,5.707013229352109818e+01,4.210700654285459876e+01,3.841874542459709119e+01,3.807180229807147320e+00
1.392838827718411920e+01,1.802775637731994607e+01,2.302172886644267535e+01,2.729468812791236232e+01,4.477722635447621968e+01,5.805170109479996654e+01,4.210700654285459876e+01,3.841874542459709119e+01,3.865936458568235867e+00
2.102379604162863913e+01,2.121320343559642652e+01,1.969771560359220786e+01,2.630589287593181069e+01,4.477722635447621968e+01,5.903388857258176614e+01,4.310452412450461424e+01,3.841874542459709119e+01,3.899497746135079268e+00
2.000000000000000000e+01,2.209072203437452231e+01,1.923538406167134340e+01,2.745906043549196340e+01,4.410215414239988974e+01,5.770615218501403376e+01,4.410215414239988974e+01,3.841874542459709119e+01,3.925482522505065575e+00
2.002498439450078749e+01,2.408318915758459156e+01,1.972308292331602075e+01,2.863564212655270680e+01,4.410215414239988974e+01,5.656854249492380404e+01,4.404543109109047805e+01,3.905124837953326988e+01,3.947219271312202071e+00
1.902629759044044633e+01,2.308679276123039159e+01,2.109502310972898798e+01,2.863564212655270680e+01,4.382921400162225467e+01,5.656854249492380404e+01,4.410215414239988974e+01,3.841874542459709119e+01,3.925507871954679207e+00
1.802775637731994607e+01,2.202271554554523902e+01,2.059126028197400160e+01,2.745906043549196340e+01,4.465422712353221613e+01,5.755866572463263964e+01,4.410215414239988974e+01,3.841874542459709119e+01,3.952454825568609831e+00
1.902629759044044633e+01,2.220360331117451835e+01,2.059126028197400160e+01,2.647640458974745314e+01,4.465422712353221613e+01,5.755866572463263964e+01,4.410215414239988974e+01,3.841874542459709119e+01,3.937015543818247920e+00
1.902629759044044633e+01,2.319482700948640286e+01,2.109502310972898798e+01,2.765863337187866122e+01,4.465422712353221613e+01,5.656854249492380404e+01,4.310452412450461424e+01,3.841874542459709119e+01,3.925507871954679207e+00
1.627882059609970611e+01,2.121320343559642652e+01,2.280350850198275836e+01,2.765863337187866122e+01,4.326661530556787483e+01,5.854912467321778990e+01,4.604345773288535071e+01,3.841874542459709119e+01,3.867360103856071873e+00
1.902629759044044633e+01,2.236067977499789805e+01,2.080865204668481283e+01,2.765863337187866122e+01,4.548626166217663780e+01,5.755866572463263964e+01,4.410215414239988974e+01,3.905124837953326988e+01,3.880179914328972579e+00
2.061552812808830382e+01,2.340939982143925135e+01,2.202271554554523902e+01,2.785677655436823841e+01,4.579301256742124338e+01,5.953990258641678679e+01,4.604345773288535071e+01,3.969886648255841521e+01,3.734151034274590941e+00
2.325940669922601600e+01,2.500000000000000000e+01,2.408318915758459156e+01,2.778488797889960793e+01,5.060632371551997721e+01,6.251399843235113707e+01,4.318564576337836769e+01,3.828837943815329226e+01,3.531090742931978887e+00
2.416609194718914466e+01,2.624880949681337583e+01,2.500000000000000000e+01,2.915475947422650194e+01,5.100000000000000000e+01,6.264982043070833839e+01,4.318564576337836769e+01,3.894868418830089496e+01,3.483559213888564265e+00
2.952964612046680060e+01,2.617250465660480074e+01,2.624880949681337583e+01,3.088689042296100240e+01,5.371219600798313820e+01,6.296824596572466248e+01,4.143669871020131978e+01,3.889730067755344578e+01,3.382657442376706847e+00
2.459674775249768786e+01,2.360084744241189370e+01,2.561249694973139412e+01,3.130495168499705727e+01,5.408326913195983821e+01,6.596969000988256937e+01,4.159326868617084472e+01,3.889730067755344578e+01,3.379082906130711272e+00
1.835755975068581947e+01,2.154065922853801496e+01,2.483948469674844262e+01,2.996664812754339380e+01,5.565968020030298646e+01,6.841052550594828574e+01,4.079215610874227593e+01,3.818376618407356915e+01,3.435461988622261043e+00
1.442220510185595650e+01,1.600000000000000000e+01,2.624880949681337583e+01,3.008321791298264714e+01,5.124451190127582834e+01,6.519202405202648265e+01,3.956008088970496317e+01,3.748332962798262713e+01,3.364246165467949634e+00
1.476482306023340030e+01,1.500000000000000000e+01,2.690724809414741969e+01,2.879236009777593708e+01,4.972926703662542280e+01,6.315853069855251078e+01,4.143669871020131978e+01,3.764306044943742080e+01,3.313209724137246681e+00
1.442220510185595650e+01,1.702938636592640265e+01,2.690724809414741969e+01,2.915475947422650194e+01,5.263078946776306566e+01,6.630987860040161763e+01,4.049691346263317371e+01,3.753664875824691904e+01,3.341450504554577261e+00
2.080865204668481283e+01,2.385372088375312671e+01,2.780287754891568852e+01,3.001666203960726875e+01,5.412947441089742995e+01,6.762396025078685113e+01,3.956008088970496317e+01,3.687817782917154830e+01,3.235781215926784249e+00
2.332380757938120297e+01,2.469817807045693669e+01,2.690724809414741969e+01,3.088689042296100240e+01,5.629387178015027615e+01,6.854195795277517789e+01,3.992492955535426091e+01,3.764306044943742080e+01,3.257885456081337949e+00
2.785677655436823841e+01,2.842534080710379030e+01,2.624880949681337583e+01,3.176476034853718033e+01,5.727128425310541360e+01,7.000714249274855661e+01,4.085339643163099055e+01,3.701351104664349378e+01,3.260703932026130403e+00
2.863564212655270680e+01,2.701851217221259205e+01,2.549509756796392423e+01,3.224903099319419653e+01,5.805170109479996654e+01,6.946221994724902515e+01,4.031128874149274566e+01,3.720215047547655018e+01,3.199108465918753197e+00
3.087069808086626210e+01,2.906888370749726747e+01,2.687005768508880621e+01,3.224903099319419653e+01,5.707013229352109818e+01,6.946221994724902515e+01,3.992492955535426091e+01,3.701351104664349378e+01,3.225581183336100999e+00
2.996664812754339380e+01,2.831960451701259274e+01,2.687005768508880621e+01,3.088689042296100240e+01,5.787054518492114852e+01,6.946221994724902515e+01,3.992492955535426091e+01,3.720215047547655018e+01,3.218153781900769950e+00
2.657066051117284644e+01,3.023243291566194912e+01,2.617250465660480074e+01,3.138470965295043058e+01,5.787054518492114852e+01,6.894200461257273105e+01,3.939543120718441571e+01,3.720215047547655018e+01,3.278928158484526900e+00
3.088689042296100240e+01,2.758622844826744469e+01,2.624880949681337583e+01,3.190611226708763226e+01,5.707013229352109818e+01,6.854195795277517789e+01,4.031128874149274566e+01,3.720215047547655018e+01,3.130408458906345004e+00
3.138470965295043058e+01,2.900000000000000000e+01,2.701851217221259205e+01,3.301514803843835466e+01,5.608921464952063474e+01,6.777905281132217397e+01,4.085339643163099055e+01,3.661966684720110976e+01,3.119438713758239334e+00
3.088689042296100240e+01,2.831960451701259274e+01,2.640075756488817049e+01,3.244996147917590434e+01,5.651548460377916427e+01,6.741661516273269683e+01,4.085339643163099055e+01,3.720215047547655018e+01,3.140920911639779156e+00
3.244996147917590434e+01,2.801785145224380003e+01,2.662705391138869615e+01,3.220248437620923454e+01,5.481788029466298440e+01,6.519202405202648265e+01,4.123105625617660763e+01,3.661966684720110976e+01,3.058470006643829286e+00
3.130495168499705727e+01,2.860069929215018192e+01,2.641968962724581260e+01,3.328663395418647752e+01,5.578530272392541178e+01,6.578753681359410166e+01,4.049691346263317371e+01,3.720215047547655018e+01,3.121987322732588499e+00
3.224903099319419653e+01,2.842534080710379030e+01,2.720294101747088789e+01,3.328663395418647752e+01,5.651548460377916427e+01,6.741661516273269683e+01,4.049691346263317371e+01,3.780211634287159939e+01,3.130840379798692119e+00
3.224903099319419653e+01,2.842534080710379030e+01,2.720294101747088789e+01,3.328663395418647752e+01,5.651548460377916427e+01,6.706713054842886379e+01,4.049691346263317371e+01,3.720215047547655018e+01,3.130840379798692119e+00
3.224903099319419653e+01,2.920616373302046753e+01,2.720294101747088789e+01,3.244996147917590434e+01,5.675385449465084520e+01,6.673080248281148386e+01,4.049691346263317371e+01,3.720215047547655018e+01,3.141592653589793116e+00
3.041381265149109936e+01,3.000000000000000000e+01,2.641968962724581260e+01,3.220248437620923454e+01,5.632051136131489244e+01,6.514598989960931874e+01,4.143669871020131978e+01,3.801315561749642313e+01,3.143097381602873774e+00
3.280243893371345365e+01,2.778488797889960793e+01,2.594224354214569317e+01,3.330165161069342616e+01,5.375872022286245056e+01,6.389053137985315090e+01,4.332435804486893716e+01,3.801315561749642313e+01,3.012352367469323333e+00
3.220248437620923454e+01,2.915475947422650194e+01,2.683281572999747766e+01,3.330165161069342616e+01,5.348831648126532912e+01,6.113100686231170044e+01,4.205948168962618183e+01,3.801315561749642313e+01,3.069064875883546151e+00
3.106444913401813324e+01,3.001666203960726875e+01,2.731300056749532601e+01,3.264965543462901820e+01,6.132699242584785537e+01,6.063827174318213054e+01,4.071854614300466579e+01,4.049691346263317371e+01,3.110294173719431399e+00
2.830194339616981125e+01,2.801785145224380003e+01,2.282542442102665348e+01,2.900000000000000000e+01,5.515432893255070468e+01,5.565968020030298646e+01,4.651881339845203200e+01,4.386342439892261780e+01,3.061685040180149198e+00
2.531797780234432693e+01,2.692582403567251959e+01,2.000000000000000000e+01,2.996664812754339380e+01,5.119570294468081784e+01,5.385164807134503917e+01,4.410215414239988974e+01,4.365775990588614519e+01,3.306885471684727129e+00
2.109502310972898798e+01,2.418677324489564739e+01,2.024845673131658685e+01,3.036445290137795183e+01,5.044799302251775686e+01,5.385164807134503917e+01,4.272001872658765365e+01,4.254409477236529824e+01,3.451232712169736594e+00
1.811077027627483460e+01,2.302172886644267535e+01,2.102379604162863913e+01,2.863564212655270680e+01,4.684015371452147747e+01,5.162363799656122865e+01,4.272001872658765365e+01,4.071854614300466579e+01,3.580678976968713734e+00
1.581138830084189628e+01,1.910497317454279909e+01,2.024845673131658685e+01,2.886173937932362321e+01,4.588027898781784586e+01,5.024937810560444973e+01,4.272001872658765365e+01,4.031128874149274566e+01,3.449645434613569428e+00
1.208304597359457233e+01,2.280350850198275836e+01,1.612451549659709826e+01,2.716615541441224835e+01,4.205948168962618183e+01,4.172529209005013229e+01,4.177319714841084419e+01,4.459820624195551630e+01,3.949875534659151199e+00
1.303840481040529831e+01,2.334523505985750447e+01,1.603121954188139853e+01,2.668332812825266842e+01,4.295346318982905842e+01,4.534313619501853765e+01,4.101219330881975367e+01,4.332435804486893716e+01,4.027686358403573585e+00
1.780449381476485726e+01,2.884441020371191300e+01,1.910497317454279909e+01,2.657066051117284644e+01,4.295346318982905842e+01,4.263801121065568367e+01,4.110960958218893069e+01,4.341658669218482203e+01,4.137486064156899346e+00
2.247220505424423109e+01,3.162277660168379256e+01,1.676305461424021104e+01,2.657066051117284644e+01,4.079215610874227593e+01,4.022437072223753063e+01,4.110960958218893069e+01,4.512205669071391156e+01,4.184314531958330363e+00
2.789265136196270589e+01,3.801315561749642313e+01,1.612451549659709826e+01,2.325940669922601600e+01,3.905124837953326988e+01,3.944616584663204151e+01,4.220189569201838253e+01,4.393176527297759293e+01,1.924177575561999420e+00
2.624880949681337583e+01,3.689173349139343117e+01,1.749285568453590045e+01,2.102379604162863913e+01,3.905124837953326988e+01,3.911521443121588959e+01,4.161730409336962566e+01,4.177319714841084419e+01,1.929085680921662105e+00
2.789265136196270589e+01,3.801315561749642313e+01,1.720465053408525335e+01,2.147091055358388800e+01,3.981205847478876336e+01,3.911521443121588959e+01,4.161730409336962566e+01,4.257933771208753626e+01,1.889160889616987804e+00
2.927456233660889495e+01,4.000000000000000000e+01,1.612451549659709826e+01,2.282542442102665348e+01,3.832753579347360073e+01,3.827531841800927737e+01,4.220189569201838253e+01,4.177319714841084419e+01,1.847373664280378414e+00
3.006659275674581622e+01,3.905124837953326988e+01,1.581138830084189628e+01,2.220360331117451835e+01,3.883297567789519888e+01,3.996248240537617136e+01,4.049691346263317371e+01,3.981205847478876336e+01,1.818329045325130622e+00
3.014962686336266984e+01,4.110960958218893069e+01,1.769180601295413169e+01,2.121320343559642652e+01,4.019950248448355978e+01,3.982461550347975532e+01,3.858756276314947797e+01,4.143669871020131978e+01,1.657042966545967611e+00
2.500000000000000000e+01,3.640054944640259293e+01,2.024845673131658685e+01,2.416609194718914466e+01,3.827531841800927737e+01,4.201190307520000999e+01,3.067572330035593353e+01,4.500000000000000000e+01,1.709697456273018723e+00
2.720294101747088789e+01,3.733630940518894192e+01,2.059126028197400160e+01,2.469817807045693669e+01,3.862641583165593318e+01,4.301162633521313694e+01,3.178049716414140846e+01,4.404543109109047805e+01,1.753432810794756769e+00
2.954657340538831534e+01,3.939543120718441571e+01,2.080865204668481283e+01,2.404163056034261459e+01,4.104875150354758517e+01,4.341658669218482203e+01,3.001666203960726875e+01,4.026164427839479032e+01,1.945305223798034611e+00
2.751363298439520833e+01,3.716180835212409050e+01,2.163330765278393741e+01,2.404163056034261459e+01,3.744329045369811126e+01,4.317406628984580408e+01,3.255764119219941222e+01,3.668787265568828104e+01,2.083086080244138660e+00
3.008321791298264714e+01,3.667424164178449786e+01,1.969771560359220786e+01,2.213594362117865444e+01,3.612478373637688378e+01,4.071854614300466579e+01,3.417601498127012150e+01,3.721558813185679071e+01,2.267341594578284880e+00
2.778488797889960793e+01,3.687817782917154830e+01,1.941648783894759944e+01,2.022374841615668473e+01,3.546829570193639825e+01,3.894868418830089496e+01,3.354101966249684352e+01,3.635931792539568619e+01,2.051749168937983647e+00
2.404163056034261459e+01,3.512833614050059339e+01,1.902629759044044633e+01,2.102379604162863913e+01,3.535533905932737753e+01,3.996248240537617136e+01,3.354101966249684352e+01,3.744329045369811126e+01,1.854590436003224374e+00
2.475883680627989492e+01,3.405877273185280529e+01,2.209072203437452231e+01,2.256102834535695578e+01,3.440930106817050671e+01,3.982461550347975532e+01,2.915475947422650194e+01,3.720215047547655018e+01,1.950586428661670535e+00
2.690724809414741969e+01,3.705401462729781059e+01,2.209072203437452231e+01,2.256102834535695578e+01,3.328663395418647752e+01,3.969886648255841521e+01,2.915475947422650194e+01,3.701351104664349378e+01,1.958672099751178175e+00
2.884441020371191300e+01,3.569313659514949677e+01,2.109502310972898798e+01,2.325940669922601600e+01,3.269556544854363267e+01,4.172529209005013229e+01,2.860069929215018192e+01,3.538361202590826338e+01,1.947744263889476413e+00
3.080584360149872580e+01,3.551056180912940619e+01,2.137755832643194864e+01,2.282542442102665348e+01,3.231098884280702066e+01,4.103656905736638549e+01,2.920616373302046753e+01,3.465544690232691494e+01,1.978964775528994080e+00
3.280243893371345365e+01,3.811823710509183627e+01,2.121320343559642652e+01,2.193171219946130890e+01,3.130495168499705727e+01,3.962322551231790158e+01,2.941088233970548416e+01,3.606937759374286401e+01,1.975486357811861104e+00
3.201562118716424266e+01,3.721558813185679071e+01,2.121320343559642652e+01,2.284731931759172596e+01,3.087069808086626210e+01,3.828837943815329226e+01,2.860069929215018192e+01,3.606937759374286401e+01,2.003064904148070813e+00
3.342154993413680586e+01,3.905124837953326988e+01,2.121320343559642652e+01,2.154065922853801496e+01,3.130495168499705727e+01,3.820994634908559817e+01,2.920616373302046753e+01,3.465544690232691494e+01,2.014814768578518933e+00
3.420526275297414287e+01,4.001249804748510996e+01,2.009975124224177989e+01,2.118962010041709121e+01,3.088689042296100240e+01,3.679673898594819548e+01,2.920616373302046753e+01,3.465544690232691494e+01,2.014893846308704273e+00
3.420526275297414287e+01,3.901281840626231912e+01,2.009975124224177989e+01,2.154065922853801496e+01,3.088689042296100240e+01,3.679673898594819548e+01,2.920616373302046753e+01,3.465544690232691494e+01,2.014893846308704273e+00
3.330165161069342616e+01,3.900000000000000000e+01,2.109502310972898798e+01,2.118962010041709121e+01,3.138470965295043058e+01,3.606937759374286401e+01,2.920616373302046753e+01,3.465544690232691494e+01,2.020902354459677586e+00
3.280243893371345365e+01,4.101219330881975367e+01,2.000000000000000000e+01,1.964688270438849926e+01,3.138470965295043058e+01,3.606937759374286401e+01,2.920616373302046753e+01,3.465544690232691494e+01,2.020902354459677586e+00
3.330165161069342616e+01,4.000000000000000000e+01,2.102379604162863913e+01,2.184032966784155505e+01,3.106444913401813324e+01,3.538361202590826338e+01,2.920616373302046753e+01,3.535533905932737753e+01,2.019465810358089364e+00
3.201562118716424266e+01,4.000000000000000000e+01,2.100000000000000000e+01,2.088061301782110135e+01,3.052867504494749440e+01,3.538361202590826338e+01,2.860069929215018192e+01,3.535533905932737753e+01,2.001328998022925632e+00
3.264965543462901820e+01,4.001249804748510996e+01,2.102379604162863913e+01,2.184032966784155505e+01,3.052867504494749440e+01,3.538361202590826338e+01,2.860069929215018192e+01,3.535533905932737753e+01,2.001328998022925632e+00
3.264965543462901820e+01,4.001249804748510996e+01,2.102379604162863913e+01,2.184032966784155505e+01,3.052867504494749440e+01,3.538361202590826338e+01,2.860069929215018192e+01,3.535533905932737753e+01,2.001328998022925632e+00
3.264965543462901820e+01,4.001249804748510996e+01,2.102379604162863913e+01,2.184032966784155505e+01,3.052867504494749440e+01,3.538361202590826338e+01,2.860069929215018192e+01,3.535533905932737753e+01,2.001328998022925632e+00
3.264965543462901820e+01,4.000000000000000000e+01,2.102379604162863913e+01,2.088061301782110135e+01,3.106444913401813324e+01,3.538361202590826338e+01,2.920616373302046753e+01,3.535533905932737753e+01,2.001328998022925632e+00
3.264965543462901820e+01,4.000000000000000000e+01,2.102379604162863913e+01,2.088061301782110135e+01,3.052867504494749440e+01,3.538361202590826338e+01,2.860069929215018192e+01,3.535533905932737753e+01,2.001328998022925632e+00
3.330165161069342616e+01,3.901281840626231912e+01,2.102379604162863913e+01,2.118962010041709121e+01,3.052867504494749440e+01,3.538361202590826338e+01,2.920616373302046753e+01,3.465544690232691494e+01,2.039854162539416649e+00
3.330165161069342616e+01,4.001249804748510996e+01,2.102379604162863913e+01,2.088061301782110135e+01,3.052867504494749440e+01,3.538361202590826338e+01,2.860069929215018192e+01,3.535533905932737753e+01,2.019465810358089364e+00
3.255764119219941222e+01,3.900000000000000000e+01,2.102379604162863913e+01,2.184032966784155505e+01,3.106444913401813324e+01,3.538361202590826338e+01,2.920616373302046753e+01,3.535533905932737753e+01,2.027828817294976105e+00
3.330165161069342616e+01,3.900000000000000000e+01,2.102379604162863913e+01,2.213594362117865444e+01,3.106444913401813324e+01,3.606937759374286401e+01,2.920616373302046753e+01,3.465544690232691494e+01,2.019465810358089364e+00
3.255764119219941222e+01,3.800000000000000000e+01,2.102379604162863913e+01,2.213594362117865444e+01,3.106444913401813324e+01,3.606937759374286401e+01,3.000000000000000000e+01,3.535533905932737753e+01,2.027420820581588679e+00
3.330165161069342616e+01,3.900000000000000000e+01,2.102379604162863913e+01,2.213594362117865444e+01,3.138470965295043058e+01,3.538361202590826338e+01,2.780287754891568852e+01,3.535533905932737753e+01,2.019465810358089364e+00
3.330165161069342616e+01,3.900000000000000000e+01,2.102379604162863913e+01,2.213594362117865444e+01,3.138470965295043058e+01,3.538361202590826338e+01,2.780287754891568852e+01,3.535533905932737753e+01,2.019465810358089364e+00
3.330165161069342616e+01,3.900000000000000000e+01,2.102379604162863913e+01,2.213594362117865444e+01,3.138470965295043058e+01,3.538361202590826338e+01,2.780287754891568852e+01,3.535533905932737753e+01,2.019465810358089364e+00
3.330165161069342616e+01,3.900000000000000000e+01,2.102379604162863913e+01,2.213594362117865444e+01,3.138470965295043058e+01,3.538361202590826338e+01,2.780287754891568852e+01,3.535533905932737753e+01,2.019465810358089364e+00
3.330165161069342616e+01,3.900000000000000000e+01,2.102379604162863913e+01,2.213594362117865444e+01,3.138470965295043058e+01,3.538361202590826338e+01,2.780287754891568852e+01,3.535533905932737753e+01,2.019465810358089364e+00
3.330165161069342616e+01,3.900000000000000000e+01,2.102379604162863913e+01,2.213594362117865444e+01,3.052867504494749440e+01,3.538361202590826338e+01,2.860069929215018192e+01,3.535533905932737753e+01,2.019465810358089364e+00
3.330165161069342616e+01,3.900000000000000000e+01,2.102379604162863913e+01,2.213594362117865444e+01,3.138470965295043058e+01,3.538361202590826338e+01,2.780287754891568852e+01,3.535533905932737753e+01,2.019465810358089364e+00
3.255764119219941222e+01,3.900000000000000000e+01,2.109502310972898798e+01,2.088061301782110135e+01,3.275667870831839679e+01,3.606937759374286401e+01,2.842534080710379030e+01,3.535533905932737753e+01,2.009017990347276239e+00
3.397057550292606010e+01,4.001249804748510996e+01,2.109502310972898798e+01,2.088061301782110135e+01,3.275667870831839679e+01,3.606937759374286401e+01,2.842534080710379030e+01,3.535533905932737753e+01,2.019057813644701938e+00
3.330165161069342616e+01,4.000000000000000000e+01,2.102379604162863913e+01,2.184032966784155505e+01,3.190611226708763226e+01,3.606937759374286401e+01,2.842534080710379030e+01,3.465544690232691494e+01,2.019465810358089364e+00
3.330165161069342616e+01,4.000000000000000000e+01,2.102379604162863913e+01,2.184032966784155505e+01,3.190611226708763226e+01,3.538361202590826338e+01,2.842534080710379030e+01,3.535533905932737753e+01,2.019465810358089364e+00
3.330165161069342616e+01,3.900000000000000000e+01,2.102379604162863913e+01,2.213594362117865444e+01,3.138470965295043058e+01,3.538361202590826338e+01,2.780287754891568852e+01,3.535533905932737753e+01,2.019465810358089364e+00
3.330165161069342616e+01,3.900000000000000000e+01,2.102379604162863913e+01,2.213594362117865444e+01,3.138470965295043058e+01,3.538361202590826338e+01,2.780287754891568852e+01,3.535533905932737753e+01,2.019465810358089364e+00
3.330165161069342616e+01,3.900000000000000000e+01,2.102379604162863913e+01,2.213594362117865444e+01,3.138470965295043058e+01,3.538361202590826338e+01,2.780287754891568852e+01,3.535533905932737753e+01,2.019465810358089364e+00
3.330165161069342616e+01,3.900000000000000000e+01,2.102379604162863913e+01,2.213594362117865444e+01,3.138470965295043058e+01,3.538361202590826338e+01,2.780287754891568852e+01,3.535533905932737753e+01,2.019465810358089364e+00
3.255764119219941222e+01,3.900000000000000000e+01,2.102379604162863913e+01,2.184032966784155505e+01,3.088689042296100240e+01,3.612478373637688378e+01,2.780287754891568852e+01,3.535533905932737753e+01,2.048217169476303390e+00
3.330165161069342616e+01,3.900000000000000000e+01,2.002498439450078749e+01,2.184032966784155505e+01,3.088689042296100240e+01,3.612478373637688378e+01,2.780287754891568852e+01,3.535533905932737753e+01,2.048217169476303390e+00
3.405877273185280529e+01,4.001249804748510996e+01,2.002498439450078749e+01,2.280350850198275836e+01,3.088689042296100240e+01,3.612478373637688378e+01,2.780287754891568852e+01,3.535533905932737753e+01,2.039854162539416649e+00
3.330165161069342616e+01,3.901281840626231912e+01,2.109502310972898798e+01,2.213594362117865444e+01,3.176476034853718033e+01,3.679673898594819548e+01,2.780287754891568852e+01,3.535533905932737753e+01,2.020902354459677586e+00
3.255764119219941222e+01,3.901281840626231912e+01,2.109502310972898798e+01,2.184032966784155505e+01,3.176476034853718033e+01,3.679673898594819548e+01,2.780287754891568852e+01,3.535533905932737753e+01,2.028999343497415619e+00
3.330165161069342616e+01,3.901281840626231912e+01,2.002498439450078749e+01,2.280350850198275836e+01,3.088689042296100240e+01,3.612478373637688378e+01,2.780287754891568852e+01,3.535533905932737753e+01,2.048217169476303390e+00
3.324154027718932269e+01,3.800000000000000000e+01,2.002498439450078749e+01,2.280350850198275836e+01,3.088689042296100240e+01,3.679673898594819548e+01,2.860069929215018192e+01,3.535533905932737753e+01,2.074422622918992598e+00
3.255764119219941222e+01,3.805259518088089266e+01,2.100000000000000000e+01,2.256102834535695578e+01,3.466987164671942878e+01,3.606937759374286401e+01,2.831960451701259274e+01,3.465544690232691494e+01,2.079867215217279686e+00
3.330165161069342616e+01,3.911521443121588959e+01,2.100000000000000000e+01,2.236067977499789805e+01,3.440930106817050671e+01,3.535533905932737753e+01,2.831960451701259274e+01,3.538361202590826338e+01,2.077018267542109164e+00
3.255764119219941222e+01,3.905124837953326988e+01,2.100000000000000000e+01,2.236067977499789805e+01,3.522782990761707111e+01,3.606937759374286401e+01,2.900000000000000000e+01,3.465544690232691494e+01,2.079867215217279686e+00
3.255764119219941222e+01,3.905124837953326988e+01,2.100000000000000000e+01,2.236067977499789805e+01,3.522782990761707111e+01,3.606937759374286401e+01,2.900000000000000000e+01,3.465544690232691494e+01,2.079867215217279686e+00
3.252691193458118590e+01,4.001249804748510996e+01,2.100000000000000000e+01,2.236067977499789805e+01,3.522782990761707111e+01,3.535533905932737753e+01,2.900000000000000000e+01,3.535533905932737753e+01,2.052460004349758282e+00
3.324154027718932269e+01,4.001249804748510996e+01,2.102379604162863913e+01,2.236067977499789805e+01,3.466987164671942878e+01,3.535533905932737753e+01,2.831960451701259274e+01,3.535533905932737753e+01,2.052460004349758282e+00
3.252691193458118590e+01,3.901281840626231912e+01,2.102379604162863913e+01,2.158703314492290204e+01,3.551056180912940619e+01,3.606937759374286401e+01,2.831960451701259274e+01,3.535533905932737753e+01,2.034443935795702707e+00
3.324154027718932269e+01,3.901281840626231912e+01,2.102379604162863913e+01,2.256102834535695578e+01,3.466987164671942878e+01,3.535533905932737753e+01,2.831960451701259274e+01,3.535533905932737753e+01,2.052460004349758282e+00
3.255764119219941222e+01,3.901281840626231912e+01,2.102379604162863913e+01,2.236067977499789805e+01,3.413209633175202384e+01,3.606937759374286401e+01,2.831960451701259274e+01,3.535533905932737753e+01,2.081957259054307841e+00
3.255764119219941222e+01,3.901281840626231912e+01,2.102379604162863913e+01,2.236067977499789805e+01,3.413209633175202384e+01,3.606937759374286401e+01,2.831960451701259274e+01,3.535533905932737753e+01,2.081957259054307841e+00
3.255764119219941222e+01,3.901281840626231912e+01,2.102379604162863913e+01,2.236067977499789805e+01,3.413209633175202384e+01,3.606937759374286401e+01,2.831960451701259274e+01,3.535533905932737753e+01,2.081957259054307841e+00
3.255764119219941222e+01,3.901281840626231912e+01,2.109502310972898798e+01,2.137755832643194864e+01,3.498571136907180090e+01,3.676955262170046979e+01,2.758622844826744469e+01,3.465544690232691494e+01,2.063700264430976539e+00
3.324154027718932269e+01,3.901281840626231912e+01,2.109502310972898798e+01,2.158703314492290204e+01,3.498571136907180090e+01,3.676955262170046979e+01,2.758622844826744469e+01,3.465544690232691494e+01,2.054441269768853218e+00
3.255764119219941222e+01,3.901281840626231912e+01,2.102379604162863913e+01,2.236067977499789805e+01,3.413209633175202384e+01,3.606937759374286401e+01,2.758622844826744469e+01,3.465544690232691494e+01,2.082365255767695267e+00
3.255764119219941222e+01,3.801315561749642313e+01,2.109502310972898798e+01,2.158703314492290204e+01,3.498571136907180090e+01,3.676955262170046979e+01,2.831960451701259274e+01,3.535533905932737753e+01,2.063308261315030645e+00
3.255764119219941222e+01,3.801315561749642313e+01,2.109502310972898798e+01,2.158703314492290204e+01,3.498571136907180090e+01,3.676955262170046979e+01,2.831960451701259274e+01,3.535533905932737753e+01,2.063308261315030645e+00
3.182766092567909766e+01,3.801315561749642313e+01,2.102379604162863913e+01,2.158703314492290204e+01,3.498571136907180090e+01,3.676955262170046979e+01,2.831960451701259274e+01,3.535533905932737753e+01,2.063308261315030645e+00
3.255764119219941222e+01,3.801315561749642313e+01,2.009975124224177989e+01,2.184032966784155505e+01,3.498571136907180090e+01,3.679673898594819548e+01,2.765863337187866122e+01,3.465544690232691494e+01,1.997423819921772647e+00
2.831960451701259274e+01,3.522782990761707111e+01,2.102379604162863913e+01,2.308679276123039159e+01,3.498571136907180090e+01,3.748332962798262713e+01,2.831960451701259274e+01,3.465544690232691494e+01,1.995293443937184552e+00
2.202271554554523902e+01,2.927456233660889495e+01,2.102379604162863913e+01,2.088061301782110135e+01,3.535533905932737753e+01,4.101219330881975367e+01,2.973213749463701205e+01,3.538361202590826338e+01,2.056117791185730237e+00
2.561249694973139412e+01,3.200000000000000000e+01,2.200000000000000000e+01,2.088061301782110135e+01,3.534119409414458346e+01,4.172529209005013229e+01,2.900000000000000000e+01,3.465544690232691494e+01,2.149335490459906239e+00
2.842534080710379030e+01,3.413209633175202384e+01,2.308679276123039159e+01,2.213594362117865444e+01,3.417601498127012150e+01,4.177319714841084419e+01,2.900000000000000000e+01,3.397057550292606010e+01,2.250198382149870557e+00
2.973213749463701205e+01,3.405877273185280529e+01,2.400000000000000000e+01,2.505992817228333536e+01,3.132091952673165025e+01,4.220189569201838253e+01,2.900000000000000000e+01,3.330165161069342616e+01,2.216468648057250856e+00
2.842534080710379030e+01,3.413209633175202384e+01,2.408318915758459156e+01,2.247220505424423109e+01,3.238826948140329165e+01,4.205948168962618183e+01,3.162277660168379256e+01,3.400000000000000000e+01,2.303161155633840718e+00
2.860069929215018192e+01,3.337663853655727308e+01,2.517935662402834396e+01,2.420743687382040932e+01,2.915475947422650194e+01,4.080441152620633005e+01,3.671511950137163893e+01,3.640054944640259293e+01,2.407431657595763497e+00
2.906888370749726747e+01,3.405877273185280529e+01,2.517935662402834396e+01,2.220360331117451835e+01,2.816025568065744622e+01,4.044749683231336945e+01,4.178516483155235761e+01,3.705401462729781059e+01,2.672550222057891389e+00
3.182766092567909766e+01,3.400000000000000000e+01,2.353720459187963954e+01,2.109502310972898798e+01,3.361547262794321966e+01,4.440720662234903671e+01,4.110960958218893069e+01,3.883297567789519888e+01,2.819842099193150986e+00
3.189043743820394994e+01,3.601388621073821383e+01,2.334523505985750447e+01,2.109502310972898798e+01,3.623534186398687496e+01,4.627094120503709718e+01,4.197618372363071160e+01,3.794733192202055250e+01,2.873314715323891821e+00
3.047950130825634218e+01,3.214031735997639316e+01,2.184032966784155505e+01,2.080865204668481283e+01,3.883297567789519888e+01,4.949747468305832854e+01,4.244997055358224713e+01,3.862641583165593318e+01,2.850734172883337969e+00
3.114482300479487265e+01,3.405877273185280529e+01,2.451530134426252516e+01,2.220360331117451835e+01,4.080441152620633005e+01,5.491812087098392681e+01,4.570557952810575841e+01,3.443835071544512516e+01,2.933566526592863877e+00
3.114482300479487265e+01,3.612478373637688378e+01,2.531797780234432693e+01,2.332380757938120297e+01,4.201190307520000999e+01,5.375872022286245056e+01,4.455333881989092504e+01,3.535533905932737753e+01,2.962828477985177678e+00
3.111269837220809009e+01,3.405877273185280529e+01,2.549509756796392423e+01,2.302172886644267535e+01,4.675467891024383960e+01,5.474486277268398027e+01,4.229657196511320194e+01,3.635931792539568619e+01,2.987389992257701188e+00
2.024845673131658685e+01,2.088061301782110135e+01,2.630589287593181069e+01,2.469817807045693669e+01,5.166236541235795698e+01,5.215361924162119323e+01,4.201190307520000999e+01,4.252058325093859992e+01,3.145366220583728278e+00
1.811077027627483460e+01,1.389244398944980396e+01,2.729468812791236232e+01,2.469817807045693669e+01,5.381449618829483938e+01,5.522680508593630577e+01,4.201190307520000999e+01,4.186884283091664116e+01,3.228213364976789901e+00
1.811077027627483460e+01,1.523154621172781731e+01,2.707397274136176790e+01,2.459674775249768786e+01,5.374011537017761242e+01,5.333854141237834767e+01,4.301162633521313694e+01,4.177319714841084419e+01,3.282419617644677601e+00
2.000000000000000000e+01,1.726267650163206824e+01,2.807133769523639799e+01,2.370653918225939449e+01,5.445181356024792763e+01,5.246903848937962067e+01,4.301162633521313694e+01,4.244997055358224713e+01,3.274277318041534102e+00
1.902629759044044633e+01,1.615549442140351033e+01,2.716615541441224835e+01,2.459674775249768786e+01,5.517245689653488938e+01,5.333854141237834767e+01,4.304648650006176780e+01,4.242640687119285303e+01,3.284001740919306744e+00
2.109502310972898798e+01,1.843908891458577415e+01,2.915475947422650194e+01,2.555386467836127551e+01,5.375872022286245056e+01,5.223983154643590865e+01,4.304648650006176780e+01,4.242640687119285303e+01,3.264240039286744999e+00
1.923538406167134340e+01,1.655294535724684835e+01,2.745906043549196340e+01,2.580697580112788003e+01,5.590169943749474157e+01,5.323532661682465772e+01,4.310452412450461424e+01,4.313930922024598402e+01,3.183428693703572954e+00
1.702938636592640265e+01,1.280624847486569706e+01,2.692582403567251959e+01,2.475883680627989492e+01,5.663920903402518547e+01,5.522680508593630577e+01,4.310452412450461424e+01,4.242640687119285303e+01,3.013980341573025967e+00
1.500000000000000000e+01,1.341640786499873883e+01,2.823118842698620767e+01,2.561249694973139412e+01,5.608029957123981291e+01,5.603570290448760005e+01,4.328972164382672361e+01,4.172529209005013229e+01,2.948274709372261881e+00
1.414213562373095101e+01,1.341640786499873883e+01,2.823118842698620767e+01,2.662705391138869615e+01,5.382378656319155397e+01,5.700877125495689768e+01,4.229657196511320194e+01,3.962322551231790158e+01,2.954739338830179030e+00
1.486606874731850603e+01,1.565247584249852864e+01,2.817800560721074277e+01,2.745906043549196340e+01,5.382378656319155397e+01,5.700877125495689768e+01,4.328972164382672361e+01,4.036087214122112954e+01,2.884511706919599128e+00
1.749285568453590045e+01,1.720465053408525335e+01,2.729468812791236232e+01,2.801785145224380003e+01,5.408326913195983821e+01,5.707889277132134254e+01,4.242640687119285303e+01,4.036087214122112954e+01,2.932957180586199808e+00
1.615549442140351033e+01,1.526433752247374720e+01,2.817800560721074277e+01,2.745906043549196340e+01,5.269724850502159086e+01,5.707889277132134254e+01,4.318564576337836769e+01,4.103656905736638549e+01,2.926202384492103903e+00
1.612451549659709826e+01,1.664331697709323876e+01,2.729468812791236232e+01,2.745906043549196340e+01,5.269724850502159086e+01,5.703507692639679760e+01,4.318564576337836769e+01,4.036087214122112954e+01,2.893015378496818446e+00
1.843908891458577415e+01,1.910497317454279909e+01,2.817800560721074277e+01,2.830194339616981125e+01,5.215361924162119323e+01,5.614267539047279598e+01,4.229657196511320194e+01,4.036087214122112954e+01,2.907287122154555536e+00
2.247220505424423109e+01,2.483948469674844262e+01,2.830194339616981125e+01,2.729468812791236232e+01,5.131276644266999654e+01,5.514526271584895056e+01,4.328972164382672361e+01,4.110960958218893069e+01,2.810612099238722905e+00
2.147091055358388800e+01,2.202271554554523902e+01,2.720294101747088789e+01,2.915475947422650194e+01,4.992995093127971273e+01,5.423098745182499414e+01,4.130375285612676350e+01,3.962322551231790158e+01,2.737180625174680859e+00
1.676305461424021104e+01,1.900000000000000000e+01,2.580697580112788003e+01,3.114482300479487265e+01,4.860041152089146976e+01,5.215361924162119323e+01,4.219004621945797595e+01,4.101219330881975367e+01,2.365759000058734518e+00
1.788854381999831844e+01,1.843908891458577415e+01,2.773084924772409465e+01,3.201562118716424266e+01,4.560701700396551672e+01,5.024937810560444973e+01,4.219004621945797595e+01,4.031128874149274566e+01,2.297438667476622065e+00
1.838477631085023489e+01,1.824828759089465890e+01,2.683281572999747766e+01,3.201562118716424266e+01,4.420407221060068537e+01,5.223983154643590865e+01,4.119465984809195902e+01,3.687817782917154830e+01,2.317507545780695288e+00
2.202271554554523902e+01,2.300000000000000000e+01,2.624880949681337583e+01,3.014962686336266984e+01,4.356604182158393002e+01,5.178802950489620827e+01,4.031128874149274566e+01,3.748332962798262713e+01,2.197859512692500683e+00
2.334523505985750447e+01,2.200000000000000000e+01,2.647640458974745314e+01,2.912043955712207222e+01,4.205948168962618183e+01,5.239274758971894386e+01,4.044749683231336945e+01,3.676955262170046979e+01,2.141871889400358775e+00
2.353720459187963954e+01,2.302172886644267535e+01,2.729468812791236232e+01,2.941088233970548416e+01,4.295346318982905842e+01,5.316013544000804814e+01,3.981205847478876336e+01,3.679673898594819548e+01,2.144141176464108511e+00
2.529822128134703618e+01,2.500000000000000000e+01,2.716615541441224835e+01,2.879236009777593708e+01,4.031128874149274566e+01,5.092150822589606207e+01,3.883297567789519888e+01,3.679673898594819548e+01,2.121606399615471261e+00
2.816025568065744622e+01,2.607680962081059661e+01,2.716615541441224835e+01,2.941088233970548416e+01,3.848376280978771291e+01,4.904079934095691584e+01,3.883297567789519888e+01,3.679673898594819548e+01,2.170269136013688982e+00
3.008321791298264714e+01,2.647640458974745314e+01,2.716615541441224835e+01,2.846049894151541437e+01,3.891015291668743714e+01,4.964876634922563881e+01,3.883297567789519888e+01,3.606937759374286401e+01,2.188779603233272475e+00
2.886173937932362321e+01,2.549509756796392423e+01,2.630589287593181069e+01,2.816025568065744622e+01,3.758989225842500304e+01,4.838388161361177708e+01,3.765634076752546378e+01,3.538361202590826338e+01,2.184942887013427537e+00
2.863564212655270680e+01,2.531797780234432693e+01,2.617250465660480074e+01,2.789265136196270589e+01,3.671511950137163893e+01,4.904079934095691584e+01,3.832753579347360073e+01,3.546829570193639825e+01,2.156700481031275096e+00
2.729468812791236232e+01,2.319482700948640286e+01,2.716615541441224835e+01,2.816025568065744622e+01,3.721558813185679071e+01,4.808326112068522917e+01,3.847076812334268681e+01,3.612478373637688378e+01,2.156180189715059647e+00
2.400000000000000000e+01,2.000000000000000000e+01,2.729468812791236232e+01,2.886173937932362321e+01,3.635931792539568619e+01,4.684015371452147747e+01,3.748332962798262713e+01,3.471310991541956525e+01,2.185477124387700698e+00
2.300000000000000000e+01,1.902629759044044633e+01,2.617250465660480074e+01,2.789265136196270589e+01,3.635931792539568619e+01,4.684015371452147747e+01,3.748332962798262713e+01,3.471310991541956525e+01,2.167297309314722309e+00
2.789265136196270589e+01,2.109502310972898798e+01,2.284731931759172596e+01,2.531797780234432693e+01,3.324154027718932269e+01,4.317406628984580408e+01,4.143669871020131978e+01,3.560898762952971452e+01,2.496533913657471793e+00
2.846049894151541437e+01,2.483948469674844262e+01,2.555386467836127551e+01,2.473863375370596174e+01,3.280243893371345365e+01,4.197618372363071160e+01,3.920459156782531807e+01,3.584689665786984136e+01,2.470448818153784476e+00
2.830194339616981125e+01,3.052867504494749440e+01,2.545584412271571040e+01,2.061552812808830382e+01,2.968164415931165934e+01,3.860051813123756403e+01,4.019950248448355978e+01,3.721558813185679071e+01,2.711514518533930662e+00
2.690724809414741969e+01,2.983286778035259701e+01,2.193171219946130890e+01,1.941648783894759944e+01,2.865309756378880479e+01,3.889730067755344578e+01,3.931920650267500150e+01,3.577708763999663688e+01,3.002070312904493665e+00
2.500000000000000000e+01,2.716615541441224835e+01,2.473863375370596174e+01,2.080865204668481283e+01,2.563201123595259290e+01,3.546829570193639825e+01,4.011234224026316042e+01,3.757658845611187104e+01,3.081348182922735823e+00
2.640075756488817049e+01,2.716615541441224835e+01,2.404163056034261459e+01,2.080865204668481283e+01,2.624880949681337583e+01,3.478505426185217431e+01,4.011234224026316042e+01,3.624913792078371699e+01,3.056477690111131018e+00
1.964688270438849926e+01,2.209072203437452231e+01,2.600000000000000000e+01,1.923538406167134340e+01,2.473863375370596174e+01,3.401470270338990076e+01,4.110960958218893069e+01,3.848376280978771291e+01,3.271249122657103214e+00
2.280350850198275836e+01,2.647640458974745314e+01,2.607680962081059661e+01,1.992485884517127559e+01,2.668332812825266842e+01,3.383784863137726262e+01,4.210700654285459876e+01,3.757658845611187104e+01,3.338251293897313232e+00
2.280350850198275836e+01,2.647640458974745314e+01,2.607680962081059661e+01,1.992485884517127559e+01,2.624880949681337583e+01,3.352610922848042208e+01,4.004996878900157498e+01,3.667424164178449786e+01,3.338251293897313232e+00
2.376972864800942631e+01,2.549509756796392423e+01,2.507987240796890660e+01,2.088061301782110135e+01,2.624880949681337583e+01,3.352610922848042208e+01,4.101219330881975367e+01,3.801315561749642313e+01,3.364804073087212188e+00
2.500000000000000000e+01,2.647640458974745314e+01,2.501999200639360765e+01,2.088061301782110135e+01,2.624880949681337583e+01,3.352610922848042208e+01,4.101219330881975367e+01,3.801315561749642313e+01,3.349344575044993277e+00
2.404163056034261459e+01,2.630589287593181069e+01,2.501999200639360765e+01,2.088061301782110135e+01,2.624880949681337583e+01,3.352610922848042208e+01,4.104875150354758517e+01,3.712142238654116966e+01,3.346234463419571092e+00
2.376972864800942631e+01,2.617250465660480074e+01,2.601922366251537611e+01,2.184032966784155505e+01,2.624880949681337583e+01,3.352610922848042208e+01,4.104875150354758517e+01,3.712142238654116966e+01,3.346234463419571092e+00
2.404163056034261459e+01,2.617250465660480074e+01,2.501999200639360765e+01,2.184032966784155505e+01,2.624880949681337583e+01,3.352610922848042208e+01,4.104875150354758517e+01,3.712142238654116966e+01,3.346234463419571092e+00
2.404163056034261459e+01,2.617250465660480074e+01,2.501999200639360765e+01,2.184032966784155505e+01,2.624880949681337583e+01,3.352610922848042208e+01,4.104875150354758517e+01,3.712142238654116966e+01,3.346234463419571092e+00
2.404163056034261459e+01,2.617250465660480074e+01,2.501999200639360765e+01,2.184032966784155505e+01,2.624880949681337583e+01,3.352610922848042208e+01,4.104875150354758517e+01,3.712142238654116966e+01,3.346234463419571092e+00
2.404163056034261459e+01,2.617250465660480074e+01,2.501999200639360765e+01,2.184032966784155505e+01,2.624880949681337583e+01,3.352610922848042208e+01,4.104875150354758517e+01,3.712142238654116966e+01,3.346234463419571092e+00
2.404163056034261459e+01,2.617250465660480074e+01,2.501999200639360765e+01,2.184032966784155505e+01,2.624880949681337583e+01,3.352610922848042208e+01,4.104875150354758517e+01,3.712142238654116966e+01,3.346234463419571092e+00
2.435159132377184221e+01,2.716615541441224835e+01,2.501999200639360765e+01,2.184032966784155505e+01,2.624880949681337583e+01,3.352610922848042208e+01,4.104875150354758517e+01,3.712142238654116966e+01,3.331529641041719891e+00
2.435159132377184221e+01,2.716615541441224835e+01,2.500000000000000000e+01,2.088061301782110135e+01,2.720294101747088789e+01,3.324154027718932269e+01,4.104875150354758517e+01,3.712142238654116966e+01,3.294830889666311435e+00
2.435159132377184221e+01,2.716615541441224835e+01,2.501999200639360765e+01,2.184032966784155505e+01,2.624880949681337583e+01,3.352610922848042208e+01,4.104875150354758517e+01,3.712142238654116966e+01,3.331529641041719891e+00
2.435159132377184221e+01,2.716615541441224835e+01,2.500000000000000000e+01,2.088061301782110135e+01,2.720294101747088789e+01,3.324154027718932269e+01,4.104875150354758517e+01,3.712142238654116966e+01,3.294830889666311435e+00
2.118962010041709121e+01,2.607680962081059661e+01,2.607680962081059661e+01,2.118962010041709121e+01,2.720294101747088789e+01,3.352610922848042208e+01,4.104875150354758517e+01,3.801315561749642313e+01,3.274144185886466829e+00
2.213594362117865444e+01,2.716615541441224835e+01,2.617250465660480074e+01,2.184032966784155505e+01,2.624880949681337583e+01,3.352610922848042208e+01,4.104875150354758517e+01,3.712142238654116966e+01,3.331529641041719891e+00
2.213594362117865444e+01,2.716615541441224835e+01,2.617250465660480074e+01,2.184032966784155505e+01,2.624880949681337583e+01,3.352610922848042208e+01,4.104875150354758517e+01,3.712142238654116966e+01,3.331529641041719891e+00
2.340939982143925135e+01,2.607680962081059661e+01,2.500000000000000000e+01,2.118962010041709121e+01,2.692582403567251959e+01,3.324154027718932269e+01,4.204759208325727826e+01,3.712142238654116966e+01,3.274144185886466829e+00
2.118962010041709121e+01,2.607680962081059661e+01,2.716615541441224835e+01,2.247220505424423109e+01,2.596150997149434048e+01,3.257299494980465937e+01,4.104875150354758517e+01,3.712142238654116966e+01,3.289509442587381649e+00
2.247220505424423109e+01,2.617250465660480074e+01,2.617250465660480074e+01,2.247220505424423109e+01,2.596150997149434048e+01,3.257299494980465937e+01,4.104875150354758517e+01,3.712142238654116966e+01,3.309413137026194551e+00
2.154065922853801496e+01,2.707397274136176790e+01,2.617250465660480074e+01,2.213594362117865444e+01,2.473863375370596174e+01,3.257299494980465937e+01,4.201190307520000999e+01,3.712142238654116966e+01,3.289509442587381649e+00
2.118962010041709121e+01,2.707397274136176790e+01,2.716615541441224835e+01,2.213594362117865444e+01,2.500000000000000000e+01,3.257299494980465937e+01,4.101219330881975367e+01,3.712142238654116966e+01,3.289509442587381649e+00
2.247220505424423109e+01,2.716615541441224835e+01,2.617250465660480074e+01,2.213594362117865444e+01,2.500000000000000000e+01,3.257299494980465937e+01,4.101219330881975367e+01,3.712142238654116966e+01,3.309413137026194551e+00
2.154065922853801496e+01,2.707397274136176790e+01,2.607680962081059661e+01,2.118962010041709121e+01,2.570992026436488231e+01,3.228002478313794654e+01,4.201190307520000999e+01,3.712142238654116966e+01,3.252249874763688986e+00
2.154065922853801496e+01,2.707397274136176790e+01,2.617250465660480074e+01,2.213594362117865444e+01,2.500000000000000000e+01,3.257299494980465937e+01,4.101219330881975367e+01,3.712142238654116966e+01,3.289509442587381649e+00
2.109502310972898798e+01,2.507987240796890660e+01,2.402082429892862692e+01,2.147091055358388800e+01,2.473863375370596174e+01,3.289376840679705083e+01,4.201190307520000999e+01,3.801315561749642313e+01,3.146904047389804671e+00
2.334523505985750447e+01,2.451530134426252516e+01,2.061552812808830382e+01,2.080865204668481283e+01,2.729468812791236232e+01,3.257299494980465937e+01,4.119465984809195902e+01,3.584689665786984136e+01,2.990846272469371847e+00
2.641968962724581260e+01,2.683281572999747766e+01,1.972308292331602075e+01,2.193171219946130890e+01,2.765863337187866122e+01,3.383784863137726262e+01,3.920459156782531807e+01,3.640054944640259293e+01,2.743955565783496198e+00
2.823118842698620767e+01,3.001666203960726875e+01,2.220360331117451835e+01,2.220360331117451835e+01,2.816025568065744622e+01,3.361547262794321966e+01,4.143669871020131978e+01,3.847076812334268681e+01,2.691277587883132760e+00
2.823118842698620767e+01,2.865309756378880479e+01,2.220360331117451835e+01,2.247220505424423109e+01,2.773084924772409465e+01,3.676955262170046979e+01,4.130375285612676350e+01,3.894868418830089496e+01,2.735332591135125391e+00
3.138470965295043058e+01,3.220248437620923454e+01,2.163330765278393741e+01,2.280350850198275836e+01,2.785677655436823841e+01,3.401470270338990076e+01,4.159326868617084472e+01,3.858756276314947797e+01,2.784972517638361289e+00
3.178049716414140846e+01,3.087069808086626210e+01,2.280350850198275836e+01,2.247220505424423109e+01,2.751363298439520833e+01,3.264965543462901820e+01,3.981205847478876336e+01,3.807886552931954327e+01,2.761548597295159890e+00
2.954657340538831534e+01,2.952964612046680060e+01,2.193171219946130890e+01,2.024845673131658685e+01,2.823118842698620767e+01,3.443835071544512516e+01,3.905124837953326988e+01,3.671511950137163893e+01,2.737993008016331054e+00
2.353720459187963954e+01,2.360084744241189370e+01,2.163330765278393741e+01,2.184032966784155505e+01,3.176476034853718033e+01,3.534119409414458346e+01,3.794733192202055250e+01,3.635931792539568619e+01,2.481955829948888859e+00
2.549509756796392423e+01,2.420743687382040932e+01,2.195449840010014952e+01,2.158703314492290204e+01,3.080584360149872580e+01,3.758989225842500304e+01,3.827531841800927737e+01,3.661966684720110976e+01,2.552032418903189104e+00
2.745906043549196340e+01,2.408318915758459156e+01,2.102379604162863913e+01,2.039607805437113797e+01,3.189043743820394994e+01,3.773592452822641263e+01,3.667424164178449786e+01,3.560898762952971452e+01,2.623623009388728278e+00
2.707397274136176790e+01,2.459674775249768786e+01,1.941648783894759944e+01,2.002498439450078749e+01,2.969848480983499428e+01,3.720215047547655018e+01,3.635931792539568619e+01,3.255764119219941222e+01,2.507740188089872646e+00
2.607680962081059661e+01,2.213594362117865444e+01,2.200000000000000000e+01,1.923538406167134340e+01,3.023243291566194912e+01,3.889730067755344578e+01,3.420526275297414287e+01,3.324154027718932269e+01,2.472945068585413075e+00
2.340939982143925135e+01,2.002498439450078749e+01,2.039607805437113797e+01,2.061552812808830382e+01,3.001666203960726875e+01,4.060788100849390503e+01,3.679673898594819548e+01,3.280243893371345365e+01,2.373224473824420588e+00
2.325940669922601600e+01,1.964688270438849926e+01,2.193171219946130890e+01,2.024845673131658685e+01,3.535533905932737753e+01,3.889730067755344578e+01,3.492849839314595783e+01,3.832753579347360073e+01,2.454929000031357500e+00
2.302172886644267535e+01,2.102379604162863913e+01,2.247220505424423109e+01,2.061552812808830382e+01,3.501428280002319582e+01,3.920459156782531807e+01,3.511409973215887703e+01,4.328972164382672361e+01,2.412415464091389516e+00
2.193171219946130890e+01,2.000000000000000000e+01,2.193171219946130890e+01,1.984943324127920761e+01,3.231098884280702066e+01,3.905124837953326988e+01,3.634556369077249371e+01,4.512205669071391156e+01,2.543805626479131998e+00
2.475883680627989492e+01,1.612451549659709826e+01,2.051828452868319275e+01,2.024845673131658685e+01,2.920616373302046753e+01,3.966106403010387993e+01,3.863935817272331263e+01,4.441846462902562109e+01,2.959766769767268713e+00
2.469817807045693669e+01,1.341640786499873883e+01,2.262741699796952233e+01,2.024845673131658685e+01,3.114482300479487265e+01,4.022437072223753063e+01,3.710795063055894616e+01,4.410215414239988974e+01,3.071481409823664244e+00
2.418677324489564739e+01,1.166190378969060149e+01,2.121320343559642652e+01,2.080865204668481283e+01,3.041381265149109936e+01,4.080441152620633005e+01,3.736308338453881106e+01,4.326661530556787483e+01,3.152765373028532547e+00
2.302172886644267535e+01,1.360147050873544394e+01,2.193171219946130890e+01,2.024845673131658685e+01,3.041381265149109936e+01,4.049691346263317371e+01,3.807886552931954327e+01,4.243819034784588951e+01,3.027834564872256884e+00
2.147091055358388800e+01,1.140175425099137918e+01,2.202271554554523902e+01,2.024845673131658685e+01,3.041381265149109936e+01,4.049691346263317371e+01,3.905124837953326988e+01,4.301162633521313694e+01,3.007860269811826193e+00
2.012461179749810825e+01,1.118033988749894903e+01,2.140093455903269515e+01,2.024845673131658685e+01,3.047950130825634218e+01,3.966106403010387993e+01,3.832753579347360073e+01,4.243819034784588951e+01,2.962781181902274241e+00
1.941648783894759944e+01,1.341640786499873883e+01,2.195449840010014952e+01,1.835755975068581947e+01,2.801785145224380003e+01,3.827531841800927737e+01,4.002499219237900263e+01,4.188078318274384770e+01,2.756812798219078875e+00
1.700000000000000000e+01,1.170469991071962568e+01,2.220360331117451835e+01,1.878829422805593552e+01,3.000000000000000000e+01,3.883297567789519888e+01,3.956008088970496317e+01,4.243819034784588951e+01,2.771592970705686554e+00
1.802775637731994607e+01,1.581138830084189628e+01,2.213594362117865444e+01,1.746424919657297892e+01,2.973213749463701205e+01,4.000000000000000000e+01,3.860051813123756403e+01,4.301162633521313694e+01,2.487306138674891365e+00
1.931320791582796659e+01,1.772004514666934938e+01,2.308679276123039159e+01,2.009975124224177989e+01,2.828427124746190202e+01,4.045985664828781836e+01,3.889730067755344578e+01,4.280186911806539030e+01,2.461733096227871620e+00
1.897366596101027625e+01,1.772004514666934938e+01,2.213594362117865444e+01,2.009975124224177989e+01,2.758622844826744469e+01,4.036087214122112954e+01,3.889730067755344578e+01,4.341658669218482203e+01,2.478977982627854182e+00
2.137755832643194864e+01,1.931320791582796659e+01,2.158703314492290204e+01,1.902629759044044633e+01,2.906888370749726747e+01,4.031128874149274566e+01,3.827531841800927737e+01,4.468780594300866227e+01,2.459436775699361810e+00
1.627882059609970611e+01,1.726267650163206824e+01,2.202271554554523902e+01,2.009975124224177989e+01,2.817800560721074277e+01,3.940812099047606409e+01,3.584689665786984136e+01,4.675467891024383960e+01,3.965249651038428524e+00
1.612451549659709826e+01,1.529705854077835525e+01,2.102379604162863913e+01,2.039607805437113797e+01,2.785677655436823841e+01,3.996248240537617136e+01,3.492849839314595783e+01,4.763402145525821396e+01,3.913632832931913885e+00
1.603121954188139853e+01,1.649242250247064234e+01,2.200000000000000000e+01,2.061552812808830382e+01,3.008321791298264714e+01,3.911521443121588959e+01,3.443835071544512516e+01,4.780167361086847677e+01,3.993619236246241044e+00
1.600000000000000000e+01,1.649242250247064234e+01,2.200000000000000000e+01,2.088061301782110135e+01,2.828427124746190202e+01,4.162931659299729859e+01,3.400000000000000000e+01,4.854894437575342181e+01,3.879574714376708311e+00
1.800000000000000000e+01,1.726267650163206824e+01,2.302172886644267535e+01,2.280350850198275836e+01,2.701851217221259205e+01,4.477722635447621968e+01,3.623534186398687496e+01,4.701063709417263681e+01,3.725827377455033229e+00
2.009975124224177989e+01,1.702938636592640265e+01,2.408318915758459156e+01,2.353720459187963954e+01,3.361547262794321966e+01,3.026549190084311292e+01,4.100000000000000000e+01,3.753664875824691904e+01,3.463343207986435246e+00
2.209072203437452231e+01,1.702938636592640265e+01,2.601922366251537611e+01,2.308679276123039159e+01,4.560701700396551672e+01,3.383784863137726262e+01,4.704253394535630406e+01,4.110960958218893069e+01,3.329619852086556087e+00
2.102379604162863913e+01,1.503329637837290811e+01,2.801785145224380003e+01,2.418677324489564739e+01,4.780167361086847677e+01,4.609772228646443892e+01,4.410215414239988974e+01,4.716990566028302112e+01,3.364770909676888966e+00
2.109502310972898798e+01,1.204159457879229578e+01,2.816025568065744622e+01,2.360084744241189370e+01,4.205948168962618183e+01,5.263078946776306566e+01,4.219004621945797595e+01,4.627094120503709718e+01,3.347527194673023843e+00
2.100000000000000000e+01,1.600000000000000000e+01,2.707397274136176790e+01,2.195449840010014952e+01,4.802082881417187821e+01,6.008327554319920694e+01,4.070626487409523975e+01,4.119465984809195902e+01,3.305519193453080984e+00
2.009975124224177989e+01,1.500000000000000000e+01,3.001666203960726875e+01,2.302172886644267535e+01,5.108815909777920439e+01,6.428841264178171855e+01,3.956008088970496317e+01,3.687817782917154830e+01,3.193450398222827502e+00
2.009975124224177989e+01,1.503329637837290811e+01,3.114482300479487265e+01,2.280350850198275836e+01,5.800000000000000000e+01,6.428841264178171855e+01,3.471310991541956525e+01,3.417601498127012150e+01,3.196254494533197210e+00
2.308679276123039159e+01,2.002498439450078749e+01,3.006659275674581622e+01,2.332380757938120297e+01,6.082762530298219872e+01,6.296824596572466248e+01,3.535533905932737753e+01,3.981205847478876336e+01,3.097524474326048161e+00
2.607680962081059661e+01,2.009975124224177989e+01,3.001666203960726875e+01,2.594224354214569317e+01,6.222539674441618018e+01,6.432728814430156206e+01,3.634556369077249371e+01,3.981205847478876336e+01,3.027949674410079339e+00
2.700000000000000000e+01,2.022374841615668473e+01,3.000000000000000000e+01,2.600000000000000000e+01,6.293647591023825072e+01,6.453681120105021307e+01,3.551056180912940619e+01,4.031128874149274566e+01,2.982031962196259656e+00
2.640075756488817049e+01,1.300000000000000000e+01,3.014962686336266984e+01,2.308679276123039159e+01,6.224146527838173881e+01,6.378871373526824584e+01,3.649657518178931781e+01,3.981205847478876336e+01,2.757258086062378766e+00
2.701851217221259205e+01,9.433981132056603158e+00,3.101612483854164637e+01,2.300000000000000000e+01,6.107372593840987918e+01,5.920304046246273799e+01,3.535533905932737753e+01,3.981205847478876336e+01,2.461633542410311293e+00
2.641968962724581260e+01,8.246211251235321171e+00,3.130495168499705727e+01,2.517935662402834396e+01,5.720139858430036384e+01,5.536244214266563546e+01,3.634556369077249371e+01,3.891015291668743714e+01,2.383552326703536561e+00
3.178049716414140846e+01,6.082762530298219339e+00,3.106444913401813324e+01,2.433105012119287736e+01,5.685947590331799972e+01,5.375872022286245056e+01,3.634556369077249371e+01,3.891015291668743714e+01,2.123974305404509266e+00
3.176476034853718033e+01,1.104536101718726115e+01,2.828427124746190202e+01,2.500000000000000000e+01,5.594640292279746063e+01,4.976946855251721757e+01,3.551056180912940619e+01,3.939543120718441571e+01,2.071725495389304506e+00
3.041381265149109936e+01,1.300000000000000000e+01,2.831960451701259274e+01,2.340939982143925135e+01,5.456189146281496249e+01,4.833218389437828932e+01,3.883297567789519888e+01,4.114608122288196768e+01,2.089491214556332466e+00
3.312099032335839155e+01,1.204159457879229578e+01,2.758622844826744469e+01,2.435159132377184221e+01,5.323532661682465772e+01,4.997999599839919682e+01,4.002499219237900263e+01,4.254409477236529824e+01,2.037936354658334448e+00
2.846049894151541437e+01,8.246211251235321171e+00,2.831960451701259274e+01,2.416609194718914466e+01,5.412947441089742995e+01,4.976946855251721757e+01,4.002499219237900263e+01,4.215447781671598193e+01,2.062271102566756831e+00
3.162277660168379256e+01,1.004987562112088995e+01,2.831960451701259274e+01,2.325940669922601600e+01,5.412947441089742995e+01,4.976946855251721757e+01,3.981205847478876336e+01,4.123105625617660763e+01,1.973223429474625812e+00
3.162277660168379256e+01,9.055385138137417300e+00,2.758622844826744469e+01,2.325940669922601600e+01,5.412947441089742995e+01,5.015974481593781320e+01,4.002499219237900263e+01,4.123105625617660763e+01,1.971428700310545956e+00
3.067572330035593353e+01,9.000000000000000000e+00,2.831960451701259274e+01,2.416609194718914466e+01,5.322593352868505434e+01,4.976946855251721757e+01,4.002499219237900263e+01,4.123105625617660763e+01,2.002160261408441944e+00
3.162277660168379256e+01,9.055385138137417300e+00,2.831960451701259274e+01,2.416609194718914466e+01,5.322593352868505434e+01,4.976946855251721757e+01,4.002499219237900263e+01,4.123105625617660763e+01,1.973223429474625812e+00
3.195309061734091571e+01,9.000000000000000000e+00,2.758622844826744469e+01,2.325940669922601600e+01,5.412947441089742995e+01,5.015974481593781320e+01,4.002499219237900263e+01,4.123105625617660763e+01,2.001122939917455490e+00
3.067572330035593353e+01,9.000000000000000000e+00,2.758622844826744469e+01,2.325940669922601600e+01,5.412947441089742995e+01,5.015974481593781320e+01,4.002499219237900263e+01,4.123105625617660763e+01,2.001122939917455490e+00
3.067572330035593353e+01,9.000000000000000000e+00,2.758622844826744469e+01,2.325940669922601600e+01,5.412947441089742995e+01,5.015974481593781320e+01,4.002499219237900263e+01,4.123105625617660763e+01,2.001122939917455490e+00
3.067572330035593353e+01,9.000000000000000000e+00,2.758622844826744469e+01,2.325940669922601600e+01,5.412947441089742995e+01,5.015974481593781320e+01,4.002499219237900263e+01,4.123105625617660763e+01,2.001122939917455490e+00
3.067572330035593353e+01,8.000000000000000000e+00,2.758622844826744469e+01,2.416609194718914466e+01,5.412947441089742995e+01,5.015974481593781320e+01,4.002499219237900263e+01,4.123105625617660763e+01,2.001122939917455490e+00
3.036445290137795183e+01,8.000000000000000000e+00,2.831960451701259274e+01,2.416609194718914466e+01,5.412947441089742995e+01,5.015974481593781320e+01,4.002499219237900263e+01,4.123105625617660763e+01,2.001122939917455490e+00
3.067572330035593353e+01,8.000000000000000000e+00,2.758622844826744469e+01,2.416609194718914466e+01,5.322593352868505434e+01,5.069516742254630515e+01,4.026164427839479032e+01,4.178516483155235761e+01,2.001122939917455490e+00
3.101612483854164637e+01,9.000000000000000000e+00,2.758622844826744469e+01,2.416609194718914466e+01,5.322593352868505434e+01,5.107837115648853654e+01,4.026164427839479032e+01,4.085339643163099055e+01,2.010831372751564317e+00
3.101612483854164637e+01,9.000000000000000000e+00,2.758622844826744469e+01,2.416609194718914466e+01,5.322593352868505434e+01,5.015974481593781320e+01,4.026164427839479032e+01,4.123105625617660763e+01,2.010831372751564317e+00
3.231098884280702066e+01,9.000000000000000000e+00,2.758622844826744469e+01,2.416609194718914466e+01,5.322593352868505434e+01,5.015974481593781320e+01,4.026164427839479032e+01,4.123105625617660763e+01,2.010831372751564317e+00
3.138470965295043058e+01,9.000000000000000000e+00,2.687005768508880621e+01,2.416609194718914466e+01,5.322593352868505434e+01,5.015974481593781320e+01,4.026164427839479032e+01,4.123105625617660763e+01,2.010831372751564317e+00
3.178049716414140846e+01,1.000000000000000000e+01,2.758622844826744469e+01,2.507987240796890660e+01,5.232590180780452016e+01,4.976946855251721757e+01,4.026164427839479032e+01,4.123105625617660763e+01,2.019967817859787296e+00
3.061045573002793319e+01,1.264911064067351809e+01,2.640075756488817049e+01,2.404163056034261459e+01,5.232590180780452016e+01,4.976946855251721757e+01,4.026164427839479032e+01,4.123105625617660763e+01,2.228697089292770439e+00
3.114482300479487265e+01,1.431782106327635340e+01,2.662705391138869615e+01,2.549509756796392423e+01,5.142956348249516196e+01,5.032891812864647818e+01,4.026164427839479032e+01,4.085339643163099055e+01,2.331700503387045487e+00
2.906888370749726747e+01,1.166190378969060149e+01,2.745906043549196340e+01,2.451530134426252516e+01,5.189412298131648527e+01,4.976946855251721757e+01,4.026164427839479032e+01,4.085339643163099055e+01,2.351712448492232266e+00
2.842534080710379030e+01,1.000000000000000000e+01,2.745906043549196340e+01,2.549509756796392423e+01,5.099019513592784847e+01,4.976946855251721757e+01,4.052159917870962147e+01,4.085339643163099055e+01,2.352602920207002235e+00
2.920616373302046753e+01,1.081665382639196871e+01,2.745906043549196340e+01,2.473863375370596174e+01,5.099019513592784847e+01,4.976946855251721757e+01,4.052159917870962147e+01,4.085339643163099055e+01,2.322309160288227314e+00
2.780287754891568852e+01,1.000000000000000000e+01,2.745906043549196340e+01,2.451530134426252516e+01,5.099019513592784847e+01,4.976946855251721757e+01,4.052159917870962147e+01,4.085339643163099055e+01,2.353548993718495463e+00
2.780287754891568852e+01,1.000000000000000000e+01,2.745906043549196340e+01,2.451530134426252516e+01,5.099019513592784847e+01,4.976946855251721757e+01,4.148493702538308270e+01,4.123105625617660763e+01,2.345442216401243396e+00
2.780287754891568852e+01,9.219544457292887074e+00,2.745906043549196340e+01,2.549509756796392423e+01,5.099019513592784847e+01,4.976946855251721757e+01,4.148493702538308270e+01,4.123105625617660763e+01,2.345442216401243396e+00
2.860069929215018192e+01,1.000000000000000000e+01,2.745906043549196340e+01,2.473863375370596174e+01,5.142956348249516196e+01,4.976946855251721757e+01,3.956008088970496317e+01,4.085339643163099055e+01,2.322309160288227314e+00
2.780287754891568852e+01,9.899494936611665352e+00,2.745906043549196340e+01,2.570992026436488231e+01,5.232590180780452016e+01,4.976946855251721757e+01,3.929376540877699853e+01,4.085339643163099055e+01,2.353548993718495463e+00
2.780287754891568852e+01,9.899494936611665352e+00,2.745906043549196340e+01,2.570992026436488231e+01,5.232590180780452016e+01,4.976946855251721757e+01,4.026164427839479032e+01,4.123105625617660763e+01,2.345442216401243396e+00
2.780287754891568852e+01,9.899494936611665352e+00,2.745906043549196340e+01,2.570992026436488231e+01,5.232590180780452016e+01,4.976946855251721757e+01,3.929376540877699853e+01,4.085339643163099055e+01,2.353548993718495463e+00
2.701851217221259205e+01,1.063014581273464998e+01,2.745906043549196340e+01,2.570992026436488231e+01,5.232590180780452016e+01,4.976946855251721757e+01,3.929376540877699853e+01,4.085339643163099055e+01,2.384727970284184817e+00
2.701851217221259205e+01,1.063014581273464998e+01,2.745906043549196340e+01,2.570992026436488231e+01,5.142956348249516196e+01,4.976946855251721757e+01,3.956008088970496317e+01,4.085339643163099055e+01,2.384727970284184817e+00
2.701851217221259205e+01,1.063014581273464998e+01,2.745906043549196340e+01,2.570992026436488231e+01,5.232590180780452016e+01,4.976946855251721757e+01,3.929376540877699853e+01,4.085339643163099055e+01,2.384727970284184817e+00
2.701851217221259205e+01,9.899494936611665352e+00,2.745906043549196340e+01,2.549509756796392423e+01,5.142956348249516196e+01,4.976946855251721757e+01,3.956008088970496317e+01,4.085339643163099055e+01,2.384727970284184817e+00
2.701851217221259205e+01,1.063014581273464998e+01,2.745906043549196340e+01,2.570992026436488231e+01,5.232590180780452016e+01,4.976946855251721757e+01,3.929376540877699853e+01,4.085339643163099055e+01,2.384727970284184817e+00
2.640075756488817049e+01,1.000000000000000000e+01,2.745906043549196340e+01,2.570992026436488231e+01,5.232590180780452016e+01,4.976946855251721757e+01,3.929376540877699853e+01,4.085339643163099055e+01,2.386735999713780920e+00
2.720294101747088789e+01,9.219544457292887074e+00,2.801785145224380003e+01,2.549509756796392423e+01,5.189412298131648527e+01,4.976946855251721757e+01,4.026164427839479032e+01,4.085339643163099055e+01,2.353548993718495463e+00
2.701851217221259205e+01,1.000000000000000000e+01,2.692582403567251959e+01,2.570992026436488231e+01,5.232590180780452016e+01,4.976946855251721757e+01,4.026164427839479032e+01,4.123105625617660763e+01,2.378629222396528853e+00
2.780287754891568852e+01,9.219544457292887074e+00,2.745906043549196340e+01,2.549509756796392423e+01,5.232590180780452016e+01,5.069516742254630515e+01,3.929376540877699853e+01,4.049691346263317371e+01,2.353548993718495463e+00
2.720294101747088789e+01,9.219544457292887074e+00,2.801785145224380003e+01,2.549509756796392423e+01,5.232590180780452016e+01,5.069516742254630515e+01,3.929376540877699853e+01,4.049691346263317371e+01,2.353548993718495463e+00
2.720294101747088789e+01,9.219544457292887074e+00,2.801785145224380003e+01,2.549509756796392423e+01,5.232590180780452016e+01,5.069516742254630515e+01,3.929376540877699853e+01,4.049691346263317371e+01,2.353548993718495463e+00
2.780287754891568852e+01,9.219544457292887074e+00,2.745906043549196340e+01,2.549509756796392423e+01,5.232590180780452016e+01,5.069516742254630515e+01,3.929376540877699853e+01,4.049691346263317371e+01,2.353548993718495463e+00
2.720294101747088789e+01,9.219544457292887074e+00,2.801785145224380003e+01,2.549509756796392423e+01,5.232590180780452016e+01,5.069516742254630515e+01,3.929376540877699853e+01,4.049691346263317371e+01,2.353548993718495463e+00
2.780287754891568852e+01,9.219544457292887074e+00,2.745906043549196340e+01,2.549509756796392423e+01,5.232590180780452016e+01,5.069516742254630515e+01,3.929376540877699853e+01,4.049691346263317371e+01,2.353548993718495463e+00
2.780287754891568852e+01,9.219544457292887074e+00,2.745906043549196340e+01,2.549509756796392423e+01,5.232590180780452016e+01,5.069516742254630515e+01,3.929376540877699853e+01,4.049691346263317371e+01,2.353548993718495463e+00
2.780287754891568852e+01,9.219544457292887074e+00,2.745906043549196340e+01,2.549509756796392423e+01,5.232590180780452016e+01,5.069516742254630515e+01,3.929376540877699853e+01,4.049691346263317371e+01,2.353548993718495463e+00
2.780287754891568852e+01,9.899494936611665352e+00,2.745906043549196340e+01,2.570992026436488231e+01,5.232590180780452016e+01,5.069516742254630515e+01,3.929376540877699853e+01,4.049691346263317371e+01,2.353548993718495463e+00
2.701851217221259205e+01,9.899494936611665352e+00,2.745906043549196340e+01,2.549509756796392423e+01,5.232590180780452016e+01,5.069516742254630515e+01,3.929376540877699853e+01,4.049691346263317371e+01,2.384727970284184817e+00
2.640075756488817049e+01,9.219544457292887074e+00,2.745906043549196340e+01,2.549509756796392423e+01,5.232590180780452016e+01,4.976946855251721757e+01,3.929376540877699853e+01,4.085339643163099055e+01,2.386735999713780920e+00
2.765863337187866122e+01,9.899494936611665352e+00,2.692582403567251959e+01,2.549509756796392423e+01,5.232590180780452016e+01,4.976946855251721757e+01,3.929376540877699853e+01,4.085339643163099055e+01,2.384727970284184817e+00
2.751363298439520833e+01,2.059126028197400160e+01,2.789265136196270589e+01,2.300000000000000000e+01,5.056678751908212632e+01,4.904079934095691584e+01,4.100000000000000000e+01,4.085339643163099055e+01,2.803863127390044951e+00
2.846049894151541437e+01,2.147091055358388800e+01,2.886173937932362321e+01,2.400000000000000000e+01,5.188448708429138634e+01,5.092150822589606207e+01,4.002499219237900263e+01,4.085339643163099055e+01,2.798093732307302073e+00
3.006659275674581622e+01,2.340939982143925135e+01,2.701851217221259205e+01,2.319482700948640286e+01,5.235456045083369503e+01,5.220153254455274805e+01,4.123105625617660763e+01,4.123105625617660763e+01,2.960613529289076507e+00
3.157530680769388809e+01,2.418677324489564739e+01,2.531797780234432693e+01,2.500000000000000000e+01,5.197114584074513033e+01,5.281098370604357228e+01,4.123105625617660763e+01,4.123105625617660763e+01,3.119789255690093022e+00
3.080584360149872580e+01,2.607680962081059661e+01,2.844292530665578411e+01,2.469817807045693669e+01,5.247856705360770491e+01,5.440588203494177577e+01,4.100000000000000000e+01,4.085339643163099055e+01,3.199713857955045704e+00
2.983286778035259701e+01,2.617250465660480074e+01,2.927456233660889495e+01,2.416609194718914466e+01,5.300000000000000000e+01,5.440588203494177577e+01,4.100000000000000000e+01,4.123105625617660763e+01,3.205748824979393952e+00
3.008321791298264714e+01,2.801785145224380003e+01,2.844292530665578411e+01,2.459674775249768786e+01,5.521775076911409030e+01,5.797413216254297907e+01,4.079215610874227593e+01,4.123105625617660763e+01,3.243301567746913250e+00
2.817800560721074277e+01,2.531797780234432693e+01,2.886173937932362321e+01,2.720294101747088789e+01,5.640035460881429685e+01,5.990826320300063657e+01,4.060788100849390503e+01,4.031128874149274566e+01,3.340440996921233197e+00
3.001666203960726875e+01,2.517935662402834396e+01,3.008321791298264714e+01,2.831960451701259274e+01,5.531726674375732244e+01,6.020797289396147534e+01,3.962322551231790158e+01,4.031128874149274566e+01,3.331988880330526204e+00
3.328663395418647752e+01,2.900000000000000000e+01,3.059411708155671050e+01,2.906888370749726747e+01,5.590169943749474157e+01,5.968249324550709645e+01,3.721558813185679071e+01,3.939543120718441571e+01,3.252249874763688986e+00
3.104834939252004844e+01,2.983286778035259701e+01,3.201562118716424266e+01,2.459674775249768786e+01,5.728001396647874088e+01,6.181423784210236505e+01,3.748332962798262713e+01,4.031128874149274566e+01,3.062308377738307996e+00
3.324154027718932269e+01,3.162277660168379256e+01,3.001666203960726875e+01,2.469817807045693669e+01,5.869412236331675814e+01,6.315061361538777618e+01,3.748332962798262713e+01,3.939543120718441571e+01,2.990990704609333140e+00
3.478505426185217431e+01,3.544009029333869876e+01,3.200000000000000000e+01,2.469817807045693669e+01,5.731491952362839726e+01,6.118823416311342100e+01,3.649657518178931781e+01,3.900000000000000000e+01,3.056335077367064113e+00
3.257299494980465937e+01,3.201562118716424266e+01,3.000000000000000000e+01,2.469817807045693669e+01,5.522680508593630577e+01,6.001666435249462950e+01,3.765634076752546378e+01,3.992492955535426091e+01,3.057707235792220590e+00
3.036445290137795183e+01,2.844292530665578411e+01,2.915475947422650194e+01,2.325940669922601600e+01,5.315072906367324634e+01,5.903388857258176614e+01,3.981205847478876336e+01,4.031128874149274566e+01,3.116967090723324674e+00
2.109502310972898798e+01,1.941648783894759944e+01,2.459674775249768786e+01,2.475883680627989492e+01,4.738143096192853676e+01,5.522680508593630577e+01,4.220189569201838253e+01,4.294182110716777601e+01,3.453150544275187972e+00
1.456021977856103611e+01,1.581138830084189628e+01,2.600000000000000000e+01,2.549509756796392423e+01,4.455333881989092504e+01,5.308483775994798748e+01,4.295346318982905842e+01,4.294182110716777601e+01,3.511434441300987253e+00
1.552417469626002422e+01,1.389244398944980396e+01,2.683281572999747766e+01,2.580697580112788003e+01,4.669047011971500893e+01,5.423098745182499414e+01,4.079215610874227593e+01,4.114608122288196768e+01,3.562931429367017344e+00
1.476482306023340030e+01,1.431782106327635340e+01,2.549509756796392423e+01,2.830194339616981125e+01,5.185556864985669279e+01,6.013318551349163243e+01,3.832753579347360073e+01,3.847076812334268681e+01,3.528363185668532243e+00
1.300000000000000000e+01,1.676305461424021104e+01,2.773084924772409465e+01,2.968164415931165934e+01,4.622769732530488085e+01,6.000833275470998984e+01,4.104875150354758517e+01,3.448187929913333249e+01,3.524336163435368707e+00
1.236931687685298087e+01,1.655294535724684835e+01,2.657066051117284644e+01,2.765863337187866122e+01,5.263078946776306566e+01,6.407027391856539111e+01,4.100000000000000000e+01,3.498571136907180090e+01,3.417464195298458129e+00
1.200000000000000000e+01,1.749285568453590045e+01,2.886173937932362321e+01,2.758622844826744469e+01,5.780138406647370175e+01,6.906518659932802962e+01,4.130375285612676350e+01,3.244996147917590434e+01,3.296943265062642237e+00
1.360147050873544394e+01,1.886796226411320632e+01,2.816025568065744622e+01,2.969848480983499428e+01,6.103277807866851390e+01,6.600000000000000000e+01,3.863935817272331263e+01,3.560898762952971452e+01,3.289732311455350278e+00
1.300000000000000000e+01,2.059126028197400160e+01,2.879236009777593708e+01,2.973213749463701205e+01,6.185466837676845842e+01,6.600757532283699902e+01,4.002499219237900263e+01,3.612478373637688378e+01,3.360406045512131179e+00
1.334166406412633421e+01,1.878829422805593552e+01,2.785677655436823841e+01,2.900000000000000000e+01,6.328506932918696037e+01,6.911584478250989605e+01,4.100000000000000000e+01,3.753664875824691904e+01,3.288489666527915745e+00
1.603121954188139853e+01,1.523154621172781731e+01,2.879236009777593708e+01,2.828427124746190202e+01,5.936328831862331867e+01,6.512296062065973956e+01,4.177319714841084419e+01,3.820994634908559817e+01,3.172658353336903936e+00
1.341640786499873883e+01,1.615549442140351033e+01,2.765863337187866122e+01,2.580697580112788003e+01,5.742821606144492108e+01,6.212889826803626647e+01,3.981205847478876336e+01,3.764306044943742080e+01,3.146193848112767366e+00
1.565247584249852864e+01,1.421267040355189515e+01,2.507987240796890660e+01,2.469817807045693669e+01,5.560575509783137704e+01,5.907622195096772089e+01,4.002499219237900263e+01,3.687817782917154830e+01,2.846151816446073290e+00
1.565247584249852864e+01,1.486606874731850603e+01,2.507987240796890660e+01,2.435159132377184221e+01,5.467174773134657784e+01,5.707889277132134254e+01,4.026164427839479032e+01,3.687817782917154830e+01,2.852956284099577466e+00
1.612451549659709826e+01,1.581138830084189628e+01,2.507987240796890660e+01,2.624880949681337583e+01,5.249761899362675166e+01,5.522680508593630577e+01,3.956008088970496317e+01,3.623534186398687496e+01,2.813675105799569032e+00
1.612451549659709826e+01,1.640121946685672683e+01,2.418677324489564739e+01,2.473863375370596174e+01,5.173973328110611902e+01,5.323532661682465772e+01,3.733630940518894192e+01,3.342154993413680586e+01,2.815819254072303046e+00
1.612451549659709826e+01,1.562049935181330795e+01,2.408318915758459156e+01,2.473863375370596174e+01,5.240229002629560995e+01,5.215361924162119323e+01,3.769615364994152884e+01,3.330165161069342616e+01,2.774605491413983049e+00
1.612451549659709826e+01,1.486606874731850603e+01,2.501999200639360765e+01,2.500000000000000000e+01,5.448853090330111115e+01,5.300943312279428454e+01,3.769615364994152884e+01,3.255764119219941222e+01,2.786307747226824727e+00
1.802775637731994607e+01,1.486606874731850603e+01,2.408318915758459156e+01,2.433105012119287736e+01,5.375872022286245056e+01,5.203844732503075221e+01,3.676955262170046979e+01,3.264965543462901820e+01,2.698437739860196416e+00
1.720465053408525335e+01,1.414213562373095101e+01,2.400000000000000000e+01,2.433105012119287736e+01,5.445181356024792763e+01,5.200961449578337437e+01,3.676955262170046979e+01,3.264965543462901820e+01,2.673829841481875746e+00
1.640121946685672683e+01,1.345362404707370985e+01,2.507987240796890660e+01,2.451530134426252516e+01,5.586591089385368747e+01,5.300943312279428454e+01,3.769615364994152884e+01,3.255764119219941222e+01,2.677945044588986967e+00
1.640121946685672683e+01,1.280624847486569706e+01,2.507987240796890660e+01,2.353720459187963954e+01,5.515432893255070468e+01,5.200961449578337437e+01,3.733630940518894192e+01,3.330165161069342616e+01,2.694072678432623213e+00
1.769180601295413169e+01,1.345362404707370985e+01,2.408318915758459156e+01,2.517935662402834396e+01,5.374011537017761242e+01,5.200000000000000000e+01,3.794733192202055250e+01,3.405877273185280529e+01,2.583415457258727788e+00
1.702938636592640265e+01,1.345362404707370985e+01,2.308679276123039159e+01,2.408318915758459156e+01,5.374011537017761242e+01,5.100000000000000000e+01,3.700000000000000000e+01,3.405877273185280529e+01,2.587693154101629478e+00
1.720465053408525335e+01,1.280624847486569706e+01,2.501999200639360765e+01,2.353720459187963954e+01,5.374011537017761242e+01,5.200000000000000000e+01,3.889730067755344578e+01,3.471310991541956525e+01,2.689896666729895358e+00
1.720465053408525335e+01,1.280624847486569706e+01,2.501999200639360765e+01,2.353720459187963954e+01,5.445181356024792763e+01,5.200961449578337437e+01,3.764306044943742080e+01,3.471310991541956525e+01,2.701750070774056933e+00
1.720465053408525335e+01,1.280624847486569706e+01,2.501999200639360765e+01,2.353720459187963954e+01,5.445181356024792763e+01,5.200961449578337437e+01,3.764306044943742080e+01,3.471310991541956525e+01,2.701750070774056933e+00
1.720465053408525335e+01,1.280624847486569706e+01,2.501999200639360765e+01,2.353720459187963954e+01,5.445181356024792763e+01,5.300943312279428454e+01,3.889730067755344578e+01,3.397057550292606010e+01,2.685818897613087675e+00
1.720465053408525335e+01,1.280624847486569706e+01,2.501999200639360765e+01,2.353720459187963954e+01,5.515432893255070468e+01,5.300943312279428454e+01,3.921734310225515685e+01,3.397057550292606010e+01,2.685818897613087675e+00
1.664331697709323876e+01,1.280624847486569706e+01,2.402082429892862692e+01,2.353720459187963954e+01,5.586591089385368747e+01,5.300943312279428454e+01,3.794733192202055250e+01,3.471310991541956525e+01,2.697550375446192028e+00
1.552417469626002422e+01,1.555634918610404505e+01,2.647640458974745314e+01,2.370653918225939449e+01,5.544366510251644797e+01,5.900847396772771702e+01,4.393176527297759293e+01,3.818376618407356915e+01,3.008554147871667084e+00
1.236931687685298087e+01,1.503329637837290811e+01,2.370653918225939449e+01,2.801785145224380003e+01,4.661544808322666000e+01,5.445181356024792763e+01,4.570557952810575841e+01,3.894868418830089496e+01,3.324988360983810232e+00
1.170469991071962568e+01,1.529705854077835525e+01,2.370653918225939449e+01,2.662705391138869615e+01,5.162363799656122865e+01,5.474486277268398027e+01,4.220189569201838253e+01,4.045985664828781836e+01,3.338988213439674002e+00
1.140175425099137918e+01,2.256102834535695578e+01,2.000000000000000000e+01,2.941088233970548416e+01,4.272001872658765365e+01,4.775981574503821037e+01,4.332435804486893716e+01,4.060788100849390503e+01,3.772399131855695753e+00
1.442220510185595650e+01,2.879236009777593708e+01,1.746424919657297892e+01,2.607680962081059661e+01,3.996248240537617136e+01,4.477722635447621968e+01,4.162931659299729859e+01,4.201190307520000999e+01,4.198574294529745288e+00
1.581138830084189628e+01,2.879236009777593708e+01,1.811077027627483460e+01,2.500000000000000000e+01,4.167733196834941367e+01,4.614108798023730884e+01,4.159326868617084472e+01,4.140048308896890461e+01,4.232680884467215243e+00
1.140175425099137918e+01,2.692582403567251959e+01,1.802775637731994607e+01,2.408318915758459156e+01,4.472135954999579610e+01,4.522167621838005402e+01,4.080441152620633005e+01,4.219004621945797595e+01,4.277142823222444434e+00
1.272792206135785520e+01,2.860069929215018192e+01,1.711724276862369010e+01,2.418677324489564739e+01,4.554119014694280310e+01,4.252058325093859992e+01,3.701351104664349378e+01,4.123105625617660763e+01,4.136493020823385436e+00
1.749285568453590045e+01,2.973213749463701205e+01,1.565247584249852864e+01,2.308679276123039159e+01,4.701063709417263681e+01,3.640054944640259293e+01,3.794733192202055250e+01,4.601086828130936368e+01,4.108112949147019854e+00
1.824828759089465890e+01,3.301514803843835466e+01,1.720465053408525335e+01,2.385372088375312671e+01,4.301162633521313694e+01,3.667424164178449786e+01,3.863935817272331263e+01,4.301162633521313694e+01,1.992508956372842199e+00
2.109502310972898798e+01,3.482814953453599571e+01,1.702938636592640265e+01,2.163330765278393741e+01,4.101219330881975367e+01,3.748332962798262713e+01,3.748332962798262713e+01,4.101219330881975367e+01,1.991934289703556349e+00
2.100000000000000000e+01,3.440930106817050671e+01,1.627882059609970611e+01,2.000000000000000000e+01,4.210700654285459876e+01,3.863935817272331263e+01,3.634556369077249371e+01,4.001249804748510996e+01,1.904667499733629032e+00
2.002498439450078749e+01,3.361547262794321966e+01,1.780449381476485726e+01,1.979898987322333070e+01,4.219004621945797595e+01,3.945883931389771959e+01,3.634556369077249371e+01,4.101219330881975367e+01,1.825246348828694964e+00
2.193171219946130890e+01,3.794733192202055250e+01,1.886796226411320632e+01,2.109502310972898798e+01,4.341658669218482203e+01,3.931920650267500150e+01,3.505709628591620941e+01,4.004996878900157498e+01,1.614978082644638935e+00
2.416609194718914466e+01,3.827531841800927737e+01,1.923538406167134340e+01,2.012461179749810825e+01,4.275511665286389729e+01,3.905124837953326988e+01,3.501428280002319582e+01,4.119465984809195902e+01,1.639652816095941379e+00
2.596150997149434048e+01,3.939543120718441571e+01,2.102379604162863913e+01,2.059126028197400160e+01,4.237924020083418242e+01,4.210700654285459876e+01,3.413209633175202384e+01,4.044749683231336945e+01,1.832044360369584846e+00
2.745906043549196340e+01,3.758989225842500304e+01,2.012461179749810825e+01,2.059126028197400160e+01,4.085339643163099055e+01,4.143669871020131978e+01,3.535533905932737753e+01,4.002499219237900263e+01,1.989695098864896927e+00
2.668332812825266842e+01,3.801315561749642313e+01,1.835755975068581947e+01,2.163330765278393741e+01,3.939543120718441571e+01,4.244997055358224713e+01,3.640054944640259293e+01,3.832753579347360073e+01,2.108969291240534005e+00
2.745906043549196340e+01,3.623534186398687496e+01,1.878829422805593552e+01,2.059126028197400160e+01,3.847076812334268681e+01,3.984971769034255118e+01,3.764306044943742080e+01,3.848376280978771291e+01,2.177774587749568447e+00
2.745906043549196340e+01,3.623534186398687496e+01,1.878829422805593552e+01,2.059126028197400160e+01,3.773592452822641263e+01,3.921734310225515685e+01,3.668787265568828104e+01,3.847076812334268681e+01,2.215694427037028014e+00
2.863564212655270680e+01,3.758989225842500304e+01,1.835755975068581947e+01,2.195449840010014952e+01,3.580502757993631491e+01,3.939543120718441571e+01,3.511409973215887703e+01,3.758989225842500304e+01,2.300164849170657444e+00
3.008321791298264714e+01,3.956008088970496317e+01,1.897366596101027625e+01,2.154065922853801496e+01,3.661966684720110976e+01,3.757658845611187104e+01,3.401470270338990076e+01,3.671511950137163893e+01,2.136894629575617266e+00
3.087069808086626210e+01,3.956008088970496317e+01,1.868154169226940553e+01,1.992485884517127559e+01,3.605551275463989214e+01,3.716180835212409050e+01,3.492849839314595783e+01,3.584689665786984136e+01,2.088935392036433747e+00
3.041381265149109936e+01,3.984971769034255118e+01,1.964688270438849926e+01,2.061552812808830382e+01,3.661966684720110976e+01,3.624913792078371699e+01,3.401470270338990076e+01,3.635931792539568619e+01,2.042312156825570657e+00
2.906888370749726747e+01,3.860051813123756403e+01,2.061552812808830382e+01,2.039607805437113797e+01,3.720215047547655018e+01,3.667424164178449786e+01,3.354101966249684352e+01,3.635931792539568619e+01,2.044116932140873644e+00
2.954657340538831534e+01,3.794733192202055250e+01,2.061552812808830382e+01,2.039607805437113797e+01,3.661966684720110976e+01,3.577708763999663688e+01,3.354101966249684352e+01,3.635931792539568619e+01,2.070143048475026504e+00
2.863564212655270680e+01,3.889730067755344578e+01,2.061552812808830382e+01,1.964688270438849926e+01,3.720215047547655018e+01,3.667424164178449786e+01,3.401470270338990076e+01,3.773592452822641263e+01,2.047135910642672751e+00
2.954657340538831534e+01,3.794733192202055250e+01,1.964688270438849926e+01,2.061552812808830382e+01,3.661966684720110976e+01,3.667424164178449786e+01,3.401470270338990076e+01,3.721558813185679071e+01,2.073567241597955579e+00
2.954657340538831534e+01,3.889730067755344578e+01,2.061552812808830382e+01,2.061552812808830382e+01,3.689173349139343117e+01,3.624913792078371699e+01,3.492849839314595783e+01,3.721558813185679071e+01,2.040224218239364617e+00
2.954657340538831534e+01,3.889730067755344578e+01,2.061552812808830382e+01,2.061552812808830382e+01,3.689173349139343117e+01,3.624913792078371699e+01,3.534119409414458346e+01,3.635931792539568619e+01,2.057695558606165598e+00
2.863564212655270680e+01,3.860051813123756403e+01,2.061552812808830382e+01,2.061552812808830382e+01,3.744329045369811126e+01,3.624913792078371699e+01,3.534119409414458346e+01,3.689173349139343117e+01,2.047135910642672751e+00
2.863564212655270680e+01,3.860051813123756403e+01,2.061552812808830382e+01,2.061552812808830382e+01,3.744329045369811126e+01,3.624913792078371699e+01,3.534119409414458346e+01,3.689173349139343117e+01,2.047135910642672751e+00
2.863564212655270680e+01,3.860051813123756403e+01,2.061552812808830382e+01,2.061552812808830382e+01,3.744329045369811126e+01,3.624913792078371699e+01,3.534119409414458346e+01,3.689173349139343117e+01,2.047135910642672751e+00
2.863564212655270680e+01,3.860051813123756403e+01,2.061552812808830382e+01,2.061552812808830382e+01,3.744329045369811126e+01,3.624913792078371699e+01,3.534119409414458346e+01,3.689173349139343117e+01,2.047135910642672751e+00
2.863564212655270680e+01,3.860051813123756403e+01,2.061552812808830382e+01,2.061552812808830382e+01,3.744329045369811126e+01,3.624913792078371699e+01,3.534119409414458346e+01,3.689173349139343117e+01,2.047135910642672751e+00
2.954657340538831534e+01,3.794733192202055250e+01,1.964688270438849926e+01,2.061552812808830382e+01,3.689173349139343117e+01,3.624913792078371699e+01,3.534119409414458346e+01,3.635931792539568619e+01,2.073567241597955579e+00
2.823118842698620767e+01,3.794733192202055250e+01,1.992485884517127559e+01,2.088061301782110135e+01,3.689173349139343117e+01,3.534119409414458346e+01,3.534119409414458346e+01,3.689173349139343117e+01,2.089942441041419574e+00
3.008321791298264714e+01,3.827531841800927737e+01,1.964688270438849926e+01,2.088061301782110135e+01,3.689173349139343117e+01,3.534119409414458346e+01,3.534119409414458346e+01,3.689173349139343117e+01,2.105278661883148938e+00
2.915475947422650194e+01,3.794733192202055250e+01,2.061552812808830382e+01,2.061552812808830382e+01,3.689173349139343117e+01,3.624913792078371699e+01,3.534119409414458346e+01,3.635931792539568619e+01,2.073567241597955579e+00
2.915475947422650194e+01,3.794733192202055250e+01,2.061552812808830382e+01,2.061552812808830382e+01,3.689173349139343117e+01,3.534119409414458346e+01,3.492849839314595783e+01,3.773592452822641263e+01,2.056095901231154599e+00
2.915475947422650194e+01,3.794733192202055250e+01,2.061552812808830382e+01,2.061552812808830382e+01,3.689173349139343117e+01,3.624913792078371699e+01,3.492849839314595783e+01,3.721558813185679071e+01,2.056095901231154599e+00
2.915475947422650194e+01,3.794733192202055250e+01,2.061552812808830382e+01,2.061552812808830382e+01,3.689173349139343117e+01,3.534119409414458346e+01,3.492849839314595783e+01,3.773592452822641263e+01,2.056095901231154599e+00
2.915475947422650194e+01,3.700000000000000000e+01,1.964688270438849926e+01,2.061552812808830382e+01,3.689173349139343117e+01,3.624913792078371699e+01,3.492849839314595783e+01,3.721558813185679071e+01,2.072471100674618150e+00
2.915475947422650194e+01,3.700000000000000000e+01,1.964688270438849926e+01,2.061552812808830382e+01,3.689173349139343117e+01,3.534119409414458346e+01,3.492849839314595783e+01,3.773592452822641263e+01,2.072471100674618150e+00
2.954657340538831534e+01,3.889730067755344578e+01,1.964688270438849926e+01,2.088061301782110135e+01,3.689173349139343117e+01,3.534119409414458346e+01,3.492849839314595783e+01,3.773592452822641263e+01,2.056095901231154599e+00
2.954657340538831534e+01,3.889730067755344578e+01,1.964688270438849926e+01,2.088061301782110135e+01,3.689173349139343117e+01,3.534119409414458346e+01,3.492849839314595783e+01,3.773592452822641263e+01,2.056095901231154599e+00
2.954657340538831534e+01,3.827531841800927737e+01,1.992485884517127559e+01,2.061552812808830382e+01,3.689173349139343117e+01,3.534119409414458346e+01,3.401470270338990076e+01,3.721558813185679071e+01,2.065683769225970856e+00
3.008321791298264714e+01,3.827531841800927737e+01,2.061552812808830382e+01,2.061552812808830382e+01,3.689173349139343117e+01,3.534119409414458346e+01,3.401470270338990076e+01,3.721558813185679071e+01,2.065683769225970856e+00
2.915475947422650194e+01,3.827531841800927737e+01,2.088061301782110135e+01,2.061552812808830382e+01,3.689173349139343117e+01,3.534119409414458346e+01,3.492849839314595783e+01,3.773592452822641263e+01,2.071464051669632767e+00
2.915475947422650194e+01,3.827531841800927737e+01,2.088061301782110135e+01,2.061552812808830382e+01,3.773592452822641263e+01,3.624913792078371699e+01,3.534119409414458346e+01,3.721558813185679071e+01,2.071464051669632767e+00
3.008321791298264714e+01,3.827531841800927737e+01,2.061552812808830382e+01,2.061552812808830382e+01,3.689173349139343117e+01,3.624913792078371699e+01,3.492849839314595783e+01,3.721558813185679071e+01,2.071464051669632767e+00
2.915475947422650194e+01,3.827531841800927737e+01,2.088061301782110135e+01,2.061552812808830382e+01,3.689173349139343117e+01,3.624913792078371699e+01,3.492849839314595783e+01,3.721558813185679071e+01,2.071464051669632767e+00
2.954657340538831534e+01,3.794733192202055250e+01,1.964688270438849926e+01,2.061552812808830382e+01,3.773592452822641263e+01,3.624913792078371699e+01,3.534119409414458346e+01,3.721558813185679071e+01,2.056095901231154599e+00
2.954657340538831534e+01,3.921734310225515685e+01,1.992485884517127559e+01,2.088061301782110135e+01,3.773592452822641263e+01,3.534119409414458346e+01,3.534119409414458346e+01,3.773592452822641263e+01,2.071464051669632767e+00
2.915475947422650194e+01,3.827531841800927737e+01,2.088061301782110135e+01,2.061552812808830382e+01,3.773592452822641263e+01,3.534119409414458346e+01,3.443835071544512516e+01,3.721558813185679071e+01,2.065683769225970856e+00
2.915475947422650194e+01,3.827531841800927737e+01,1.992485884517127559e+01,2.088061301782110135e+01,3.689173349139343117e+01,3.577708763999663688e+01,3.443835071544512516e+01,3.721558813185679071e+01,2.099776654129183573e+00
2.915475947422650194e+01,3.921734310225515685e+01,2.088061301782110135e+01,2.088061301782110135e+01,3.689173349139343117e+01,3.534119409414458346e+01,3.401470270338990076e+01,3.721558813185679071e+01,2.065683769225970856e+00
2.915475947422650194e+01,3.921734310225515685e+01,2.088061301782110135e+01,2.088061301782110135e+01,3.689173349139343117e+01,3.534119409414458346e+01,3.401470270338990076e+01,3.721558813185679071e+01,2.065683769225970856e+00
2.954657340538831534e+01,3.921734310225515685e+01,1.992485884517127559e+01,2.088061301782110135e+01,3.689173349139343117e+01,3.534119409414458346e+01,3.401470270338990076e+01,3.721558813185679071e+01,2.065683769225970856e+00
2.954657340538831534e+01,3.921734310225515685e+01,1.992485884517127559e+01,2.088061301782110135e+01,3.689173349139343117e+01,3.534119409414458346e+01,3.401470270338990076e+01,3.721558813185679071e+01,2.065683769225970856e+00
2.954657340538831534e+01,3.921734310225515685e+01,1.992485884517127559e+01,2.088061301782110135e+01,3.689173349139343117e+01,3.534119409414458346e+01,3.401470270338990076e+01,3.721558813185679071e+01,2.065683769225970856e+00
2.915475947422650194e+01,3.921734310225515685e+01,1.992485884517127559e+01,2.118962010041709121e+01,3.605551275463989214e+01,3.577708763999663688e+01,3.401470270338990076e+01,3.721558813185679071e+01,2.099776654129183573e+00
2.863564212655270680e+01,3.889730067755344578e+01,1.897366596101027625e+01,2.118962010041709121e+01,3.605551275463989214e+01,3.577708763999663688e+01,3.401470270338990076e+01,3.721558813185679071e+01,2.084440433287454209e+00
2.823118842698620767e+01,3.889730067755344578e+01,1.992485884517127559e+01,2.118962010041709121e+01,3.605551275463989214e+01,3.577708763999663688e+01,3.401470270338990076e+01,3.721558813185679071e+01,2.084440433287454209e+00
2.823118842698620767e+01,3.889730067755344578e+01,1.992485884517127559e+01,2.118962010041709121e+01,3.605551275463989214e+01,3.577708763999663688e+01,3.401470270338990076e+01,3.721558813185679071e+01,2.084440433287454209e+00
2.954657340538831534e+01,3.921734310225515685e+01,1.964688270438849926e+01,1.992485884517127559e+01,3.689173349139343117e+01,3.624913792078371699e+01,3.492849839314595783e+01,3.721558813185679071e+01,2.056095901231154599e+00
3.008321791298264714e+01,3.862641583165593318e+01,1.992485884517127559e+01,2.088061301782110135e+01,3.635931792539568619e+01,3.534119409414458346e+01,3.492849839314595783e+01,3.721558813185679071e+01,2.096862745791660210e+00
2.915475947422650194e+01,3.921734310225515685e+01,1.897366596101027625e+01,2.154065922853801496e+01,3.551056180912940619e+01,3.577708763999663688e+01,3.492849839314595783e+01,3.721558813185679071e+01,2.116620390277753838e+00
2.915475947422650194e+01,3.827531841800927737e+01,1.964688270438849926e+01,1.992485884517127559e+01,3.689173349139343117e+01,3.624913792078371699e+01,3.492849839314595783e+01,3.721558813185679071e+01,2.072471100674618150e+00
2.785677655436823841e+01,3.794733192202055250e+01,1.992485884517127559e+01,2.118962010041709121e+01,3.661966684720110976e+01,3.667424164178449786e+01,3.310589071449369669e+01,3.671511950137163893e+01,2.101334285268220636e+00
2.785677655436823841e+01,3.794733192202055250e+01,1.964688270438849926e+01,2.024845673131658685e+01,3.661966684720110976e+01,3.667424164178449786e+01,3.401470270338990076e+01,3.721558813185679071e+01,2.091016554484412815e+00
2.731300056749532601e+01,3.736308338453881106e+01,2.061552812808830382e+01,2.061552812808830382e+01,3.744329045369811126e+01,3.624913792078371699e+01,3.401470270338990076e+01,3.721558813185679071e+01,2.023832243931359187e+00
2.863564212655270680e+01,3.889730067755344578e+01,1.992485884517127559e+01,2.088061301782110135e+01,3.689173349139343117e+01,3.624913792078371699e+01,3.401470270338990076e+01,3.671511950137163893e+01,2.050315618787492689e+00
2.952964612046680060e+01,3.956008088970496317e+01,1.964688270438849926e+01,2.061552812808830382e+01,3.689173349139343117e+01,3.676955262170046979e+01,3.361547262794321966e+01,3.623534186398687496e+01,1.985662042308032005e+00
2.751363298439520833e+01,3.700000000000000000e+01,1.964688270438849926e+01,2.024845673131658685e+01,3.807886552931954327e+01,3.676955262170046979e+01,3.401470270338990076e+01,3.667424164178449786e+01,2.043851184304390056e+00
2.624880949681337583e+01,3.605551275463989214e+01,1.992485884517127559e+01,2.024845673131658685e+01,3.635931792539568619e+01,3.624913792078371699e+01,3.324154027718932269e+01,3.801315561749642313e+01,2.061903969547213222e+00
2.408318915758459156e+01,3.400000000000000000e+01,1.923538406167134340e+01,2.024845673131658685e+01,3.623534186398687496e+01,3.534119409414458346e+01,3.453983207834108526e+01,3.801315561749642313e+01,2.249283154416707120e+00
2.100000000000000000e+01,3.130495168499705727e+01,1.835755975068581947e+01,2.000000000000000000e+01,3.712142238654116966e+01,3.624913792078371699e+01,3.640054944640259293e+01,3.935733730830885690e+01,2.277908507370511870e+00
2.102379604162863913e+01,3.088689042296100240e+01,1.802775637731994607e+01,2.061552812808830382e+01,3.577708763999663688e+01,3.624913792078371699e+01,3.640054944640259293e+01,3.801315561749642313e+01,2.354251235739849957e+00
1.824828759089465890e+01,2.817800560721074277e+01,1.720465053408525335e+01,2.051828452868319275e+01,3.623534186398687496e+01,3.667424164178449786e+01,3.676955262170046979e+01,3.847076812334268681e+01,2.427966423128165019e+00
1.615549442140351033e+01,2.500000000000000000e+01,1.769180601295413169e+01,1.910497317454279909e+01,3.623534186398687496e+01,3.624913792078371699e+01,3.794733192202055250e+01,4.031128874149274566e+01,2.569662537333956109e+00
1.612451549659709826e+01,2.475883680627989492e+01,1.720465053408525335e+01,1.941648783894759944e+01,3.671511950137163893e+01,3.862641583165593318e+01,3.832753579347360073e+01,4.070626487409523975e+01,2.689778811692137950e+00
1.640121946685672683e+01,2.483948469674844262e+01,1.788854381999831844e+01,2.059126028197400160e+01,3.935733730830885690e+01,3.929376540877699853e+01,4.002499219237900263e+01,4.070626487409523975e+01,3.500684660610231091e+00
1.886796226411320632e+01,2.720294101747088789e+01,1.708800749063506075e+01,2.236067977499789805e+01,3.894868418830089496e+01,4.002499219237900263e+01,4.060788100849390503e+01,4.118252056394800320e+01,3.446416167044330070e+00
1.802775637731994607e+01,2.860069929215018192e+01,2.088061301782110135e+01,2.418677324489564739e+01,4.049691346263317371e+01,4.060788100849390503e+01,3.981205847478876336e+01,3.911521443121588959e+01,3.430712237299601064e+00
2.147091055358388800e+01,3.000000000000000000e+01,2.184032966784155505e+01,2.720294101747088789e+01,4.382921400162225467e+01,4.130375285612676350e+01,4.079215610874227593e+01,4.080441152620633005e+01,3.448671072824602390e+00
1.972308292331602075e+01,2.780287754891568852e+01,2.353720459187963954e+01,2.842534080710379030e+01,4.560701700396551672e+01,4.410215414239988974e+01,3.945883931389771959e+01,4.022437072223753063e+01,3.438228233295277825e+00
2.147091055358388800e+01,2.920616373302046753e+01,2.353720459187963954e+01,2.983286778035259701e+01,4.816637831516918311e+01,5.003998401278721531e+01,3.920459156782531807e+01,3.661966684720110976e+01,3.446542100591374780e+00
1.941648783894759944e+01,3.124099870362661591e+01,2.280350850198275836e+01,3.041381265149109936e+01,5.099019513592784847e+01,5.532630477449221473e+01,4.044749683231336945e+01,3.220248437620923454e+01,2.684701698524772251e+00
2.209072203437452231e+01,3.328663395418647752e+01,2.236067977499789805e+01,3.124099870362661591e+01,5.307541803886239506e+01,5.500909015790026757e+01,3.807886552931954327e+01,3.342154993413680586e+01,2.612015263031175927e+00
2.102379604162863913e+01,3.224903099319419653e+01,2.247220505424423109e+01,2.830194339616981125e+01,5.390732788777421547e+01,5.215361924162119323e+01,3.605551275463989214e+01,3.546829570193639825e+01,2.529799029767649365e+00
2.402082429892862692e+01,3.360059523282288296e+01,2.247220505424423109e+01,2.692582403567251959e+01,5.521775076911409030e+01,5.557877292636101174e+01,3.769615364994152884e+01,3.606937759374286401e+01,2.626689223833252207e+00
2.716615541441224835e+01,3.500000000000000000e+01,2.302172886644267535e+01,2.773084924772409465e+01,5.547071299343465256e+01,5.656854249492380404e+01,3.848376280978771291e+01,3.397057550292606010e+01,2.623744999010494627e+00
2.807133769523639799e+01,3.405877273185280529e+01,2.195449840010014952e+01,2.817800560721074277e+01,4.973932046178354938e+01,5.629387178015027615e+01,3.889730067755344578e+01,3.535533905932737753e+01,2.710651593113743374e+00
2.828427124746190202e+01,3.264965543462901820e+01,2.416609194718914466e+01,2.915475947422650194e+01,5.197114584074513033e+01,5.590169943749474157e+01,3.992492955535426091e+01,3.420526275297414287e+01,2.888813473399902243e+00
2.451530134426252516e+01,3.041381265149109936e+01,2.505992817228333536e+01,2.778488797889960793e+01,5.371219600798313820e+01,5.688585061331156822e+01,4.031128874149274566e+01,3.440930106817050671e+01,2.872087351510296038e+00
2.334523505985750447e+01,3.041381265149109936e+01,2.507987240796890660e+01,2.968164415931165934e+01,5.635601121442148553e+01,5.385164807134503917e+01,3.944616584663204151e+01,3.773592452822641263e+01,2.940582651648590673e+00
2.154065922853801496e+01,2.701851217221259205e+01,2.846049894151541437e+01,3.052867504494749440e+01,5.724508712544684386e+01,5.651548460377916427e+01,3.827531841800927737e+01,3.328663395418647752e+01,3.060151016410722402e+00
1.992485884517127559e+01,2.900000000000000000e+01,2.751363298439520833e+01,3.080584360149872580e+01,5.953990258641678679e+01,5.968249324550709645e+01,3.935733730830885690e+01,3.440930106817050671e+01,2.949255069053441591e+00
1.843908891458577415e+01,2.641968962724581260e+01,2.640075756488817049e+01,3.312099032335839155e+01,5.859180830116100935e+01,6.020797289396147534e+01,3.996248240537617136e+01,3.244996147917590434e+01,2.906789402446598114e+00
1.077032961426900748e+01,2.137755832643194864e+01,2.563201123595259290e+01,3.400000000000000000e+01,6.132699242584785537e+01,6.236986451805070431e+01,3.827531841800927737e+01,3.190611226708763226e+01,2.950157116456940898e+00
1.204159457879229578e+01,2.154065922853801496e+01,3.008321791298264714e+01,3.328663395418647752e+01,6.126989472816156024e+01,6.296824596572466248e+01,3.827531841800927737e+01,3.023243291566194912e+01,3.017237659043031428e+00
1.562049935181330795e+01,2.483948469674844262e+01,2.983286778035259701e+01,3.330165161069342616e+01,6.041522986797286165e+01,6.067124524847005063e+01,3.807886552931954327e+01,3.220248437620923454e+01,3.184311306007484799e+00
1.910497317454279909e+01,2.408318915758459156e+01,2.961418578992169515e+01,3.394112549695427816e+01,6.226556030423238752e+01,5.984145720150872449e+01,3.689173349139343117e+01,3.342154993413680586e+01,3.082067649563036582e+00
1.843908891458577415e+01,2.024845673131658685e+01,2.906888370749726747e+01,3.138470965295043058e+01,6.313477647065838738e+01,5.869412236331675814e+01,3.635931792539568619e+01,3.500000000000000000e+01,2.828779299171396922e+00
2.657066051117284644e+01,2.549509756796392423e+01,3.106444913401813324e+01,3.176476034853718033e+01,6.351377803280166745e+01,5.714017850864661341e+01,3.671511950137163893e+01,3.500000000000000000e+01,2.817153933625263562e+00
3.001666203960726875e+01,2.942787793912432193e+01,3.014962686336266984e+01,3.224903099319419653e+01,6.268173577685927711e+01,5.614267539047279598e+01,3.721558813185679071e+01,3.440930106817050671e+01,2.857317223377500159e+00
3.190611226708763226e+01,3.026549190084311292e+01,2.906888370749726747e+01,3.312099032335839155e+01,6.268173577685927711e+01,5.622277118748238678e+01,3.721558813185679071e+01,3.500000000000000000e+01,2.831991826277562740e+00
2.941088233970548416e+01,2.983286778035259701e+01,2.707397274136176790e+01,3.264965543462901820e+01,6.242595614005443139e+01,5.544366510251644797e+01,3.944616584663204151e+01,3.780211634287159939e+01,2.864003221737990934e+00
3.328663395418647752e+01,3.125699921617556853e+01,2.816025568065744622e+01,3.264965543462901820e+01,6.161168720299745161e+01,5.532630477449221473e+01,3.944616584663204151e+01,3.640054944640259293e+01,2.831991826277562740e+00
3.275667870831839679e+01,3.106444913401813324e+01,2.801785145224380003e+01,3.220248437620923454e+01,6.080296045424104534e+01,5.423098745182499414e+01,3.894868418830089496e+01,3.640054944640259293e+01,2.803198309722801262e+00
3.511409973215887703e+01,3.224903099319419653e+01,2.600000000000000000e+01,2.961418578992169515e+01,6.184658438426490790e+01,5.400925846556310717e+01,3.935733730830885690e+01,3.640054944640259293e+01,2.674312471049671291e+00
3.613862199918530393e+01,3.383784863137726262e+01,2.531797780234432693e+01,2.807133769523639799e+01,6.087692502089769420e+01,5.300000000000000000e+01,4.123105625617660763e+01,3.905124837953326988e+01,2.580369913005688964e+00
3.436568055487916240e+01,3.101612483854164637e+01,2.473863375370596174e+01,2.900000000000000000e+01,6.293647591023825072e+01,5.315072906367324634e+01,4.215447781671598193e+01,3.905124837953326988e+01,2.534242569856226979e+00
3.324154027718932269e+01,3.157530680769388809e+01,2.624880949681337583e+01,3.413209633175202384e+01,6.293647591023825072e+01,5.414794548272353580e+01,4.272001872658765365e+01,3.969886648255841521e+01,2.618314331457817445e+00
3.324154027718932269e+01,3.157530680769388809e+01,2.624880949681337583e+01,3.413209633175202384e+01,6.293647591023825072e+01,5.414794548272353580e+01,4.178516483155235761e+01,3.894868418830089496e+01,2.622125288618121886e+00
3.551056180912940619e+01,3.195309061734091571e+01,2.624880949681337583e+01,3.201562118716424266e+01,6.296824596572466248e+01,5.323532661682465772e+01,4.215447781671598193e+01,3.828837943815329226e+01,2.546159697814713851e+00
3.383784863137726262e+01,3.157530680769388809e+01,2.376972864800942631e+01,3.214031735997639316e+01,6.303173803727769808e+01,5.234500931320960149e+01,4.237924020083418242e+01,4.036087214122112954e+01,2.683303199304428066e+00
3.228002478313794654e+01,3.140063693621516450e+01,2.596150997149434048e+01,3.313608305156178346e+01,6.296824596572466248e+01,5.323532661682465772e+01,4.365775990588614519e+01,4.045985664828781836e+01,2.654237944697746876e+00
2.941088233970548416e+01,2.900000000000000000e+01,2.647640458974745314e+01,3.354101966249684352e+01,6.293647591023825072e+01,5.514526271584895056e+01,4.332435804486893716e+01,4.045985664828781836e+01,2.721236328723959375e+00
3.008321791298264714e+01,2.816025568065744622e+01,2.531797780234432693e+01,3.041381265149109936e+01,6.506919393998975920e+01,5.614267539047279598e+01,4.308131845707602992e+01,3.982461550347975532e+01,2.677945044588986967e+00
2.563201123595259290e+01,2.816025568065744622e+01,2.745906043549196340e+01,3.298484500494128469e+01,6.365532185135819532e+01,5.508175741568164341e+01,4.308131845707602992e+01,3.982461550347975532e+01,2.778231007232056626e+00
2.563201123595259290e+01,2.707397274136176790e+01,2.517935662402834396e+01,2.983286778035259701e+01,6.576473218982953028e+01,5.714017850864661341e+01,4.308131845707602992e+01,3.969886648255841521e+01,2.802508285696669876e+00
2.657066051117284644e+01,2.707397274136176790e+01,2.630589287593181069e+01,3.201562118716424266e+01,6.435060217278467576e+01,5.614267539047279598e+01,4.272001872658765365e+01,3.969886648255841521e+01,2.785309821678543685e+00
2.692582403567251959e+01,2.801785145224380003e+01,2.531797780234432693e+01,3.080584360149872580e+01,6.438167441127949076e+01,5.707889277132134254e+01,4.272001872658765365e+01,3.969886648255841521e+01,2.771421825747576673e+00
2.912043955712207222e+01,2.701851217221259205e+01,2.517935662402834396e+01,3.059411708155671050e+01,6.576473218982953028e+01,5.714017850864661341e+01,4.308131845707602992e+01,3.969886648255841521e+01,2.719493791165498386e+00
3.059411708155671050e+01,2.729468812791236232e+01,2.531797780234432693e+01,3.026549190084311292e+01,6.576473218982953028e+01,5.714017850864661341e+01,4.308131845707602992e+01,3.969886648255841521e+01,2.642132841720719050e+00
3.255764119219941222e+01,2.863564212655270680e+01,2.451530134426252516e+01,3.106444913401813324e+01,6.435060217278467576e+01,5.614267539047279598e+01,4.308131845707602992e+01,3.905124837953326988e+01,2.577329412936529174e+00
3.041381265149109936e+01,2.844292530665578411e+01,2.570992026436488231e+01,3.106444913401813324e+01,6.435060217278467576e+01,5.522680508593630577e+01,4.308131845707602992e+01,3.905124837953326988e+01,2.604827217445644827e+00
3.125699921617556853e+01,2.983286778035259701e+01,2.596150997149434048e+01,3.100000000000000000e+01,6.435060217278467576e+01,5.614267539047279598e+01,4.308131845707602992e+01,3.905124837953326988e+01,2.547900301954256985e+00
3.140063693621516450e+01,2.961418578992169515e+01,2.570992026436488231e+01,3.101612483854164637e+01,6.505382386916237181e+01,5.622277118748238678e+01,4.308131845707602992e+01,3.905124837953326988e+01,2.587733102410354924e+00
2.912043955712207222e+01,2.816025568065744622e+01,2.473863375370596174e+01,3.125699921617556853e+01,6.505382386916237181e+01,5.622277118748238678e+01,4.308131845707602992e+01,3.905124837953326988e+01,2.661539280601179058e+00
2.886173937932362321e+01,2.707397274136176790e+01,2.549509756796392423e+01,3.140063693621516450e+01,6.505382386916237181e+01,5.622277118748238678e+01,4.308131845707602992e+01,3.905124837953326988e+01,2.676449638739359038e+00
2.973213749463701205e+01,2.901723625709381693e+01,2.433105012119287736e+01,3.140063693621516450e+01,6.505382386916237181e+01,5.622277118748238678e+01,4.272001872658765365e+01,3.969886648255841521e+01,2.732455522723916452e+00
2.915475947422650194e+01,2.801785145224380003e+01,2.531797780234432693e+01,3.298484500494128469e+01,6.363961030678927955e+01,5.514526271584895056e+01,4.272001872658765365e+01,3.969886648255841521e+01,2.769975894860271737e+00
1.708800749063506075e+01,2.459674775249768786e+01,2.707397274136176790e+01,3.101612483854164637e+01,6.363961030678927955e+01,5.514526271584895056e+01,4.365775990588614519e+01,4.045985664828781836e+01,2.977884482237272312e+00
1.236931687685298087e+01,1.910497317454279909e+01,3.014962686336266984e+01,3.220248437620923454e+01,6.095900261651268437e+01,5.600892785976178345e+01,4.308131845707602992e+01,3.905124837953326988e+01,2.906640039728643821e+00
1.513274595042155646e+01,1.920937271229854559e+01,2.906888370749726747e+01,3.138470965295043058e+01,6.161980201201558316e+01,5.600000000000000000e+01,4.215447781671598193e+01,3.828837943815329226e+01,2.865722533050296228e+00
1.824828759089465890e+01,1.868154169226940553e+01,2.765863337187866122e+01,2.961418578992169515e+01,6.222539674441618018e+01,5.508175741568164341e+01,4.237924020083418242e+01,3.962322551231790158e+01,2.699218430613048447e+00
2.109502310972898798e+01,1.868154169226940553e+01,2.720294101747088789e+01,2.983286778035259701e+01,6.312685640834651934e+01,5.277309920783504538e+01,4.026164427839479032e+01,4.031128874149274566e+01,2.327145891095019348e+00
2.640075756488817049e+01,2.441311123146740414e+01,2.561249694973139412e+01,2.823118842698620767e+01,6.463745044476924306e+01,5.220153254455274805e+01,4.177319714841084419e+01,4.103656905736638549e+01,2.315389091274663524e+00
2.720294101747088789e+01,2.662705391138869615e+01,2.385372088375312671e+01,2.600000000000000000e+01,6.741661516273269683e+01,5.331041174104736058e+01,4.143669871020131978e+01,4.103656905736638549e+01,2.454294867952645731e+00
2.624880949681337583e+01,2.720294101747088789e+01,2.545584412271571040e+01,2.954657340538831534e+01,6.586349520030044857e+01,5.331041174104736058e+01,4.318564576337836769e+01,4.186884283091664116e+01,2.408250585723267001e+00
2.906888370749726747e+01,2.765863337187866122e+01,2.624880949681337583e+01,2.865309756378880479e+01,6.670832032063167105e+01,5.110772935672255102e+01,4.201190307520000999e+01,4.220189569201838253e+01,2.373278255139761761e+00
3.130495168499705727e+01,2.941088233970548416e+01,2.549509756796392423e+01,2.692582403567251959e+01,6.928924880528002461e+01,5.243090691567331874e+01,4.104875150354758517e+01,4.304648650006176780e+01,2.435088158599802100e+00
3.195309061734091571e+01,3.124099870362661591e+01,2.617250465660480074e+01,2.683281572999747766e+01,6.928924880528002461e+01,5.269724850502159086e+01,3.911521443121588959e+01,4.338202392696772591e+01,2.559492588477954467e+00
3.373425558686599857e+01,3.252691193458118590e+01,2.701851217221259205e+01,2.846049894151541437e+01,6.390618123468183143e+01,4.973932046178354938e+01,4.031128874149274566e+01,4.428317965096906050e+01,2.652820848284005883e+00
3.512833614050059339e+01,3.280243893371345365e+01,2.469817807045693669e+01,2.912043955712207222e+01,6.332456079595025500e+01,4.924428900898052319e+01,3.832753579347360073e+01,4.386342439892261780e+01,2.738960554054787000e+00
3.667424164178449786e+01,3.324154027718932269e+01,2.500000000000000000e+01,2.879236009777593708e+01,6.296824596572466248e+01,4.924428900898052319e+01,3.931920650267500150e+01,4.386342439892261780e+01,2.629776809221199496e+00
2.906888370749726747e+01,3.088689042296100240e+01,2.523885892824792521e+01,2.912043955712207222e+01,6.425729530566937342e+01,4.837354648979129479e+01,4.119465984809195902e+01,4.565084884205330695e+01,2.772258995916167645e+00
2.280350850198275836e+01,2.900000000000000000e+01,2.418677324489564739e+01,3.405877273185280529e+01,6.397655820689325168e+01,5.142956348249516196e+01,4.119465984809195902e+01,4.477722635447621968e+01,2.981217209613842289e+00
2.118962010041709121e+01,2.630589287593181069e+01,2.469817807045693669e+01,3.324154027718932269e+01,6.352952069707436067e+01,5.331041174104736058e+01,4.011234224026316042e+01,4.341658669218482203e+01,3.073474643427553055e+00
2.469817807045693669e+01,2.729468812791236232e+01,2.376972864800942631e+01,3.622154055254966920e+01,6.529931086925803640e+01,5.636488268416781011e+01,3.911521443121588959e+01,4.114608122288196768e+01,3.064260014715237013e+00
2.563201123595259290e+01,2.807133769523639799e+01,2.459674775249768786e+01,3.712142238654116966e+01,6.618912297349164930e+01,5.679788728465170777e+01,3.811823710509183627e+01,4.071854614300466579e+01,3.034939517793175057e+00
2.563201123595259290e+01,2.801785145224380003e+01,2.459674775249768786e+01,3.612478373637688378e+01,6.618912297349164930e+01,5.590169943749474157e+01,3.721558813185679071e+01,4.162931659299729859e+01,3.050301107737217077e+00
2.563201123595259290e+01,2.901723625709381693e+01,2.459674775249768786e+01,3.605551275463989214e+01,6.618912297349164930e+01,5.590169943749474157e+01,3.721558813185679071e+01,4.162931659299729859e+01,3.050301107737217077e+00
2.751363298439520833e+01,3.001666203960726875e+01,2.459674775249768786e+01,3.601388621073821383e+01,6.664082832618454688e+01,5.724508712544684386e+01,3.811823710509183627e+01,4.031128874149274566e+01,3.022825753991583486e+00
2.785677655436823841e+01,3.001666203960726875e+01,2.505992817228333536e+01,3.705401462729781059e+01,6.574191965557440653e+01,5.590169943749474157e+01,3.712142238654116966e+01,4.031128874149274566e+01,3.024847526481320603e+00
2.751363298439520833e+01,2.901723625709381693e+01,2.459674775249768786e+01,3.605551275463989214e+01,6.664082832618454688e+01,5.635601121442148553e+01,3.712142238654116966e+01,4.031128874149274566e+01,3.030333657251589763e+00
2.751363298439520833e+01,2.901723625709381693e+01,2.370653918225939449e+01,3.601388621073821383e+01,6.664082832618454688e+01,5.724508712544684386e+01,3.811823710509183627e+01,4.031128874149274566e+01,3.006733189409724893e+00
2.500000000000000000e+01,2.801785145224380003e+01,2.549509756796392423e+01,3.605551275463989214e+01,6.621178142898739338e+01,5.635601121442148553e+01,3.811823710509183627e+01,4.031128874149274566e+01,3.041569139509552322e+00
2.707397274136176790e+01,2.720294101747088789e+01,2.555386467836127551e+01,3.206243908376279705e+01,6.664082832618454688e+01,5.682429058070148642e+01,3.811823710509183627e+01,3.981205847478876336e+01,2.865854464392459722e+00
2.716615541441224835e+01,2.816025568065744622e+01,2.523885892824792521e+01,3.313608305156178346e+01,6.711929677819934170e+01,5.643580423808985103e+01,3.820994634908559817e+01,4.071854614300466579e+01,2.878150649456928001e+00
2.507987240796890660e+01,2.624880949681337583e+01,2.523885892824792521e+01,3.106444913401813324e+01,6.894200461257273105e+01,5.693856338194703426e+01,3.811823710509183627e+01,4.071854614300466579e+01,2.889038377811733671e+00
2.801785145224380003e+01,2.731300056749532601e+01,2.580697580112788003e+01,3.238826948140329165e+01,6.894200461257273105e+01,5.693856338194703426e+01,3.811823710509183627e+01,4.071854614300466579e+01,2.791547765344647214e+00
3.000000000000000000e+01,2.906888370749726747e+01,2.500000000000000000e+01,3.255764119219941222e+01,6.711929677819934170e+01,5.643580423808985103e+01,3.820994634908559817e+01,4.071854614300466579e+01,2.766785380254081161e+00
2.801785145224380003e+01,2.879236009777593708e+01,2.580697580112788003e+01,3.337663853655727308e+01,6.802940540677980152e+01,5.594640292279746063e+01,3.811823710509183627e+01,4.162931659299729859e+01,2.821467654337781461e+00
2.800000000000000000e+01,2.785677655436823841e+01,2.523885892824792521e+01,3.238826948140329165e+01,6.894200461257273105e+01,5.693856338194703426e+01,3.811823710509183627e+01,4.071854614300466579e+01,2.819842099193150986e+00
2.700000000000000000e+01,2.785677655436823841e+01,2.580697580112788003e+01,3.238826948140329165e+01,6.894200461257273105e+01,5.643580423808985103e+01,3.811823710509183627e+01,4.162931659299729859e+01,2.819842099193150986e+00
2.700000000000000000e+01,2.692582403567251959e+01,2.580697580112788003e+01,3.224903099319419653e+01,6.894200461257273105e+01,5.693856338194703426e+01,3.811823710509183627e+01,4.071854614300466579e+01,2.819842099193150986e+00
2.801785145224380003e+01,2.785677655436823841e+01,2.523885892824792521e+01,3.224903099319419653e+01,6.894200461257273105e+01,5.693856338194703426e+01,3.811823710509183627e+01,4.071854614300466579e+01,2.838707785214821921e+00
2.801785145224380003e+01,2.785677655436823841e+01,2.469817807045693669e+01,3.125699921617556853e+01,6.985699678629191567e+01,5.745432968889289782e+01,3.811823710509183627e+01,4.071854614300466579e+01,2.856198911376574223e+00
2.801785145224380003e+01,2.785677655436823841e+01,2.523885892824792521e+01,3.224903099319419653e+01,6.894200461257273105e+01,5.643580423808985103e+01,3.811823710509183627e+01,4.162931659299729859e+01,2.838707785214821921e+00
2.801785145224380003e+01,2.879236009777593708e+01,2.523885892824792521e+01,3.238826948140329165e+01,6.894200461257273105e+01,5.693856338194703426e+01,3.811823710509183627e+01,4.071854614300466579e+01,2.838707785214821921e+00
2.800000000000000000e+01,2.692582403567251959e+01,2.441311123146740414e+01,3.238826948140329165e+01,6.935416353759880792e+01,5.730619512757760958e+01,3.811823710509183627e+01,4.162931659299729859e+01,2.793095044781139791e+00
2.302172886644267535e+01,2.596150997149434048e+01,2.580697580112788003e+01,3.114482300479487265e+01,6.894200461257273105e+01,5.693856338194703426e+01,3.712142238654116966e+01,4.031128874149274566e+01,2.888623701359945173e+00
2.109502310972898798e+01,2.404163056034261459e+01,2.720294101747088789e+01,3.014962686336266984e+01,6.985699678629191567e+01,5.780138406647370175e+01,3.805259518088089266e+01,4.031128874149274566e+01,2.851746163678173573e+00
2.433105012119287736e+01,2.600000000000000000e+01,2.720294101747088789e+01,3.059411708155671050e+01,7.117583859709698402e+01,5.883026432033091169e+01,3.622154055254966920e+01,4.085339643163099055e+01,2.808890300992394895e+00
2.507987240796890660e+01,2.692582403567251959e+01,2.640075756488817049e+01,3.157530680769388809e+01,7.484650960465691583e+01,5.964059020499377795e+01,3.512833614050059339e+01,4.085339643163099055e+01,2.848903682301964224e+00
1.476482306023340030e+01,2.109502310972898798e+01,3.023243291566194912e+01,3.214031735997639316e+01,7.186793443532380365e+01,5.882176467941096831e+01,3.721558813185679071e+01,3.992492955535426091e+01,2.956244703594098411e+00
1.280624847486569706e+01,1.676305461424021104e+01,3.140063693621516450e+01,3.201562118716424266e+01,6.741661516273269683e+01,5.745432968889289782e+01,3.832753579347360073e+01,4.016217125604640614e+01,2.909414110599192860e+00
1.220655561573370207e+01,1.708800749063506075e+01,3.162277660168379256e+01,3.100000000000000000e+01,6.555150646628953837e+01,5.556977595779921586e+01,3.622154055254966920e+01,3.889730067755344578e+01,2.965486368416296870e+00
1.414213562373095101e+01,1.649242250247064234e+01,3.106444913401813324e+01,3.100000000000000000e+01,6.777905281132217397e+01,5.660388679233962250e+01,3.522782990761707111e+01,3.889730067755344578e+01,2.946211959352111442e+00
1.166190378969060149e+01,1.708800749063506075e+01,3.220248437620923454e+01,3.100000000000000000e+01,6.777905281132217397e+01,5.660388679233962250e+01,3.423448553724738019e+01,3.860051813123756403e+01,2.988914633259839082e+00
1.341640786499873883e+01,1.476482306023340030e+01,3.088689042296100240e+01,2.807133769523639799e+01,6.407807737440317908e+01,5.547071299343465256e+01,3.324154027718932269e+01,3.807886552931954327e+01,3.017742794544772345e+00
1.341640786499873883e+01,1.581138830084189628e+01,3.130495168499705727e+01,2.915475947422650194e+01,6.315853069855251078e+01,5.500909015790026757e+01,3.313608305156178346e+01,3.710795063055894616e+01,3.056140177742839192e+00
1.389244398944980396e+01,1.476482306023340030e+01,3.088689042296100240e+01,2.906888370749726747e+01,6.146543744251723496e+01,5.500909015790026757e+01,3.634556369077249371e+01,3.832753579347360073e+01,2.979401693708181753e+00
1.220655561573370207e+01,1.788854381999831844e+01,3.138470965295043058e+01,3.101612483854164637e+01,6.332456079595025500e+01,5.594640292279746063e+01,3.622154055254966920e+01,3.736308338453881106e+01,3.025477850384371781e+00
1.220655561573370207e+01,1.655294535724684835e+01,3.052867504494749440e+01,3.001666203960726875e+01,6.369458375717671572e+01,5.594640292279746063e+01,3.634556369077249371e+01,3.860051813123756403e+01,2.996243368741559276e+00
1.280624847486569706e+01,1.655294535724684835e+01,3.001666203960726875e+01,3.001666203960726875e+01,6.369458375717671572e+01,5.556977595779921586e+01,3.649657518178931781e+01,3.889730067755344578e+01,3.003975173429595635e+00
1.280624847486569706e+01,1.746424919657297892e+01,3.001666203960726875e+01,3.206243908376279705e+01,6.332456079595025500e+01,5.420332093147060704e+01,3.748332962798262713e+01,4.016217125604640614e+01,3.020196230292391704e+00
1.252996408614166768e+01,2.545584412271571040e+01,2.473863375370596174e+01,3.700000000000000000e+01,5.777542730261716031e+01,5.189412298131648527e+01,4.060788100849390503e+01,4.123105625617660763e+01,3.387056400355544117e+00
1.208304597359457233e+01,2.830194339616981125e+01,2.009975124224177989e+01,3.488552708502481892e+01,5.371219600798313820e+01,4.997999599839919682e+01,3.945883931389771959e+01,4.049691346263317371e+01,3.653230830599331735e+00
1.044030650891055068e+01,2.720294101747088789e+01,1.902629759044044633e+01,3.500000000000000000e+01,5.189412298131648527e+01,4.933558553417604031e+01,3.945883931389771959e+01,4.049691346263317371e+01,3.788073745047741525e+00
1.403566884761819900e+01,3.067572330035593353e+01,1.843908891458577415e+01,3.405877273185280529e+01,5.280151512977634098e+01,5.059644256269407236e+01,3.945883931389771959e+01,4.016217125604640614e+01,2.323512264908544456e+00
2.202271554554523902e+01,3.400000000000000000e+01,1.649242250247064234e+01,3.330165161069342616e+01,4.965883607174054504e+01,4.808326112068522917e+01,4.044749683231336945e+01,3.992492955535426091e+01,2.314416676752785840e+00
2.901723625709381693e+01,3.780211634287159939e+01,1.615549442140351033e+01,3.114482300479487265e+01,4.477722635447621968e+01,4.220189569201838253e+01,3.931920650267500150e+01,3.939543120718441571e+01,2.304818607295294974e+00
3.106444913401813324e+01,4.000000000000000000e+01,1.500000000000000000e+01,2.831960451701259274e+01,4.386342439892261780e+01,4.275511665286389729e+01,3.931920650267500150e+01,3.992492955535426091e+01,2.222860145147857125e+00
3.224903099319419653e+01,4.280186911806539030e+01,1.702938636592640265e+01,2.404163056034261459e+01,4.237924020083418242e+01,3.863935817272331263e+01,4.004996878900157498e+01,3.848376280978771291e+01,2.104059150292583169e+00
3.140063693621516450e+01,4.022437072223753063e+01,1.640121946685672683e+01,2.343074902771996193e+01,3.900000000000000000e+01,3.805259518088089266e+01,4.001249804748510996e+01,3.891015291668743714e+01,2.135716760761287691e+00
2.692582403567251959e+01,3.992492955535426091e+01,1.700000000000000000e+01,2.163330765278393741e+01,4.070626487409523975e+01,3.905124837953326988e+01,3.820994634908559817e+01,3.847076812334268681e+01,1.981704537332226845e+00
2.483948469674844262e+01,3.832753579347360073e+01,1.802775637731994607e+01,2.061552812808830382e+01,4.081666326391709987e+01,3.945883931389771959e+01,3.667424164178449786e+01,3.847076812334268681e+01,1.762522843989663413e+00
2.831960451701259274e+01,4.119465984809195902e+01,1.992485884517127559e+01,2.319482700948640286e+01,3.764306044943742080e+01,3.848376280978771291e+01,3.807886552931954327e+01,3.841874542459709119e+01,1.955572813284026434e+00
2.941088233970548416e+01,4.060788100849390503e+01,1.992485884517127559e+01,2.334523505985750447e+01,3.828837943815329226e+01,3.773592452822641263e+01,3.758989225842500304e+01,4.045985664828781836e+01,2.078105490547926149e+00
2.973213749463701205e+01,4.130375285612676350e+01,1.941648783894759944e+01,2.109502310972898798e+01,3.679673898594819548e+01,3.860051813123756403e+01,3.689173349139343117e+01,3.905124837953326988e+01,2.034443935795702707e+00
3.264965543462901820e+01,4.177319714841084419e+01,1.843908891458577415e+01,2.109502310972898798e+01,3.397057550292606010e+01,3.612478373637688378e+01,3.551056180912940619e+01,3.959797974644666141e+01,2.137582778750574786e+00
3.140063693621516450e+01,4.079215610874227593e+01,1.843908891458577415e+01,2.121320343559642652e+01,3.465544690232691494e+01,3.606937759374286401e+01,3.661966684720110976e+01,4.031128874149274566e+01,2.181079365371511258e+00
3.023243291566194912e+01,4.002499219237900263e+01,1.964688270438849926e+01,2.121320343559642652e+01,3.535533905932737753e+01,3.465544690232691494e+01,3.623534186398687496e+01,3.820994634908559817e+01,2.227816650524735653e+00
3.301514803843835466e+01,4.123105625617660763e+01,1.843908891458577415e+01,2.121320343559642652e+01,3.535533905932737753e+01,3.465544690232691494e+01,3.623534186398687496e+01,3.820994634908559817e+01,2.230469164197740106e+00
3.140063693621516450e+01,4.100000000000000000e+01,1.843908891458577415e+01,2.022374841615668473e+01,3.465544690232691494e+01,3.465544690232691494e+01,3.701351104664349378e+01,3.828837943815329226e+01,2.217054419544233212e+00
3.061045573002793319e+01,4.079215610874227593e+01,1.843908891458577415e+01,2.022374841615668473e+01,3.606937759374286401e+01,3.538361202590826338e+01,3.764306044943742080e+01,3.828837943815329226e+01,2.200427938649016646e+00
3.220248437620923454e+01,4.100000000000000000e+01,1.824828759089465890e+01,2.022374841615668473e+01,3.606937759374286401e+01,3.538361202590826338e+01,3.764306044943742080e+01,3.828837943815329226e+01,2.217391006539263909e+00
3.140063693621516450e+01,4.079215610874227593e+01,1.843908891458577415e+01,2.121320343559642652e+01,3.606937759374286401e+01,3.538361202590826338e+01,3.623534186398687496e+01,3.820994634908559817e+01,2.198550705738312239e+00
3.140063693621516450e+01,4.079215610874227593e+01,1.843908891458577415e+01,2.121320343559642652e+01,3.606937759374286401e+01,3.538361202590826338e+01,3.623534186398687496e+01,3.820994634908559817e+01,2.198550705738312239e+00
3.140063693621516450e+01,4.079215610874227593e+01,1.843908891458577415e+01,2.121320343559642652e+01,3.676955262170046979e+01,3.606937759374286401e+01,3.687817782917154830e+01,3.889730067755344578e+01,2.198550705738312239e+00
3.140063693621516450e+01,4.079215610874227593e+01,1.843908891458577415e+01,2.121320343559642652e+01,3.676955262170046979e+01,3.538361202590826338e+01,3.687817782917154830e+01,3.820994634908559817e+01,2.198550705738312239e+00
3.220248437620923454e+01,4.220189569201838253e+01,1.843908891458577415e+01,2.039607805437113797e+01,3.535533905932737753e+01,3.535533905932737753e+01,3.623534186398687496e+01,3.889730067755344578e+01,2.214376599615881513e+00
3.106444913401813324e+01,3.883297567789519888e+01,1.843908891458577415e+01,2.220360331117451835e+01,3.606937759374286401e+01,3.471310991541956525e+01,3.764306044943742080e+01,3.753664875824691904e+01,2.242402483048636874e+00
3.280243893371345365e+01,4.159326868617084472e+01,1.824828759089465890e+01,2.220360331117451835e+01,3.538361202590826338e+01,3.405877273185280529e+01,3.780211634287159939e+01,3.753664875824691904e+01,2.167166935854756726e+00
3.264965543462901820e+01,4.257933771208753626e+01,1.824828759089465890e+01,2.121320343559642652e+01,3.538361202590826338e+01,3.471310991541956525e+01,3.701351104664349378e+01,3.748332962798262713e+01,2.136923678607146826e+00
3.255764119219941222e+01,4.341658669218482203e+01,1.923538406167134340e+01,2.109502310972898798e+01,3.535533905932737753e+01,3.471310991541956525e+01,3.560898762952971452e+01,3.748332962798262713e+01,2.096605835994062694e+00
3.324154027718932269e+01,4.410215414239988974e+01,1.902629759044044633e+01,2.102379604162863913e+01,3.535533905932737753e+01,3.330165161069342616e+01,3.500000000000000000e+01,3.820994634908559817e+01,2.004538324388939419e+00
3.182766092567909766e+01,4.310452412450461424e+01,2.109502310972898798e+01,2.200000000000000000e+01,3.679673898594819548e+01,3.201562118716424266e+01,3.482814953453599571e+01,3.679673898594819548e+01,2.001564451118634125e+00
3.324154027718932269e+01,4.310452412450461424e+01,2.109502310972898798e+01,2.209072203437452231e+01,3.687817782917154830e+01,3.061045573002793319e+01,3.482814953453599571e+01,3.679673898594819548e+01,1.960786086620369018e+00
3.252691193458118590e+01,4.310452412450461424e+01,2.109502310972898798e+01,2.202271554554523902e+01,3.687817782917154830e+01,3.061045573002793319e+01,3.482814953453599571e+01,3.679673898594819548e+01,1.970382720990309311e+00
3.324154027718932269e+01,4.410215414239988974e+01,2.109502310972898798e+01,2.202271554554523902e+01,3.687817782917154830e+01,3.061045573002793319e+01,3.482814953453599571e+01,3.679673898594819548e+01,1.960786086620369018e+00
3.255764119219941222e+01,4.328972164382672361e+01,2.109502310972898798e+01,2.100000000000000000e+01,3.612478373637688378e+01,3.124099870362661591e+01,3.482814953453599571e+01,3.679673898594819548e+01,2.016901875738300376e+00
3.255764119219941222e+01,4.318564576337836769e+01,2.109502310972898798e+01,2.200000000000000000e+01,3.612478373637688378e+01,3.047950130825634218e+01,3.482814953453599571e+01,3.753664875824691904e+01,2.016901875738300376e+00
3.182766092567909766e+01,4.318564576337836769e+01,2.121320343559642652e+01,2.200000000000000000e+01,3.687817782917154830e+01,3.047950130825634218e+01,3.546829570193639825e+01,3.753664875824691904e+01,2.016901875738300376e+00
3.394112549695427816e+01,4.418144406874904462e+01,2.009975124224177989e+01,2.200000000000000000e+01,3.687817782917154830e+01,3.124099870362661591e+01,3.546829570193639825e+01,3.679673898594819548e+01,2.006777611075439616e+00
3.394112549695427816e+01,4.418144406874904462e+01,2.009975124224177989e+01,2.200000000000000000e+01,3.687817782917154830e+01,3.124099870362661591e+01,3.546829570193639825e+01,3.679673898594819548e+01,2.006777611075439616e+00
3.255764119219941222e+01,4.318564576337836769e+01,2.109502310972898798e+01,2.200000000000000000e+01,3.612478373637688378e+01,3.124099870362661591e+01,3.482814953453599571e+01,3.679673898594819548e+01,2.016901875738300376e+00
3.255764119219941222e+01,4.318564576337836769e+01,2.109502310972898798e+01,2.200000000000000000e+01,3.687817782917154830e+01,3.124099870362661591e+01,3.546829570193639825e+01,3.679673898594819548e+01,2.016901875738300376e+00
3.255764119219941222e+01,4.318564576337836769e+01,2.109502310972898798e+01,2.200000000000000000e+01,3.687817782917154830e+01,3.124099870362661591e+01,3.546829570193639825e+01,3.679673898594819548e+01,2.016901875738300376e+00
3.255764119219941222e+01,4.318564576337836769e+01,2.109502310972898798e+01,2.200000000000000000e+01,3.687817782917154830e+01,3.124099870362661591e+01,3.546829570193639825e+01,3.679673898594819548e+01,2.016901875738300376e+00
3.255764119219941222e+01,4.318564576337836769e+01,2.109502310972898798e+01,2.200000000000000000e+01,3.679673898594819548e+01,3.124099870362661591e+01,3.405877273185280529e+01,3.679673898594819548e+01,2.016901875738300376e+00
3.255764119219941222e+01,4.318564576337836769e+01,2.109502310972898798e+01,2.200000000000000000e+01,3.679673898594819548e+01,3.124099870362661591e+01,3.405877273185280529e+01,3.679673898594819548e+01,2.016901875738300376e+00
3.189043743820394994e+01,4.229657196511320194e+01,1.910497317454279909e+01,2.109502310972898798e+01,3.606937759374286401e+01,3.255764119219941222e+01,3.546829570193639825e+01,3.753664875824691904e+01,2.089543119908606084e+00
3.106444913401813324e+01,3.863935817272331263e+01,1.824828759089465890e+01,2.220360331117451835e+01,3.676955262170046979e+01,3.471310991541956525e+01,3.687817782917154830e+01,3.753664875824691904e+01,2.225697593159825516e+00
3.138470965295043058e+01,3.733630940518894192e+01,1.676305461424021104e+01,2.213594362117865444e+01,3.606937759374286401e+01,3.538361202590826338e+01,3.905124837953326988e+01,3.841874542459709119e+01,2.452668265374931877e+00
2.941088233970548416e+01,3.827531841800927737e+01,1.897366596101027625e+01,2.284731931759172596e+01,3.748332962798262713e+01,3.538361202590826338e+01,3.894868418830089496e+01,3.841874542459709119e+01,2.470448818153784476e+00
3.132091952673165025e+01,3.757658845611187104e+01,1.615549442140351033e+01,2.236067977499789805e+01,3.748332962798262713e+01,3.471310991541956525e+01,3.969886648255841521e+01,3.860051813123756403e+01,2.553590050042225723e+00
2.983286778035259701e+01,3.716180835212409050e+01,1.708800749063506075e+01,2.282542442102665348e+01,3.820994634908559817e+01,3.471310991541956525e+01,3.969886648255841521e+01,3.940812099047606409e+01,2.560212469784893585e+00
3.008321791298264714e+01,3.848376280978771291e+01,1.708800749063506075e+01,2.195449840010014952e+01,3.818376618407356915e+01,3.471310991541956525e+01,3.969886648255841521e+01,3.920459156782531807e+01,2.522976839034641650e+00
3.008321791298264714e+01,3.807886552931954327e+01,1.708800749063506075e+01,2.282542442102665348e+01,3.748332962798262713e+01,3.538361202590826338e+01,3.969886648255841521e+01,3.920459156782531807e+01,2.540518899092043981e+00
2.941088233970548416e+01,3.769615364994152884e+01,1.615549442140351033e+01,2.282542442102665348e+01,3.820994634908559817e+01,3.538361202590826338e+01,3.894868418830089496e+01,3.920459156782531807e+01,2.526929701667627537e+00
3.008321791298264714e+01,3.848376280978771291e+01,1.708800749063506075e+01,2.195449840010014952e+01,3.820994634908559817e+01,3.538361202590826338e+01,3.894868418830089496e+01,3.920459156782531807e+01,2.540518899092043981e+00
3.036445290137795183e+01,3.900000000000000000e+01,1.708800749063506075e+01,2.282542442102665348e+01,3.820994634908559817e+01,3.538361202590826338e+01,3.894868418830089496e+01,3.920459156782531807e+01,2.521343167606971747e+00
3.008321791298264714e+01,3.807886552931954327e+01,1.708800749063506075e+01,2.282542442102665348e+01,3.820994634908559817e+01,3.538361202590826338e+01,3.894868418830089496e+01,3.920459156782531807e+01,2.540518899092043981e+00
3.036445290137795183e+01,3.900000000000000000e+01,1.708800749063506075e+01,2.282542442102665348e+01,3.820994634908559817e+01,3.471310991541956525e+01,3.894868418830089496e+01,3.860051813123756403e+01,2.521343167606971747e+00
2.941088233970548416e+01,3.862641583165593318e+01,1.708800749063506075e+01,2.282542442102665348e+01,3.820994634908559817e+01,3.538361202590826338e+01,3.894868418830089496e+01,3.920459156782531807e+01,2.507569933926371064e+00
2.912043955712207222e+01,3.769615364994152884e+01,1.708800749063506075e+01,2.282542442102665348e+01,3.820994634908559817e+01,3.538361202590826338e+01,3.894868418830089496e+01,3.920459156782531807e+01,2.526929701667627537e+00
3.008321791298264714e+01,3.807886552931954327e+01,1.708800749063506075e+01,2.282542442102665348e+01,3.820994634908559817e+01,3.538361202590826338e+01,3.894868418830089496e+01,3.920459156782531807e+01,2.540518899092043981e+00
3.008321791298264714e+01,3.807886552931954327e+01,1.708800749063506075e+01,2.282542442102665348e+01,3.820994634908559817e+01,3.538361202590826338e+01,3.894868418830089496e+01,3.920459156782531807e+01,2.540518899092043981e+00
3.008321791298264714e+01,3.807886552931954327e+01,1.708800749063506075e+01,2.282542442102665348e+01,3.820994634908559817e+01,3.538361202590826338e+01,3.894868418830089496e+01,3.920459156782531807e+01,2.540518899092043981e+00
3.008321791298264714e+01,3.848376280978771291e+01,1.708800749063506075e+01,2.195449840010014952e+01,3.820994634908559817e+01,3.538361202590826338e+01,3.894868418830089496e+01,3.920459156782531807e+01,2.540518899092043981e+00
3.008321791298264714e+01,3.807886552931954327e+01,1.708800749063506075e+01,2.282542442102665348e+01,3.820994634908559817e+01,3.538361202590826338e+01,3.894868418830089496e+01,3.920459156782531807e+01,2.540518899092043981e+00
2.912043955712207222e+01,3.769615364994152884e+01,1.708800749063506075e+01,2.282542442102665348e+01,3.820994634908559817e+01,3.538361202590826338e+01,3.894868418830089496e+01,3.920459156782531807e+01,2.526929701667627537e+00
3.036445290137795183e+01,3.900000000000000000e+01,1.708800749063506075e+01,2.282542442102665348e+01,3.820994634908559817e+01,3.538361202590826338e+01,3.894868418830089496e+01,3.920459156782531807e+01,2.521343167606971747e+00
2.912043955712207222e+01,3.769615364994152884e+01,1.708800749063506075e+01,2.282542442102665348e+01,3.820994634908559817e+01,3.538361202590826338e+01,3.894868418830089496e+01,3.920459156782531807e+01,2.526929701667627537e+00
2.912043955712207222e+01,3.769615364994152884e+01,1.708800749063506075e+01,2.282542442102665348e+01,3.820994634908559817e+01,3.538361202590826338e+01,3.894868418830089496e+01,3.920459156782531807e+01,2.526929701667627537e+00
2.912043955712207222e+01,3.676955262170046979e+01,1.708800749063506075e+01,2.236067977499789805e+01,3.820994634908559817e+01,3.538361202590826338e+01,3.894868418830089496e+01,3.920459156782531807e+01,2.526929701667627537e+00
2.941088233970548416e+01,3.862641583165593318e+01,1.708800749063506075e+01,2.282542442102665348e+01,3.820994634908559817e+01,3.538361202590826338e+01,3.894868418830089496e+01,3.920459156782531807e+01,2.507569933926371064e+00
2.941088233970548416e+01,3.862641583165593318e+01,1.708800749063506075e+01,2.282542442102665348e+01,3.820994634908559817e+01,3.538361202590826338e+01,3.894868418830089496e+01,3.920459156782531807e+01,2.507569933926371064e+00
2.912043955712207222e+01,3.769615364994152884e+01,1.708800749063506075e+01,2.282542442102665348e+01,3.753664875824691904e+01,3.538361202590826338e+01,3.828837943815329226e+01,3.920459156782531807e+01,2.526929701667627537e+00
3.008321791298264714e+01,3.807886552931954327e+01,1.708800749063506075e+01,2.282542442102665348e+01,3.820994634908559817e+01,3.471310991541956525e+01,3.894868418830089496e+01,3.860051813123756403e+01,2.540518899092043981e+00
3.036445290137795183e+01,3.900000000000000000e+01,1.708800749063506075e+01,2.282542442102665348e+01,3.820994634908559817e+01,3.471310991541956525e+01,3.894868418830089496e+01,3.860051813123756403e+01,2.521343167606971747e+00
3.008321791298264714e+01,3.807886552931954327e+01,1.708800749063506075e+01,2.282542442102665348e+01,3.820994634908559817e+01,3.471310991541956525e+01,3.894868418830089496e+01,3.860051813123756403e+01,2.540518899092043981e+00
3.008321791298264714e+01,3.807886552931954327e+01,1.708800749063506075e+01,2.282542442102665348e+01,3.820994634908559817e+01,3.538361202590826338e+01,3.894868418830089496e+01,3.920459156782531807e+01,2.540518899092043981e+00
2.912043955712207222e+01,3.769615364994152884e+01,1.708800749063506075e+01,2.282542442102665348e+01,3.820994634908559817e+01,3.471310991541956525e+01,3.894868418830089496e+01,3.860051813123756403e+01,2.526929701667627537e+00
2.912043955712207222e+01,3.769615364994152884e+01,1.708800749063506075e+01,2.282542442102665348e+01,3.820994634908559817e+01,3.471310991541956525e+01,3.894868418830089496e+01,3.860051813123756403e+01,2.526929701667627537e+00
2.941088233970548416e+01,3.862641583165593318e+01,1.708800749063506075e+01,2.282542442102665348e+01,3.820994634908559817e+01,3.471310991541956525e+01,3.894868418830089496e+01,3.860051813123756403e+01,2.507569933926371064e+00
2.941088233970548416e+01,3.862641583165593318e+01,1.708800749063506075e+01,2.282542442102665348e+01,3.820994634908559817e+01,3.471310991541956525e+01,3.894868418830089496e+01,3.860051813123756403e+01,2.507569933926371064e+00
2.912043955712207222e+01,3.827531841800927737e+01,1.802775637731994607e+01,2.370653918225939449e+01,3.820994634908559817e+01,3.471310991541956525e+01,3.894868418830089496e+01,3.860051813123756403e+01,2.507569933926371064e+00
2.529822128134703618e+01,3.590264614203248072e+01,1.964688270438849926e+01,2.247220505424423109e+01,3.905124837953326988e+01,3.538361202590826338e+01,3.820994634908559817e+01,3.940812099047606409e+01,2.409133274066198815e+00
2.236067977499789805e+01,3.413209633175202384e+01,1.964688270438849926e+01,2.256102834535695578e+01,3.920459156782531807e+01,3.748332962798262713e+01,3.748332962798262713e+01,3.920459156782531807e+01,2.316724553533912712e+00
2.483948469674844262e+01,3.701351104664349378e+01,2.039607805437113797e+01,2.402082429892862692e+01,3.860051813123756403e+01,3.818376618407356915e+01,3.748332962798262713e+01,3.920459156782531807e+01,2.190998959008366498e+00
2.687005768508880621e+01,3.905124837953326988e+01,2.236067977499789805e+01,2.507987240796890660e+01,3.744329045369811126e+01,3.889730067755344578e+01,3.748332962798262713e+01,3.860051813123756403e+01,2.168021330266926672e+00
2.617250465660480074e+01,3.820994634908559817e+01,2.308679276123039159e+01,2.433105012119287736e+01,3.635931792539568619e+01,3.894868418830089496e+01,3.606937759374286401e+01,3.860051813123756403e+01,2.120092475426229583e+00
2.641968962724581260e+01,3.832753579347360073e+01,2.200000000000000000e+01,2.435159132377184221e+01,3.535533905932737753e+01,3.969886648255841521e+01,3.606937759374286401e+01,3.801315561749642313e+01,1.991468585804529567e+00
2.830194339616981125e+01,4.002499219237900263e+01,2.308679276123039159e+01,2.340939982143925135e+01,3.577708763999663688e+01,3.969886648255841521e+01,3.394112549695427816e+01,3.720215047547655018e+01,1.982542537337529831e+00
3.023243291566194912e+01,3.962322551231790158e+01,2.209072203437452231e+01,2.340939982143925135e+01,3.577708763999663688e+01,3.905124837953326988e+01,3.465544690232691494e+01,3.744329045369811126e+01,2.039078711622555051e+00
3.275667870831839679e+01,4.275511665286389729e+01,2.209072203437452231e+01,2.435159132377184221e+01,3.400000000000000000e+01,3.701351104664349378e+01,3.465544690232691494e+01,3.689173349139343117e+01,2.027401798687390677e+00
3.264965543462901820e+01,4.272001872658765365e+01,2.121320343559642652e+01,2.563201123595259290e+01,3.195309061734091571e+01,3.635931792539568619e+01,3.397057550292606010e+01,3.801315561749642313e+01,2.064593527326798572e+00
3.310589071449369669e+01,4.237924020083418242e+01,2.039607805437113797e+01,2.600000000000000000e+01,3.132091952673165025e+01,3.577708763999663688e+01,3.201562118716424266e+01,3.757658845611187104e+01,2.077894831187233837e+00
3.178049716414140846e+01,4.143669871020131978e+01,2.022374841615668473e+01,2.600000000000000000e+01,2.941088233970548416e+01,3.534119409414458346e+01,3.420526275297414287e+01,3.676955262170046979e+01,2.124157749484954394e+00
3.220248437620923454e+01,4.110960958218893069e+01,2.039607805437113797e+01,2.507987240796890660e+01,3.162277660168379256e+01,3.488552708502481892e+01,3.280243893371345365e+01,3.716180835212409050e+01,2.081816379711993736e+00
3.178049716414140846e+01,4.272001872658765365e+01,2.039607805437113797e+01,2.563201123595259290e+01,3.132091952673165025e+01,3.577708763999663688e+01,3.360059523282288296e+01,3.676955262170046979e+01,2.098000737376620961e+00
3.178049716414140846e+01,4.143669871020131978e+01,2.022374841615668473e+01,2.600000000000000000e+01,3.036445290137795183e+01,3.534119409414458346e+01,3.360059523282288296e+01,3.676955262170046979e+01,2.124157749484954394e+00
3.220248437620923454e+01,4.205948168962618183e+01,2.039607805437113797e+01,2.469817807045693669e+01,3.036445290137795183e+01,3.667424164178449786e+01,3.342154993413680586e+01,3.757658845611187104e+01,2.099851941950092726e+00
3.178049716414140846e+01,4.143669871020131978e+01,2.039607805437113797e+01,2.507987240796890660e+01,3.008321791298264714e+01,3.577708763999663688e+01,3.264965543462901820e+01,3.716180835212409050e+01,2.080183663575464248e+00
3.220248437620923454e+01,4.110960958218893069e+01,2.039607805437113797e+01,2.507987240796890660e+01,3.036445290137795183e+01,3.577708763999663688e+01,3.342154993413680586e+01,3.716180835212409050e+01,2.099851941950092726e+00
3.178049716414140846e+01,4.143669871020131978e+01,2.039607805437113797e+01,2.507987240796890660e+01,3.036445290137795183e+01,3.577708763999663688e+01,3.342154993413680586e+01,3.716180835212409050e+01,2.080183663575464248e+00
3.220248437620923454e+01,4.110960958218893069e+01,2.039607805437113797e+01,2.507987240796890660e+01,3.036445290137795183e+01,3.577708763999663688e+01,3.342154993413680586e+01,3.716180835212409050e+01,2.099851941950092726e+00
3.220248437620923454e+01,4.205948168962618183e+01,2.039607805437113797e+01,2.469817807045693669e+01,3.132091952673165025e+01,3.577708763999663688e+01,3.280243893371345365e+01,3.716180835212409050e+01,2.099851941950092726e+00
3.580502757993631491e+01,4.143669871020131978e+01,1.910497317454279909e+01,2.596150997149434048e+01,3.101612483854164637e+01,3.534119409414458346e+01,3.280243893371345365e+01,3.801315561749642313e+01,2.244769809460760435e+00
3.255764119219941222e+01,3.911521443121588959e+01,2.000000000000000000e+01,2.549509756796392423e+01,3.008321791298264714e+01,3.624913792078371699e+01,3.420526275297414287e+01,3.801315561749642313e+01,2.350059597834468939e+00
3.394112549695427816e+01,4.001249804748510996e+01,2.202271554554523902e+01,2.473863375370596174e+01,3.361547262794321966e+01,3.535533905932737753e+01,3.522782990761707111e+01,3.716180835212409050e+01,2.372619598752042425e+00
2.720294101747088789e+01,3.505709628591620941e+01,2.334523505985750447e+01,2.433105012119287736e+01,3.383784863137726262e+01,3.847076812334268681e+01,3.605551275463989214e+01,3.716180835212409050e+01,2.509113142577866107e+00
2.941088233970548416e+01,3.622154055254966920e+01,2.236067977499789805e+01,2.418677324489564739e+01,3.478505426185217431e+01,3.982461550347975532e+01,3.689173349139343117e+01,3.716180835212409050e+01,2.554303898585054799e+00
2.915475947422650194e+01,3.748332962798262713e+01,2.280350850198275836e+01,2.500000000000000000e+01,3.420526275297414287e+01,4.167733196834941367e+01,3.860051813123756403e+01,3.769615364994152884e+01,2.642520732672188455e+00
2.941088233970548416e+01,3.832753579347360073e+01,2.158703314492290204e+01,2.400000000000000000e+01,3.471310991541956525e+01,4.390899680020029905e+01,3.860051813123756403e+01,3.769615364994152884e+01,2.621187886766893627e+00
3.023243291566194912e+01,3.748332962798262713e+01,2.137755832643194864e+01,2.302172886644267535e+01,3.452535300326413648e+01,4.390899680020029905e+01,3.920459156782531807e+01,3.827531841800927737e+01,2.629636226469244775e+00
2.884441020371191300e+01,3.551056180912940619e+01,2.061552812808830382e+01,2.302172886644267535e+01,3.551056180912940619e+01,4.441846462902562109e+01,3.920459156782531807e+01,3.827531841800927737e+01,2.649709083119176967e+00
3.106444913401813324e+01,3.667424164178449786e+01,2.039607805437113797e+01,2.302172886644267535e+01,3.569313659514949677e+01,4.356604182158393002e+01,3.920459156782531807e+01,3.827531841800927737e+01,2.638431766904060005e+00
2.968164415931165934e+01,3.649657518178931781e+01,2.137755832643194864e+01,2.302172886644267535e+01,3.569313659514949677e+01,4.356604182158393002e+01,3.920459156782531807e+01,3.827531841800927737e+01,2.621908036433556966e+00
3.023243291566194912e+01,3.748332962798262713e+01,2.137755832643194864e+01,2.302172886644267535e+01,3.569313659514949677e+01,4.410215414239988974e+01,3.920459156782531807e+01,3.733630940518894192e+01,2.609002655921788261e+00
3.023243291566194912e+01,3.748332962798262713e+01,2.137755832643194864e+01,2.302172886644267535e+01,3.569313659514949677e+01,4.410215414239988974e+01,3.920459156782531807e+01,3.733630940518894192e+01,2.609002655921788261e+00
2.941088233970548416e+01,3.733630940518894192e+01,2.137755832643194864e+01,2.302172886644267535e+01,3.569313659514949677e+01,4.410215414239988974e+01,3.920459156782531807e+01,3.733630940518894192e+01,2.592160277006525071e+00
3.023243291566194912e+01,3.733630940518894192e+01,2.137755832643194864e+01,2.402082429892862692e+01,3.492849839314595783e+01,4.356604182158393002e+01,3.920459156782531807e+01,3.769615364994152884e+01,2.600195636524011533e+00
3.023243291566194912e+01,3.733630940518894192e+01,2.137755832643194864e+01,2.402082429892862692e+01,3.492849839314595783e+01,4.356604182158393002e+01,3.920459156782531807e+01,3.769615364994152884e+01,2.600195636524011533e+00
2.941088233970548416e+01,3.733630940518894192e+01,2.158703314492290204e+01,2.402082429892862692e+01,3.395585369269929288e+01,4.304648650006176780e+01,3.920459156782531807e+01,3.769615364994152884e+01,2.606192957057465343e+00
2.968164415931165934e+01,3.721558813185679071e+01,2.236067977499789805e+01,2.501999200639360765e+01,3.517101079013794873e+01,4.219004621945797595e+01,3.860051813123756403e+01,3.769615364994152884e+01,2.591014362509436619e+00
3.106444913401813324e+01,3.945883931389771959e+01,2.256102834535695578e+01,2.500000000000000000e+01,3.448187929913333249e+01,4.081666326391709987e+01,3.860051813123756403e+01,3.769615364994152884e+01,2.601173153319209064e+00
3.106444913401813324e+01,3.832753579347360073e+01,2.256102834535695578e+01,2.601922366251537611e+01,3.448187929913333249e+01,4.081666326391709987e+01,3.860051813123756403e+01,3.769615364994152884e+01,2.601173153319209064e+00
3.023243291566194912e+01,3.820994634908559817e+01,2.256102834535695578e+01,2.601922366251537611e+01,3.352610922848042208e+01,4.081666326391709987e+01,3.920459156782531807e+01,3.769615364994152884e+01,2.585262623307004848e+00
3.080584360149872580e+01,3.820994634908559817e+01,2.137755832643194864e+01,2.501999200639360765e+01,3.448187929913333249e+01,4.134005321718877468e+01,3.920459156782531807e+01,3.769615364994152884e+01,2.563172620307979876e+00
3.080584360149872580e+01,3.931920650267500150e+01,2.158703314492290204e+01,2.500000000000000000e+01,3.448187929913333249e+01,4.081666326391709987e+01,3.860051813123756403e+01,3.769615364994152884e+01,2.585262623307004848e+00
3.080584360149872580e+01,3.931920650267500150e+01,2.158703314492290204e+01,2.500000000000000000e+01,3.448187929913333249e+01,4.081666326391709987e+01,3.860051813123756403e+01,3.769615364994152884e+01,2.585262623307004848e+00
3.080584360149872580e+01,3.931920650267500150e+01,2.137755832643194864e+01,2.400000000000000000e+01,3.544009029333869876e+01,4.134005321718877468e+01,3.860051813123756403e+01,3.769615364994152884e+01,2.563172620307979876e+00
3.080584360149872580e+01,4.031128874149274566e+01,2.137755832643194864e+01,2.402082429892862692e+01,3.448187929913333249e+01,4.134005321718877468e+01,3.920459156782531807e+01,3.769615364994152884e+01,2.563172620307979876e+00
3.080584360149872580e+01,4.031128874149274566e+01,2.137755832643194864e+01,2.402082429892862692e+01,3.448187929913333249e+01,4.134005321718877468e+01,3.920459156782531807e+01,3.769615364994152884e+01,2.563172620307979876e+00
3.162277660168379256e+01,4.031128874149274566e+01,2.137755832643194864e+01,2.501999200639360765e+01,3.448187929913333249e+01,4.081666326391709987e+01,3.860051813123756403e+01,3.769615364994152884e+01,2.585262623307004848e+00
3.220248437620923454e+01,4.031128874149274566e+01,2.039607805437113797e+01,2.501999200639360765e+01,3.448187929913333249e+01,4.081666326391709987e+01,3.860051813123756403e+01,3.769615364994152884e+01,2.585262623307004848e+00
3.162277660168379256e+01,4.031128874149274566e+01,2.121320343559642652e+01,2.402082429892862692e+01,3.448187929913333249e+01,4.134005321718877468e+01,3.920459156782531807e+01,3.769615364994152884e+01,2.563172620307979876e+00
3.162277660168379256e+01,4.031128874149274566e+01,2.121320343559642652e+01,2.402082429892862692e+01,3.448187929913333249e+01,4.134005321718877468e+01,3.920459156782531807e+01,3.769615364994152884e+01,2.563172620307979876e+00
3.162277660168379256e+01,3.931920650267500150e+01,2.121320343559642652e+01,2.400000000000000000e+01,3.448187929913333249e+01,4.134005321718877468e+01,3.920459156782531807e+01,3.769615364994152884e+01,2.563172620307979876e+00
3.162277660168379256e+01,4.031128874149274566e+01,2.121320343559642652e+01,2.402082429892862692e+01,3.448187929913333249e+01,4.134005321718877468e+01,3.920459156782531807e+01,3.769615364994152884e+01,2.563172620307979876e+00
3.080584360149872580e+01,3.920459156782531807e+01,2.121320343559642652e+01,2.400000000000000000e+01,3.448187929913333249e+01,4.134005321718877468e+01,3.920459156782531807e+01,3.769615364994152884e+01,2.546457503378874332e+00
3.080584360149872580e+01,4.019950248448355978e+01,2.121320343559642652e+01,2.402082429892862692e+01,3.448187929913333249e+01,4.134005321718877468e+01,3.920459156782531807e+01,3.769615364994152884e+01,2.546457503378874332e+00
3.080584360149872580e+01,4.019950248448355978e+01,2.121320343559642652e+01,2.402082429892862692e+01,3.448187929913333249e+01,4.134005321718877468e+01,3.920459156782531807e+01,3.769615364994152884e+01,2.546457503378874332e+00
3.080584360149872580e+01,4.019950248448355978e+01,2.121320343559642652e+01,2.402082429892862692e+01,3.448187929913333249e+01,4.134005321718877468e+01,3.920459156782531807e+01,3.769615364994152884e+01,2.546457503378874332e+00
3.080584360149872580e+01,4.019950248448355978e+01,2.121320343559642652e+01,2.402082429892862692e+01,3.448187929913333249e+01,4.134005321718877468e+01,3.920459156782531807e+01,3.769615364994152884e+01,2.546457503378874332e+00
3.080584360149872580e+01,4.019950248448355978e+01,2.121320343559642652e+01,2.402082429892862692e+01,3.448187929913333249e+01,4.134005321718877468e+01,3.920459156782531807e+01,3.769615364994152884e+01,2.546457503378874332e+00
3.080584360149872580e+01,4.019950248448355978e+01,2.121320343559642652e+01,2.402082429892862692e+01,3.448187929913333249e+01,4.134005321718877468e+01,3.920459156782531807e+01,3.769615364994152884e+01,2.546457503378874332e+00
3.080584360149872580e+01,4.019950248448355978e+01,2.121320343559642652e+01,2.402082429892862692e+01,3.448187929913333249e+01,4.134005321718877468e+01,3.920459156782531807e+01,3.769615364994152884e+01,2.546457503378874332e+00
3.080584360149872580e+01,4.019950248448355978e+01,2.121320343559642652e+01,2.402082429892862692e+01,3.448187929913333249e+01,4.134005321718877468e+01,3.920459156782531807e+01,3.769615364994152884e+01,2.546457503378874332e+00
3.080584360149872580e+01,4.019950248448355978e+01,2.220360331117451835e+01,2.400000000000000000e+01,3.478505426185217431e+01,4.049691346263317371e+01,3.920459156782531807e+01,3.769615364994152884e+01,2.518978360411887163e+00
3.140063693621516450e+01,4.019950248448355978e+01,2.121320343559642652e+01,2.400000000000000000e+01,3.478505426185217431e+01,3.996248240537617136e+01,3.920459156782531807e+01,3.862641583165593318e+01,2.518978360411887163e+00
3.140063693621516450e+01,4.019950248448355978e+01,2.121320343559642652e+01,2.400000000000000000e+01,3.478505426185217431e+01,3.996248240537617136e+01,3.920459156782531807e+01,3.862641583165593318e+01,2.518978360411887163e+00
3.140063693621516450e+01,4.019950248448355978e+01,2.121320343559642652e+01,2.400000000000000000e+01,3.478505426185217431e+01,4.049691346263317371e+01,3.920459156782531807e+01,3.769615364994152884e+01,2.518978360411887163e+00
3.140063693621516450e+01,4.019950248448355978e+01,2.121320343559642652e+01,2.400000000000000000e+01,3.478505426185217431e+01,4.049691346263317371e+01,3.920459156782531807e+01,3.769615364994152884e+01,2.518978360411887163e+00
3.140063693621516450e+01,4.019950248448355978e+01,2.121320343559642652e+01,2.400000000000000000e+01,3.478505426185217431e+01,4.049691346263317371e+01,3.920459156782531807e+01,3.769615364994152884e+01,2.518978360411887163e+00
3.140063693621516450e+01,4.019950248448355978e+01,2.121320343559642652e+01,2.400000000000000000e+01,3.478505426185217431e+01,4.049691346263317371e+01,3.920459156782531807e+01,3.769615364994152884e+01,2.518978360411887163e+00
3.080584360149872580e+01,4.019950248448355978e+01,2.220360331117451835e+01,2.400000000000000000e+01,3.573513677041127323e+01,4.049691346263317371e+01,3.860051813123756403e+01,3.769615364994152884e+01,2.518978360411887163e+00
2.941088233970548416e+01,3.911521443121588959e+01,2.220360331117451835e+01,2.400000000000000000e+01,3.573513677041127323e+01,4.049691346263317371e+01,3.860051813123756403e+01,3.769615364994152884e+01,2.513797059627648434e+00
3.000000000000000000e+01,4.011234224026316042e+01,2.220360331117451835e+01,2.400000000000000000e+01,3.478505426185217431e+01,4.049691346263317371e+01,3.920459156782531807e+01,3.769615364994152884e+01,2.502002062733449606e+00
3.000000000000000000e+01,4.011234224026316042e+01,2.220360331117451835e+01,2.400000000000000000e+01,3.478505426185217431e+01,4.049691346263317371e+01,3.920459156782531807e+01,3.769615364994152884e+01,2.502002062733449606e+00
3.000000000000000000e+01,4.011234224026316042e+01,2.220360331117451835e+01,2.400000000000000000e+01,3.478505426185217431e+01,4.049691346263317371e+01,3.920459156782531807e+01,3.769615364994152884e+01,2.502002062733449606e+00
3.061045573002793319e+01,4.011234224026316042e+01,2.121320343559642652e+01,2.400000000000000000e+01,3.573513677041127323e+01,4.049691346263317371e+01,3.860051813123756403e+01,3.769615364994152884e+01,2.502002062733449606e+00
2.828427124746190202e+01,3.905124837953326988e+01,2.022374841615668473e+01,2.501999200639360765e+01,3.605551275463989214e+01,3.966106403010387993e+01,3.860051813123756403e+01,3.769615364994152884e+01,2.414381161005949128e+00
2.061552812808830382e+01,3.324154027718932269e+01,2.137755832643194864e+01,2.402082429892862692e+01,3.534119409414458346e+01,3.605551275463989214e+01,3.720215047547655018e+01,3.716180835212409050e+01,2.373467244392122755e+00
2.404163056034261459e+01,3.157530680769388809e+01,2.088061301782110135e+01,2.334523505985750447e+01,3.269556544854363267e+01,3.671511950137163893e+01,3.661966684720110976e+01,3.624913792078371699e+01,2.713644157268311208e+00
2.451530134426252516e+01,3.395585369269929288e+01,2.308679276123039159e+01,2.376972864800942631e+01,3.401470270338990076e+01,3.635931792539568619e+01,3.661966684720110976e+01,3.624913792078371699e+01,2.723549911079568897e+00
2.765863337187866122e+01,3.605551275463989214e+01,2.340939982143925135e+01,2.376972864800942631e+01,3.354101966249684352e+01,3.498571136907180090e+01,3.661966684720110976e+01,3.624913792078371699e+01,2.752903153083559040e+00
2.692582403567251959e+01,3.668787265568828104e+01,2.376972864800942631e+01,2.473863375370596174e+01,3.264965543462901820e+01,3.448187929913333249e+01,3.720215047547655018e+01,3.716180835212409050e+01,2.735722713068252876e+00
2.563201123595259290e+01,3.687817782917154830e+01,2.213594362117865444e+01,2.376972864800942631e+01,3.443835071544512516e+01,3.551056180912940619e+01,3.720215047547655018e+01,3.716180835212409050e+01,2.648392363088872603e+00
2.780287754891568852e+01,3.811823710509183627e+01,2.137755832643194864e+01,2.300000000000000000e+01,3.354101966249684352e+01,3.466987164671942878e+01,3.701351104664349378e+01,3.716180835212409050e+01,2.429098760007688984e+00
2.687005768508880621e+01,3.805259518088089266e+01,2.121320343559642652e+01,2.408318915758459156e+01,3.310589071449369669e+01,3.498571136907180090e+01,3.640054944640259293e+01,3.716180835212409050e+01,2.354477262343960486e+00
2.745906043549196340e+01,3.863935817272331263e+01,2.109502310972898798e+01,2.473863375370596174e+01,3.534119409414458346e+01,3.551056180912940619e+01,3.689173349139343117e+01,3.584689665786984136e+01,2.237991161039125654e+00
2.952964612046680060e+01,3.905124837953326988e+01,2.002498439450078749e+01,2.340939982143925135e+01,3.511409973215887703e+01,3.773592452822641263e+01,3.661966684720110976e+01,3.676955262170046979e+01,2.167972984887574395e+00
3.130495168499705727e+01,4.002499219237900263e+01,2.102379604162863913e+01,2.416609194718914466e+01,3.383784863137726262e+01,3.758989225842500304e+01,3.689173349139343117e+01,3.640054944640259293e+01,2.197301905013800738e+00
2.773084924772409465e+01,3.668787265568828104e+01,2.308679276123039159e+01,2.469817807045693669e+01,3.201562118716424266e+01,3.640054944640259293e+01,3.640054944640259293e+01,3.517101079013794873e+01,2.309899907623925497e+00
3.130495168499705727e+01,3.832753579347360073e+01,2.220360331117451835e+01,2.469817807045693669e+01,2.716615541441224835e+01,3.214031735997639316e+01,3.584689665786984136e+01,3.805259518088089266e+01,2.419037266109955286e+00
3.001666203960726875e+01,3.471310991541956525e+01,2.121320343559642652e+01,2.302172886644267535e+01,2.807133769523639799e+01,3.201562118716424266e+01,3.605551275463989214e+01,3.900000000000000000e+01,2.495515890479271803e+00
2.640075756488817049e+01,3.059411708155671050e+01,2.137755832643194864e+01,2.163330765278393741e+01,2.915475947422650194e+01,3.206243908376279705e+01,3.605551275463989214e+01,3.901281840626231912e+01,2.496488125539936931e+00
2.624880949681337583e+01,3.059411708155671050e+01,2.137755832643194864e+01,2.195449840010014952e+01,2.915475947422650194e+01,3.106444913401813324e+01,3.605551275463989214e+01,3.900000000000000000e+01,2.525234198553616416e+00
2.687005768508880621e+01,3.214031735997639316e+01,2.302172886644267535e+01,2.325940669922601600e+01,2.807133769523639799e+01,3.405877273185280529e+01,3.794733192202055250e+01,3.800000000000000000e+01,2.680182177322197656e+00
2.900000000000000000e+01,3.301514803843835466e+01,2.400000000000000000e+01,2.282542442102665348e+01,2.801785145224380003e+01,3.705401462729781059e+01,3.956008088970496317e+01,3.705401462729781059e+01,2.801495534080030936e+00
3.047950130825634218e+01,3.413209633175202384e+01,2.302172886644267535e+01,2.284731931759172596e+01,3.041381265149109936e+01,3.911521443121588959e+01,3.860051813123756403e+01,3.811823710509183627e+01,2.877312988468914146e+00
2.842534080710379030e+01,3.401470270338990076e+01,2.302172886644267535e+01,2.308679276123039159e+01,3.041381265149109936e+01,4.438468204234429493e+01,4.338202392696772591e+01,3.801315561749642313e+01,2.813713473166902013e+00
2.780287754891568852e+01,3.413209633175202384e+01,2.319482700948640286e+01,2.280350850198275836e+01,3.238826948140329165e+01,4.617358552246078318e+01,4.428317965096906050e+01,3.701351104664349378e+01,2.852374995539950220e+00
2.059126028197400160e+01,2.900000000000000000e+01,2.433105012119287736e+01,2.256102834535695578e+01,4.143669871020131978e+01,5.478138369920934991e+01,4.609772228646443892e+01,3.832753579347360073e+01,2.912957260309644525e+00
1.868154169226940553e+01,2.617250465660480074e+01,2.529822128134703618e+01,2.319482700948640286e+01,4.494441010848846219e+01,5.371219600798313820e+01,4.531004303683676682e+01,3.807886552931954327e+01,3.078554396916450386e+00
2.088061301782110135e+01,2.942787793912432193e+01,2.657066051117284644e+01,2.408318915758459156e+01,4.492215489043240240e+01,5.188448708429138634e+01,4.531004303683676682e+01,3.710795063055894616e+01,3.064820762320015213e+00
2.193171219946130890e+01,3.006659275674581622e+01,2.473863375370596174e+01,2.418677324489564739e+01,4.205948168962618183e+01,4.531004303683676682e+01,4.427188724235730888e+01,3.921734310225515685e+01,3.032674679715809063e+00
2.500000000000000000e+01,3.298484500494128469e+01,2.302172886644267535e+01,2.459674775249768786e+01,4.123105625617660763e+01,4.743416490252568707e+01,4.459820624195551630e+01,4.016217125604640614e+01,2.715966767358180878e+00
2.385372088375312671e+01,3.162277660168379256e+01,2.418677324489564739e+01,2.441311123146740414e+01,4.390899680020029905e+01,5.096076922496362727e+01,4.396589587396121601e+01,3.992492955535426091e+01,2.692236707136663298e+00
2.692582403567251959e+01,3.324154027718932269e+01,2.334523505985750447e+01,2.360084744241189370e+01,4.743416490252568707e+01,5.457105459856901319e+01,4.197618372363071160e+01,3.807886552931954327e+01,2.740990385231449000e+00
2.860069929215018192e+01,3.373425558686599857e+01,2.433105012119287736e+01,2.441311123146740414e+01,4.743416490252568707e+01,5.336665625650533684e+01,4.197618372363071160e+01,3.939543120718441571e+01,2.796778857606097013e+00
3.330165161069342616e+01,3.701351104664349378e+01,2.319482700948640286e+01,2.282542442102665348e+01,4.632493928760187885e+01,5.166236541235795698e+01,4.123105625617660763e+01,3.900000000000000000e+01,2.872543817608503858e+00
3.465544690232691494e+01,4.001249804748510996e+01,2.402082429892862692e+01,2.435159132377184221e+01,4.429446918070020445e+01,4.560701700396551672e+01,4.100000000000000000e+01,3.981205847478876336e+01,2.938547436336328200e+00
3.546829570193639825e+01,3.820994634908559817e+01,2.109502310972898798e+01,2.570992026436488231e+01,4.472135954999579610e+01,4.492215489043240240e+01,4.100000000000000000e+01,3.981205847478876336e+01,3.039510901897164885e+00
3.114482300479487265e+01,3.701351104664349378e+01,2.501999200639360765e+01,2.469817807045693669e+01,4.876474136094643796e+01,4.964876634922563881e+01,4.220189569201838253e+01,4.071854614300466579e+01,2.930823311931929354e+00
2.720294101747088789e+01,3.201562118716424266e+01,2.402082429892862692e+01,2.340939982143925135e+01,5.283937925449162520e+01,5.314132102234569288e+01,4.197618372363071160e+01,4.071854614300466579e+01,2.976074047300594660e+00
1.838477631085023489e+01,2.507987240796890660e+01,2.433105012119287736e+01,2.376972864800942631e+01,5.546169849544818931e+01,5.280151512977634098e+01,4.026164427839479032e+01,4.085339643163099055e+01,2.975989774843796010e+00
2.024845673131658685e+01,2.601922366251537611e+01,2.570992026436488231e+01,2.473863375370596174e+01,5.412947441089742995e+01,5.292447448959696743e+01,4.100000000000000000e+01,4.049691346263317371e+01,3.060696301268044373e+00
2.404163056034261459e+01,2.729468812791236232e+01,2.549509756796392423e+01,2.451530134426252516e+01,5.280151512977634098e+01,5.015974481593781320e+01,4.002499219237900263e+01,3.992492955535426091e+01,3.108909819718086887e+00
2.220360331117451835e+01,3.026549190084311292e+01,2.501999200639360765e+01,2.435159132377184221e+01,5.189412298131648527e+01,5.147815070493500400e+01,4.123105625617660763e+01,3.900000000000000000e+01,2.861834206414520576e+00
2.220360331117451835e+01,2.906888370749726747e+01,2.236067977499789805e+01,2.607680962081059661e+01,4.830113870293328659e+01,5.092150822589606207e+01,4.244997055358224713e+01,3.992492955535426091e+01,2.654280823809914480e+00
1.612451549659709826e+01,2.624880949681337583e+01,2.184032966784155505e+01,2.842534080710379030e+01,4.294182110716777601e+01,4.972926703662542280e+01,4.244997055358224713e+01,3.827531841800927737e+01,2.521936488439197266e+00
1.581138830084189628e+01,2.282542442102665348e+01,2.102379604162863913e+01,2.900000000000000000e+01,4.071854614300466579e+01,4.780167361086847677e+01,4.244997055358224713e+01,3.700000000000000000e+01,2.450255724820331160e+00
1.788854381999831844e+01,2.220360331117451835e+01,2.102379604162863913e+01,2.780287754891568852e+01,3.935733730830885690e+01,4.827007354458868349e+01,4.244997055358224713e+01,3.700000000000000000e+01,2.450813494494861189e+00
2.601922366251537611e+01,2.801785145224380003e+01,2.080865204668481283e+01,2.954657340538831534e+01,3.758989225842500304e+01,4.751841748206688720e+01,4.100000000000000000e+01,3.668787265568828104e+01,2.264406662767394440e+00
2.807133769523639799e+01,2.973213749463701205e+01,2.475883680627989492e+01,2.692582403567251959e+01,3.841874542459709119e+01,5.003998401278721531e+01,4.060788100849390503e+01,3.769615364994152884e+01,2.302198325056168837e+00
2.807133769523639799e+01,2.831960451701259274e+01,2.475883680627989492e+01,2.647640458974745314e+01,4.036087214122112954e+01,5.103920062069938268e+01,4.318564576337836769e+01,3.721558813185679071e+01,2.347823300656210588e+00
3.006659275674581622e+01,3.061045573002793319e+01,2.334523505985750447e+01,2.745906043549196340e+01,4.045985664828781836e+01,5.223983154643590865e+01,4.301162633521313694e+01,3.883297567789519888e+01,2.400037112295271058e+00
2.716615541441224835e+01,2.617250465660480074e+01,2.262741699796952233e+01,2.570992026436488231e+01,4.254409477236529824e+01,4.972926703662542280e+01,4.119465984809195902e+01,4.242640687119285303e+01,2.633410784689820261e+00
2.549509756796392423e+01,2.758622844826744469e+01,2.483948469674844262e+01,2.529822128134703618e+01,4.429446918070020445e+01,5.124451190127582834e+01,4.257933771208753626e+01,4.318564576337836769e+01,2.725465385046747180e+00
1.838477631085023489e+01,2.140093455903269515e+01,2.469817807045693669e+01,2.731300056749532601e+01,4.876474136094643796e+01,5.192301994298868095e+01,4.275511665286389729e+01,4.545327270945404763e+01,2.810318577599538514e+00
1.581138830084189628e+01,2.000000000000000000e+01,2.555386467836127551e+01,2.594224354214569317e+01,5.053711507397311209e+01,5.508175741568164341e+01,4.341658669218482203e+01,4.341658669218482203e+01,2.890734472135897626e+00
1.664331697709323876e+01,2.061552812808830382e+01,2.594224354214569317e+01,2.729468812791236232e+01,5.188448708429138634e+01,5.385164807134503917e+01,4.148493702538308270e+01,4.341658669218482203e+01,2.910661597650454624e+00
1.972308292331602075e+01,2.267156809750926882e+01,2.683281572999747766e+01,2.729468812791236232e+01,5.188448708429138634e+01,5.481788029466298440e+01,4.220189569201838253e+01,4.404543109109047805e+01,2.933299081346601778e+00
1.972308292331602075e+01,2.343074902771996193e+01,2.683281572999747766e+01,2.641968962724581260e+01,5.232590180780452016e+01,5.481788029466298440e+01,4.220189569201838253e+01,4.420407221060068537e+01,2.946184308482668435e+00
1.627882059609970611e+01,1.984943324127920761e+01,2.683281572999747766e+01,2.662705391138869615e+01,5.366563145999495532e+01,5.651548460377916427e+01,4.123105625617660763e+01,4.263801121065568367e+01,2.983823915993839115e+00
1.503329637837290811e+01,1.341640786499873883e+01,2.720294101747088789e+01,2.687005768508880621e+01,5.547071299343465256e+01,5.590169943749474157e+01,4.197618372363071160e+01,4.420407221060068537e+01,3.227912025862254453e+00
1.431782106327635340e+01,1.166190378969060149e+01,2.647640458974745314e+01,2.549509756796392423e+01,5.608029957123981291e+01,5.458937625582472464e+01,4.197618372363071160e+01,4.482186966202993972e+01,3.293533312714835404e+00
1.552417469626002422e+01,1.118033988749894903e+01,2.647640458974745314e+01,2.624880949681337583e+01,5.547071299343465256e+01,5.346026561849463832e+01,4.317406628984580408e+01,4.482186966202993972e+01,3.333964933122418373e+00
1.772004514666934938e+01,1.140175425099137918e+01,2.745906043549196340e+01,2.580697580112788003e+01,5.491812087098392681e+01,5.234500931320960149e+01,4.220189569201838253e+01,4.360045871318327926e+01,3.414980157581282150e+00
1.726267650163206824e+01,1.272792206135785520e+01,2.745906043549196340e+01,2.580697580112788003e+01,5.547071299343465256e+01,5.323532661682465772e+01,4.220189569201838253e+01,4.280186911806539030e+01,3.368391501643679398e+00
1.676305461424021104e+01,1.280624847486569706e+01,2.745906043549196340e+01,2.523885892824792521e+01,5.547071299343465256e+01,5.323532661682465772e+01,4.100000000000000000e+01,4.263801121065568367e+01,3.354797172979247399e+00
1.523154621172781731e+01,1.220655561573370207e+01,2.617250465660480074e+01,2.469817807045693669e+01,5.521775076911409030e+01,5.215361924162119323e+01,4.079215610874227593e+01,4.327817001676480402e+01,3.369246615388482802e+00
1.581138830084189628e+01,1.280624847486569706e+01,2.617250465660480074e+01,2.555386467836127551e+01,5.464430436925700008e+01,5.215361924162119323e+01,4.060788100849390503e+01,4.327817001676480402e+01,3.385549518707144934e+00
1.649242250247064234e+01,1.421267040355189515e+01,2.716615541441224835e+01,2.505992817228333536e+01,5.580322571321482172e+01,5.303772242470447651e+01,4.079215610874227593e+01,4.186884283091664116e+01,3.369992524931502587e+00
1.486606874731850603e+01,1.345362404707370985e+01,2.507987240796890660e+01,2.459674775249768786e+01,5.580322571321482172e+01,5.403702434442518410e+01,4.060788100849390503e+01,4.177319714841084419e+01,3.385167480483974423e+00
1.627882059609970611e+01,1.421267040355189515e+01,2.617250465660480074e+01,2.505992817228333536e+01,5.640035460881429685e+01,5.400925846556310717e+01,4.060788100849390503e+01,4.177319714841084419e+01,3.348476858243487619e+00
1.702938636592640265e+01,1.788854381999831844e+01,2.707397274136176790e+01,2.594224354214569317e+01,5.700877125495689768e+01,5.400925846556310717e+01,4.079215610874227593e+01,4.177319714841084419e+01,3.325834721173158481e+00
1.486606874731850603e+01,1.442220510185595650e+01,2.517935662402834396e+01,2.594224354214569317e+01,5.841232746604093506e+01,5.500000000000000000e+01,4.079215610874227593e+01,4.177319714841084419e+01,3.329678203126345437e+00
1.615549442140351033e+01,1.280624847486569706e+01,2.531797780234432693e+01,2.370653918225939449e+01,5.700877125495689768e+01,5.400000000000000000e+01,3.883297567789519888e+01,3.962322551231790158e+01,3.351884120823155566e+00
1.431782106327635340e+01,1.280624847486569706e+01,2.507987240796890660e+01,2.370653918225939449e+01,5.700877125495689768e+01,5.400000000000000000e+01,3.981205847478876336e+01,4.036087214122112954e+01,3.355390144634359473e+00
1.649242250247064234e+01,1.280624847486569706e+01,2.607680962081059661e+01,2.505992817228333536e+01,5.640035460881429685e+01,5.300943312279428454e+01,4.060788100849390503e+01,4.252058325093859992e+01,3.400754762707966172e+00
1.603121954188139853e+01,1.640121946685672683e+01,2.517935662402834396e+01,2.641968962724581260e+01,5.500000000000000000e+01,5.300943312279428454e+01,4.257933771208753626e+01,4.263801121065568367e+01,3.311651275181849652e+00
2.451530134426252516e+01,2.842534080710379030e+01,2.121320343559642652e+01,2.418677324489564739e+01,4.219004621945797595e+01,4.492215489043240240e+01,4.464302857109942835e+01,4.272001872658765365e+01,2.764677341260960652e+00
2.707397274136176790e+01,2.505992817228333536e+01,2.500000000000000000e+01,2.200000000000000000e+01,3.605551275463989214e+01,4.204759208325727826e+01,4.215447781671598193e+01,3.801315561749642313e+01,2.509381618166984129e+00
2.800000000000000000e+01,2.459674775249768786e+01,2.209072203437452231e+01,1.900000000000000000e+01,3.361547262794321966e+01,4.356604182158393002e+01,4.114608122288196768e+01,3.640054944640259293e+01,2.523994174462379725e+00
3.000000000000000000e+01,2.284731931759172596e+01,2.300000000000000000e+01,2.109502310972898798e+01,3.511409973215887703e+01,4.110960958218893069e+01,3.661966684720110976e+01,3.671511950137163893e+01,2.629406983779596807e+00
2.376972864800942631e+01,2.209072203437452231e+01,2.158703314492290204e+01,2.061552812808830382e+01,3.573513677041127323e+01,4.172529209005013229e+01,3.687817782917154830e+01,3.712142238654116966e+01,2.293028552738125114e+00
2.563201123595259290e+01,2.102379604162863913e+01,2.500000000000000000e+01,2.163330765278393741e+01,3.535533905932737753e+01,3.982461550347975532e+01,3.538361202590826338e+01,4.237924020083418242e+01,2.388441372627598813e+00
2.906888370749726747e+01,2.202271554554523902e+01,2.236067977499789805e+01,2.024845673131658685e+01,3.785498646149540036e+01,4.019950248448355978e+01,3.478505426185217431e+01,4.401136216933077350e+01,2.729157479107567230e+00
3.047950130825634218e+01,2.549509756796392423e+01,2.220360331117451835e+01,1.984943324127920761e+01,3.584689665786984136e+01,4.031128874149274566e+01,3.820994634908559817e+01,4.368065933568311010e+01,2.780488374188362588e+00
2.765863337187866122e+01,2.505992817228333536e+01,2.267156809750926882e+01,1.910497317454279909e+01,3.535533905932737753e+01,3.905124837953326988e+01,3.701351104664349378e+01,4.401136216933077350e+01,2.634408216397117641e+00
2.865309756378880479e+01,2.420743687382040932e+01,2.247220505424423109e+01,2.059126028197400160e+01,3.405877273185280529e+01,4.085339643163099055e+01,3.601388621073821383e+01,4.472135954999579610e+01,2.600300426268053577e+00
2.692582403567251959e+01,2.051828452868319275e+01,2.236067977499789805e+01,1.969771560359220786e+01,3.538361202590826338e+01,4.308131845707602992e+01,3.512833614050059339e+01,4.254409477236529824e+01,2.630184991921376891e+00
2.640075756488817049e+01,1.984943324127920761e+01,2.236067977499789805e+01,2.184032966784155505e+01,3.522782990761707111e+01,4.561797891182817466e+01,3.622154055254966920e+01,4.326661530556787483e+01,2.641466271050691539e+00
2.640075756488817049e+01,2.121320343559642652e+01,2.236067977499789805e+01,1.992485884517127559e+01,3.827531841800927737e+01,4.825971404805461873e+01,3.764306044943742080e+01,4.318564576337836769e+01,2.855051125032674442e+00
2.865309756378880479e+01,2.024845673131658685e+01,2.302172886644267535e+01,2.184032966784155505e+01,3.765634076752546378e+01,4.177319714841084419e+01,4.162931659299729859e+01,5.147815070493500400e+01,3.139868517367176537e+00
2.952964612046680060e+01,2.195449840010014952e+01,2.483948469674844262e+01,2.376972864800942631e+01,4.060788100849390503e+01,4.186884283091664116e+01,4.118252056394800320e+01,5.255473337388364996e+01,3.090669568858312566e+00
3.052867504494749440e+01,1.923538406167134340e+01,2.500000000000000000e+01,2.451530134426252516e+01,5.015974481593781320e+01,4.810405388322277531e+01,3.883297567789519888e+01,4.933558553417604031e+01,3.022760879544572621e+00
3.061045573002793319e+01,1.746424919657297892e+01,2.624880949681337583e+01,2.570992026436488231e+01,5.115662224971465122e+01,4.750789408087881327e+01,3.773592452822641263e+01,4.933558553417604031e+01,2.975542947348957412e+00
2.973213749463701205e+01,1.708800749063506075e+01,2.687005768508880621e+01,2.596150997149434048e+01,5.315072906367324634e+01,4.686149805543992386e+01,3.661966684720110976e+01,4.876474136094643796e+01,2.915182088013482442e+00
2.906888370749726747e+01,1.897366596101027625e+01,2.483948469674844262e+01,2.469817807045693669e+01,5.643580423808985103e+01,5.000000000000000000e+01,3.560898762952971452e+01,4.648655719667783615e+01,2.891843232216637638e+00
2.780287754891568852e+01,1.923538406167134340e+01,2.617250465660480074e+01,2.529822128134703618e+01,5.721887800367986898e+01,4.534313619501853765e+01,3.538361202590826338e+01,5.021951811795887721e+01,2.940939776269906769e+00
2.701851217221259205e+01,1.749285568453590045e+01,2.758622844826744469e+01,2.570992026436488231e+01,5.622277118748238678e+01,4.827007354458868349e+01,3.482814953453599571e+01,4.808326112068522917e+01,3.014427344896967842e+00
2.801785145224380003e+01,2.163330765278393741e+01,2.687005768508880621e+01,2.563201123595259290e+01,4.964876634922563881e+01,5.047771785649585041e+01,3.891015291668743714e+01,4.609772228646443892e+01,3.106164445725947854e+00
3.080584360149872580e+01,2.459674775249768786e+01,2.758622844826744469e+01,2.507987240796890660e+01,5.080354318352215159e+01,5.162363799656122865e+01,3.757658845611187104e+01,4.472135954999579610e+01,3.080669987028070711e+00
3.106444913401813324e+01,2.640075756488817049e+01,2.842534080710379030e+01,2.600000000000000000e+01,5.458937625582472464e+01,5.437830449729009530e+01,3.354101966249684352e+01,4.390899680020029905e+01,3.079281741737569078e+00
2.865309756378880479e+01,1.910497317454279909e+01,2.952964612046680060e+01,2.469817807045693669e+01,5.629387178015027615e+01,5.277309920783504538e+01,3.176476034853718033e+01,4.167733196834941367e+01,2.837097592171110794e+00
2.863564212655270680e+01,1.902629759044044633e+01,2.915475947422650194e+01,2.441311123146740414e+01,5.632051136131489244e+01,5.015974481593781320e+01,3.488552708502481892e+01,4.382921400162225467e+01,3.508766487408012225e+00
3.337663853655727308e+01,1.838477631085023489e+01,2.941088233970548416e+01,2.334523505985750447e+01,5.481788029466298440e+01,4.742362280551750331e+01,3.264965543462901820e+01,4.338202392696772591e+01,2.500601849726108217e+00
3.324154027718932269e+01,1.788854381999831844e+01,2.789265136196270589e+01,2.343074902771996193e+01,5.442425929675111007e+01,4.743416490252568707e+01,3.546829570193639825e+01,4.429446918070020445e+01,3.768188011399559834e+00
3.452535300326413648e+01,2.012461179749810825e+01,2.549509756796392423e+01,2.385372088375312671e+01,5.053711507397311209e+01,4.850773134253961416e+01,3.984971769034255118e+01,4.272001872658765365e+01,3.761907554631067629e+00
3.114482300479487265e+01,1.788854381999831844e+01,2.607680962081059661e+01,2.469817807045693669e+01,5.247856705360770491e+01,4.981967482832460092e+01,4.026164427839479032e+01,4.360045871318327926e+01,3.727306931612139884e+00
2.800000000000000000e+01,1.708800749063506075e+01,2.900000000000000000e+01,2.555386467836127551e+01,5.269724850502159086e+01,5.035871324805668792e+01,3.863935817272331263e+01,4.252058325093859992e+01,3.647328915664366455e+00
3.114482300479487265e+01,1.640121946685672683e+01,2.807133769523639799e+01,2.594224354214569317e+01,5.382378656319155397e+01,5.115662224971465122e+01,3.748332962798262713e+01,4.172529209005013229e+01,3.764690757240077179e+00
3.006659275674581622e+01,1.835755975068581947e+01,2.701851217221259205e+01,2.555386467836127551e+01,5.500000000000000000e+01,4.726520919238589613e+01,3.710795063055894616e+01,4.393176527297759293e+01,3.668855018387621847e+00
2.220360331117451835e+01,9.848857801796103928e+00,2.807133769523639799e+01,3.224903099319419653e+01,5.408326913195983821e+01,4.866210024238575471e+01,3.569313659514949677e+01,4.455333881989092504e+01,3.626635663776912377e+00
2.088061301782110135e+01,8.602325267042626677e+00,2.901723625709381693e+01,3.328663395418647752e+01,5.325410782277739230e+01,4.687216658103186262e+01,3.492849839314595783e+01,4.455333881989092504e+01,3.606657696084992093e+00
2.088061301782110135e+01,1.000000000000000000e+01,2.801785145224380003e+01,3.312099032335839155e+01,4.780167361086847677e+01,4.751841748206688720e+01,3.832753579347360073e+01,4.244997055358224713e+01,3.597860322771926356e+00
2.184032966784155505e+01,8.602325267042626677e+00,2.801785145224380003e+01,3.361547262794321966e+01,4.920365840057017692e+01,4.669047011971500893e+01,3.590264614203248072e+01,4.103656905736638549e+01,3.638015406994675072e+00
2.061552812808830382e+01,9.899494936611665352e+00,2.816025568065744622e+01,3.400000000000000000e+01,5.000000000000000000e+01,4.751841748206688720e+01,3.667424164178449786e+01,4.172529209005013229e+01,3.633121481954773913e+00
2.408318915758459156e+01,1.104536101718726115e+01,2.716615541441224835e+01,3.130495168499705727e+01,5.263078946776306566e+01,4.716990566028302112e+01,3.569313659514949677e+01,4.172529209005013229e+01,3.635808999587687218e+00
2.700000000000000000e+01,1.431782106327635340e+01,2.807133769523639799e+01,2.952964612046680060e+01,5.315072906367324634e+01,4.801041553663121420e+01,3.667424164178449786e+01,4.031128874149274566e+01,3.591542489217733447e+00
2.901723625709381693e+01,1.923538406167134340e+01,2.961418578992169515e+01,2.823118842698620767e+01,5.173973328110611902e+01,4.709564735726646489e+01,3.712142238654116966e+01,4.468780594300866227e+01,3.650354434955060512e+00
3.354101966249684352e+01,2.193171219946130890e+01,2.983286778035259701e+01,2.529822128134703618e+01,5.307541803886239506e+01,4.900000000000000000e+01,3.832753579347360073e+01,4.177319714841084419e+01,3.807811190724703643e+00
3.676955262170046979e+01,2.325940669922601600e+01,3.008321791298264714e+01,2.433105012119287736e+01,5.166236541235795698e+01,4.517742799230607176e+01,3.911521443121588959e+01,4.244997055358224713e+01,3.968976768601006455e+00
3.584689665786984136e+01,2.641968962724581260e+01,3.354101966249684352e+01,2.517935662402834396e+01,4.763402145525821396e+01,4.310452412450461424e+01,4.001249804748510996e+01,4.263801121065568367e+01,3.915627669722950621e+00
3.511409973215887703e+01,2.729468812791236232e+01,3.176476034853718033e+01,2.418677324489564739e+01,4.841487374764081864e+01,4.229657196511320194e+01,4.001249804748510996e+01,4.404543109109047805e+01,3.882327800977220633e+00
3.544009029333869876e+01,2.745906043549196340e+01,3.138470965295043058e+01,2.334523505985750447e+01,4.882622246293480828e+01,4.257933771208753626e+01,4.019950248448355978e+01,4.522167621838005402e+01,3.746384210772563783e+00
3.546829570193639825e+01,2.640075756488817049e+01,2.884441020371191300e+01,2.500000000000000000e+01,5.197114584074513033e+01,4.396589587396121601e+01,3.931920650267500150e+01,4.356604182158393002e+01,3.835864584413805289e+00
3.712142238654116966e+01,2.915475947422650194e+01,3.140063693621516450e+01,2.517935662402834396e+01,5.147815070493500400e+01,4.215447781671598193e+01,3.785498646149540036e+01,4.338202392696772591e+01,3.800883926343373798e+00
3.981205847478876336e+01,3.132091952673165025e+01,3.000000000000000000e+01,2.408318915758459156e+01,5.069516742254630515e+01,4.031128874149274566e+01,3.640054944640259293e+01,4.438468204234429493e+01,3.771059596115985180e+00
3.757658845611187104e+01,3.138470965295043058e+01,3.140063693621516450e+01,2.418677324489564739e+01,4.657252408878007088e+01,4.114608122288196768e+01,4.123105625617660763e+01,4.492215489043240240e+01,3.660007453062492644e+00
3.623534186398687496e+01,2.973213749463701205e+01,2.842534080710379030e+01,2.256102834535695578e+01,5.000999900019994726e+01,4.465422712353221613e+01,4.204759208325727826e+01,4.341658669218482203e+01,3.663583923381720453e+00
3.275667870831839679e+01,2.731300056749532601e+01,3.041381265149109936e+01,2.473863375370596174e+01,5.048762224545735222e+01,4.440720662234903671e+01,4.294182110716777601e+01,4.491102314577123877e+01,3.611241281660342750e+00
3.466987164671942878e+01,2.941088233970548416e+01,3.114482300479487265e+01,2.500000000000000000e+01,5.015974481593781320e+01,4.404543109109047805e+01,4.219004621945797595e+01,4.440720662234903671e+01,3.610248567960941735e+00
3.757658845611187104e+01,3.101612483854164637e+01,2.973213749463701205e+01,2.549509756796392423e+01,5.108815909777920439e+01,4.393176527297759293e+01,3.966106403010387993e+01,4.410215414239988974e+01,3.489088591213486801e+00
3.807886552931954327e+01,3.231098884280702066e+01,2.906888370749726747e+01,2.451530134426252516e+01,5.103920062069938268e+01,4.468780594300866227e+01,3.966106403010387993e+01,4.401136216933077350e+01,3.459756422793990538e+00
3.676955262170046979e+01,3.178049716414140846e+01,2.842534080710379030e+01,2.353720459187963954e+01,4.909175083453430943e+01,4.596737973824481571e+01,4.468780594300866227e+01,4.604345773288535071e+01,3.367237316535987901e+00
3.676955262170046979e+01,3.220248437620923454e+01,2.920616373302046753e+01,2.353720459187963954e+01,4.716990566028302112e+01,4.525483399593904466e+01,4.534313619501853765e+01,4.504442251822083421e+01,3.341731382346994295e+00
3.862641583165593318e+01,3.354101966249684352e+01,2.801785145224380003e+01,2.280350850198275836e+01,4.716990566028302112e+01,4.596737973824481571e+01,4.459820624195551630e+01,4.410215414239988974e+01,3.330406671618115766e+00
3.573513677041127323e+01,3.328663395418647752e+01,2.745906043549196340e+01,2.184032966784155505e+01,4.652956049652736681e+01,4.527692569068708650e+01,4.675467891024383960e+01,4.410215414239988974e+01,3.250192649313527138e+00
3.395585369269929288e+01,3.201562118716424266e+01,2.952964612046680060e+01,2.209072203437452231e+01,4.201190307520000999e+01,4.341658669218482203e+01,4.393176527297759293e+01,4.404543109109047805e+01,3.199284758487167757e+00
3.794733192202055250e+01,3.138470965295043058e+01,2.865309756378880479e+01,2.319482700948640286e+01,4.501110973970759943e+01,4.601086828130936368e+01,4.459820624195551630e+01,4.404543109109047805e+01,3.290506076755363551e+00
3.383784863137726262e+01,2.968164415931165934e+01,2.941088233970548416e+01,2.418677324489564739e+01,4.916299421312741913e+01,4.738143096192853676e+01,4.393176527297759293e+01,4.418144406874904462e+01,3.238218647357093971e+00
3.448187929913333249e+01,3.023243291566194912e+01,2.968164415931165934e+01,2.408318915758459156e+01,4.909175083453430943e+01,4.879549159502340672e+01,4.459820624195551630e+01,4.527692569068708650e+01,3.207454212260483217e+00
3.605551275463989214e+01,3.190611226708763226e+01,3.106444913401813324e+01,2.418677324489564739e+01,4.904079934095691584e+01,4.738143096192853676e+01,4.172529209005013229e+01,4.539823785126466760e+01,3.218329546784479689e+00
3.668787265568828104e+01,3.138470965295043058e+01,2.915475947422650194e+01,2.308679276123039159e+01,4.809365862564419558e+01,4.596737973824481571e+01,4.244997055358224713e+01,4.527692569068708650e+01,3.217354954086989682e+00
3.700000000000000000e+01,3.138470965295043058e+01,2.915475947422650194e+01,2.319482700948640286e+01,4.809365862564419558e+01,4.596737973824481571e+01,4.244997055358224713e+01,4.527692569068708650e+01,3.235995598620434066e+00
3.201562118716424266e+01,2.941088233970548416e+01,2.751363298439520833e+01,2.402082429892862692e+01,4.800000000000000000e+01,4.810405388322277531e+01,4.242640687119285303e+01,4.527692569068708650e+01,2.961204251468014803e+00
3.125699921617556853e+01,2.863564212655270680e+01,2.630589287593181069e+01,2.334523505985750447e+01,4.295346318982905842e+01,5.021951811795887721e+01,4.313930922024598402e+01,4.404543109109047805e+01,2.923634439650194317e+00
2.954657340538831534e+01,2.507987240796890660e+01,2.647640458974745314e+01,2.385372088375312671e+01,4.272001872658765365e+01,5.142956348249516196e+01,4.263801121065568367e+01,4.404543109109047805e+01,2.717252020728093242e+00
3.023243291566194912e+01,2.901723625709381693e+01,2.765863337187866122e+01,2.500000000000000000e+01,4.114608122288196768e+01,5.126402247190518580e+01,4.220189569201838253e+01,4.418144406874904462e+01,2.676330654847580259e+00
3.201562118716424266e+01,2.915475947422650194e+01,2.529822128134703618e+01,2.500000000000000000e+01,4.070626487409523975e+01,5.281098370604357228e+01,4.243819034784588951e+01,4.318564576337836769e+01,2.672307331239453188e+00
3.383784863137726262e+01,2.700000000000000000e+01,2.640075756488817049e+01,2.334523505985750447e+01,3.894868418830089496e+01,5.220153254455274805e+01,4.243819034784588951e+01,4.318564576337836769e+01,2.696985711959543952e+00
2.729468812791236232e+01,1.897366596101027625e+01,2.549509756796392423e+01,2.617250465660480074e+01,3.847076812334268681e+01,4.997999599839919682e+01,4.220189569201838253e+01,4.229657196511320194e+01,2.639753692193342438e+00
2.325940669922601600e+01,1.581138830084189628e+01,2.505992817228333536e+01,2.617250465660480074e+01,3.862641583165593318e+01,4.554119014694280310e+01,4.134005321718877468e+01,4.341658669218482203e+01,2.546447314372812354e+00
2.137755832643194864e+01,1.345362404707370985e+01,2.555386467836127551e+01,2.334523505985750447e+01,4.205948168962618183e+01,4.205948168962618183e+01,3.981205847478876336e+01,4.491102314577123877e+01,2.579364530950184253e+00
2.061552812808830382e+01,1.702938636592640265e+01,2.640075756488817049e+01,2.408318915758459156e+01,4.085339643163099055e+01,4.244997055358224713e+01,3.935733730830885690e+01,4.589117562233506220e+01,2.402732661770227818e+00
2.109502310972898798e+01,1.555634918610404505e+01,2.343074902771996193e+01,2.280350850198275836e+01,3.758989225842500304e+01,4.341658669218482203e+01,3.801315561749642313e+01,4.491102314577123877e+01,2.478881429572249662e+00
2.051828452868319275e+01,1.523154621172781731e+01,2.385372088375312671e+01,2.284731931759172596e+01,3.413209633175202384e+01,4.204759208325727826e+01,3.544009029333869876e+01,4.220189569201838253e+01,2.314980727534024840e+00
2.061552812808830382e+01,1.615549442140351033e+01,2.416609194718914466e+01,2.088061301782110135e+01,3.275667870831839679e+01,4.079215610874227593e+01,3.765634076752546378e+01,4.522167621838005402e+01,2.233276062745729984e+00
1.931320791582796659e+01,1.964688270438849926e+01,2.500000000000000000e+01,2.009975124224177989e+01,3.000000000000000000e+01,4.308131845707602992e+01,3.901281840626231912e+01,4.438468204234429493e+01,2.131085590957788156e+00
1.969771560359220786e+01,1.726267650163206824e+01,2.500000000000000000e+01,2.202271554554523902e+01,3.189043743820394994e+01,4.579301256742124338e+01,3.590264614203248072e+01,4.205948168962618183e+01,2.355405846822723248e+00
2.158703314492290204e+01,1.843908891458577415e+01,2.517935662402834396e+01,2.009975124224177989e+01,2.600000000000000000e+01,3.448187929913333249e+01,4.219004621945797595e+01,3.482814953453599571e+01,3.638935369936615594e+00
1.726267650163206824e+01,1.824828759089465890e+01,2.408318915758459156e+01,2.220360331117451835e+01,3.584689665786984136e+01,3.201562118716424266e+01,4.275511665286389729e+01,3.687817782917154830e+01,3.610892696861766282e+00
1.600000000000000000e+01,1.802775637731994607e+01,2.202271554554523902e+01,2.353720459187963954e+01,3.534119409414458346e+01,3.101612483854164637e+01,4.428317965096906050e+01,3.820994634908559817e+01,3.625321867201181547e+00
1.581138830084189628e+01,1.860107523773827509e+01,2.220360331117451835e+01,2.594224354214569317e+01,3.687817782917154830e+01,3.026549190084311292e+01,4.627094120503709718e+01,3.612478373637688378e+01,3.773026507321342926e+00
1.431782106327635340e+01,1.843908891458577415e+01,2.158703314492290204e+01,2.662705391138869615e+01,3.337663853655727308e+01,3.036445290137795183e+01,4.726520919238589613e+01,3.701351104664349378e+01,3.793254145862734905e+00
1.476482306023340030e+01,1.769180601295413169e+01,2.376972864800942631e+01,2.690724809414741969e+01,4.341658669218482203e+01,3.041381265149109936e+01,4.373785545725807822e+01,4.304648650006176780e+01,3.677761549737095681e+00
1.897366596101027625e+01,1.664331697709323876e+01,2.500000000000000000e+01,2.561249694973139412e+01,4.130375285612676350e+01,3.361547262794321966e+01,4.332435804486893716e+01,4.162931659299729859e+01,3.486671848170582066e+00
1.868154169226940553e+01,1.500000000000000000e+01,2.473863375370596174e+01,2.701851217221259205e+01,4.304648650006176780e+01,3.324154027718932269e+01,4.785394445602159408e+01,4.386342439892261780e+01,3.319008962857256329e+00
1.923538406167134340e+01,1.802775637731994607e+01,2.529822128134703618e+01,2.617250465660480074e+01,3.753664875824691904e+01,4.600000000000000000e+01,4.317406628984580408e+01,4.341658669218482203e+01,3.391266117904152555e+00
1.923538406167134340e+01,1.802775637731994607e+01,2.785677655436823841e+01,2.624880949681337583e+01,4.800000000000000000e+01,3.623534186398687496e+01,4.254409477236529824e+01,4.332435804486893716e+01,3.436408360579478405e+00
1.581138830084189628e+01,1.627882059609970611e+01,2.720294101747088789e+01,2.617250465660480074e+01,4.604345773288535071e+01,3.420526275297414287e+01,4.104875150354758517e+01,4.459820624195551630e+01,3.400398031879649174e+00
1.802775637731994607e+01,1.486606874731850603e+01,2.469817807045693669e+01,2.545584412271571040e+01,4.504442251822083421e+01,3.420526275297414287e+01,4.000000000000000000e+01,4.396589587396121601e+01,3.330258881823056960e+00
1.878829422805593552e+01,1.640121946685672683e+01,2.340939982143925135e+01,2.549509756796392423e+01,4.401136216933077350e+01,4.201190307520000999e+01,3.982461550347975532e+01,4.263801121065568367e+01,3.284380179908727548e+00
1.835755975068581947e+01,1.838477631085023489e+01,2.325940669922601600e+01,2.549509756796392423e+01,3.535533905932737753e+01,4.300000000000000000e+01,4.373785545725807822e+01,4.140048308896890461e+01,3.396010935637567840e+00
1.562049935181330795e+01,1.923538406167134340e+01,2.147091055358388800e+01,2.758622844826744469e+01,3.324154027718932269e+01,4.100000000000000000e+01,4.393176527297759293e+01,4.123105625617660763e+01,3.518313451263330727e+00
1.131370849898476116e+01,1.802775637731994607e+01,2.163330765278393741e+01,2.865309756378880479e+01,3.471310991541956525e+01,4.310452412450461424e+01,4.328972164382672361e+01,4.104875150354758517e+01,3.733354637923128827e+00
1.303840481040529831e+01,1.910497317454279909e+01,2.061552812808830382e+01,2.817800560721074277e+01,3.535533905932737753e+01,4.418144406874904462e+01,4.229657196511320194e+01,4.104875150354758517e+01,3.781252173715980547e+00
1.300000000000000000e+01,2.009975124224177989e+01,2.140093455903269515e+01,2.954657340538831534e+01,3.465544690232691494e+01,4.410215414239988974e+01,4.242640687119285303e+01,4.049691346263317371e+01,3.849872802313563991e+00
1.300000000000000000e+01,2.402082429892862692e+01,1.984943324127920761e+01,2.846049894151541437e+01,3.612478373637688378e+01,4.709564735726646489e+01,4.275511665286389729e+01,4.134005321718877468e+01,4.099115296518569984e+00
1.300000000000000000e+01,2.308679276123039159e+01,2.051828452868319275e+01,3.008321791298264714e+01,3.538361202590826338e+01,4.617358552246078318e+01,4.257933771208753626e+01,4.134005321718877468e+01,4.076426070368372123e+00
1.389244398944980396e+01,2.789265136196270589e+01,1.749285568453590045e+01,2.844292530665578411e+01,3.687817782917154830e+01,4.652956049652736681e+01,4.004996878900157498e+01,3.966106403010387993e+01,4.315443889585877102e+00
1.615549442140351033e+01,2.668332812825266842e+01,1.746424919657297892e+01,2.828427124746190202e+01,4.219004621945797595e+01,4.846648326421053810e+01,3.832753579347360073e+01,4.103656905736638549e+01,4.089917275837613886e+00
1.676305461424021104e+01,2.549509756796392423e+01,1.931320791582796659e+01,2.807133769523639799e+01,4.248529157249600274e+01,5.220153254455274805e+01,3.962322551231790158e+01,4.103656905736638549e+01,4.081591362418442337e+00
1.627882059609970611e+01,2.531797780234432693e+01,2.061552812808830382e+01,2.816025568065744622e+01,4.459820624195551630e+01,5.515432893255070468e+01,3.883297567789519888e+01,4.031128874149274566e+01,3.970817634545172226e+00
1.431782106327635340e+01,2.256102834535695578e+01,2.061552812808830382e+01,2.700000000000000000e+01,4.589117562233506220e+01,5.594640292279746063e+01,3.733630940518894192e+01,3.860051813123756403e+01,3.877032421265298900e+00
1.360147050873544394e+01,2.692582403567251959e+01,2.118962010041709121e+01,2.707397274136176790e+01,5.035871324805668792e+01,5.780138406647370175e+01,3.712142238654116966e+01,3.758989225842500304e+01,3.885888437710060650e+00
1.315294643796590535e+01,2.353720459187963954e+01,2.193171219946130890e+01,2.701851217221259205e+01,5.500909015790026757e+01,6.107372593840987918e+01,3.828837943815329226e+01,3.921734310225515685e+01,3.626819646157129373e+00
1.414213562373095101e+01,2.408318915758459156e+01,2.282542442102665348e+01,2.707397274136176790e+01,5.913543776789007467e+01,5.445181356024792763e+01,3.905124837953326988e+01,4.517742799230607176e+01,3.478642789632341081e+00
1.414213562373095101e+01,2.256102834535695578e+01,2.247220505424423109e+01,3.101612483854164637e+01,6.040695324215582218e+01,5.590169943749474157e+01,3.841874542459709119e+01,4.301162633521313694e+01,3.406100701306767231e+00
1.403566884761819900e+01,2.280350850198275836e+01,2.418677324489564739e+01,3.200000000000000000e+01,6.477653896280658330e+01,6.087692502089769420e+01,3.605551275463989214e+01,3.901281840626231912e+01,3.399430375197701082e+00
2.061552812808830382e+01,2.601922366251537611e+01,2.418677324489564739e+01,3.300000000000000000e+01,6.551335741663679357e+01,6.224146527838173881e+01,3.584689665786984136e+01,3.705401462729781059e+01,3.322002765412547909e+00
1.788854381999831844e+01,2.570992026436488231e+01,2.332380757938120297e+01,3.413209633175202384e+01,6.670832032063167105e+01,6.438167441127949076e+01,3.584689665786984136e+01,3.605551275463989214e+01,3.420915853690900121e+00
1.345362404707370985e+01,2.641968962724581260e+01,2.284731931759172596e+01,3.275667870831839679e+01,6.198386886924694039e+01,6.435060217278467576e+01,4.118252056394800320e+01,3.505709628591620941e+01,3.622051052727399245e+00
1.562049935181330795e+01,2.778488797889960793e+01,2.376972864800942631e+01,3.195309061734091571e+01,6.306346010171024830e+01,6.594694837519018904e+01,3.900000000000000000e+01,3.306055050963308162e+01,3.683560739536919648e+00
1.486606874731850603e+01,2.778488797889960793e+01,2.353720459187963954e+01,3.132091952673165025e+01,6.419501538281613762e+01,6.621933252457321828e+01,3.794733192202055250e+01,3.224903099319419653e+01,3.606565642861580656e+00
1.421267040355189515e+01,2.692582403567251959e+01,2.451530134426252516e+01,3.162277660168379256e+01,6.578753681359410166e+01,6.463745044476924306e+01,3.624913792078371699e+01,4.004996878900157498e+01,3.640686402849313996e+00
1.500000000000000000e+01,2.683281572999747766e+01,2.692582403567251959e+01,3.289376840679705083e+01,6.685057965343307274e+01,6.603029607687670932e+01,3.492849839314595783e+01,3.811823710509183627e+01,3.571545155244582936e+00
2.012461179749810825e+01,2.500000000000000000e+01,2.500000000000000000e+01,3.324154027718932269e+01,6.870953354520753464e+01,6.640030120413611314e+01,3.640054944640259293e+01,3.748332962798262713e+01,3.410246969357901392e+00
2.332380757938120297e+01,2.668332812825266842e+01,2.507987240796890660e+01,3.710795063055894616e+01,6.854195795277517789e+01,6.603029607687670932e+01,3.605551275463989214e+01,3.765634076752546378e+01,3.320944397277866056e+00
1.780449381476485726e+01,2.778488797889960793e+01,2.500000000000000000e+01,3.492849839314595783e+01,7.026378868236469089e+01,6.767569726275452524e+01,3.257299494980465937e+01,3.622154055254966920e+01,3.588716532120096225e+00
1.565247584249852864e+01,2.842534080710379030e+01,2.531797780234432693e+01,3.361547262794321966e+01,6.670832032063167105e+01,6.795586803212802351e+01,3.668787265568828104e+01,3.535533905932737753e+01,3.726569765720451066e+00
1.303840481040529831e+01,2.765863337187866122e+01,2.617250465660480074e+01,3.224903099319419653e+01,6.711929677819934170e+01,6.723094525588643933e+01,3.324154027718932269e+01,3.452535300326413648e+01,3.693320853280312122e+00
1.860107523773827509e+01,2.865309756378880479e+01,2.630589287593181069e+01,3.312099032335839155e+01,6.888396039717810027e+01,6.711929677819934170e+01,3.178049716414140846e+01,3.178049716414140846e+01,3.614412289610020590e+00
1.984943324127920761e+01,2.731300056749532601e+01,2.647640458974745314e+01,3.401470270338990076e+01,6.931810730249348751e+01,6.685057965343307274e+01,3.275667870831839679e+01,3.201562118716424266e+01,3.498562759914058073e+00
2.630589287593181069e+01,2.418677324489564739e+01,2.600000000000000000e+01,3.324154027718932269e+01,6.844705983459040510e+01,6.685057965343307274e+01,3.448187929913333249e+01,3.471310991541956525e+01,3.091726449256913867e+00
2.507987240796890660e+01,2.376972864800942631e+01,2.692582403567251959e+01,3.306055050963308162e+01,6.545991139621256139e+01,6.481512169239520915e+01,3.956008088970496317e+01,3.667424164178449786e+01,2.983664908203797594e+00
2.154065922853801496e+01,2.416609194718914466e+01,2.831960451701259274e+01,3.289376840679705083e+01,6.552098900352466160e+01,6.378087487640789988e+01,4.031128874149274566e+01,3.765634076752546378e+01,2.795539716407537068e+00
1.886796226411320632e+01,2.147091055358388800e+01,2.860069929215018192e+01,3.138470965295043058e+01,6.649060083951715683e+01,6.363961030678927955e+01,4.162931659299729859e+01,3.765634076752546378e+01,2.754039380866522002e+00
1.835755975068581947e+01,2.061552812808830382e+01,2.780287754891568852e+01,3.195309061734091571e+01,6.628725367670620017e+01,6.365532185135819532e+01,4.162931659299729859e+01,3.667424164178449786e+01,2.792684950836045843e+00
1.264911064067351809e+01,1.503329637837290811e+01,3.061045573002793319e+01,3.008321791298264714e+01,6.152235366108809700e+01,5.869412236331675814e+01,4.123105625617660763e+01,3.535533905932737753e+01,2.848063860005084713e+00
1.334166406412633421e+01,1.403566884761819900e+01,2.983286778035259701e+01,2.816025568065744622e+01,6.020797289396147534e+01,5.941380311005179493e+01,4.031128874149274566e+01,3.301514803843835466e+01,2.863530129984552808e+00
1.334166406412633421e+01,1.403566884761819900e+01,2.983286778035259701e+01,2.816025568065744622e+01,5.913543776789007467e+01,5.800000000000000000e+01,3.981205847478876336e+01,3.400000000000000000e+01,2.883913572606656039e+00
1.334166406412633421e+01,1.513274595042155646e+01,3.244996147917590434e+01,2.973213749463701205e+01,6.113100686231170044e+01,5.879625838435639906e+01,3.981205847478876336e+01,3.401470270338990076e+01,2.832889994509659726e+00
1.334166406412633421e+01,1.503329637837290811e+01,3.106444913401813324e+01,3.008321791298264714e+01,6.220128616033594682e+01,6.020797289396147534e+01,4.024922359499621649e+01,3.501428280002319582e+01,2.805061298506369649e+00
1.431782106327635340e+01,1.456021977856103611e+01,3.224903099319419653e+01,2.954657340538831534e+01,6.220128616033594682e+01,6.020797289396147534e+01,4.024922359499621649e+01,3.501428280002319582e+01,2.732421963621735728e+00
1.910497317454279909e+01,1.500000000000000000e+01,3.352610922848042208e+01,2.842534080710379030e+01,6.100819617067857337e+01,5.748912940721923803e+01,4.118252056394800320e+01,3.700000000000000000e+01,2.454335534580317724e+00
2.308679276123039159e+01,1.964688270438849926e+01,3.228002478313794654e+01,2.617250465660480074e+01,6.200806399170998162e+01,5.560575509783137704e+01,4.167733196834941367e+01,3.901281840626231912e+01,2.412907297592916667e+00
2.325940669922601600e+01,2.061552812808830382e+01,2.973213749463701205e+01,2.687005768508880621e+01,6.103277807866851390e+01,5.720139858430036384e+01,4.468780594300866227e+01,4.404543109109047805e+01,2.518205295668634047e+00
2.325940669922601600e+01,2.308679276123039159e+01,3.104834939252004844e+01,2.690724809414741969e+01,6.239390995922598648e+01,5.556977595779921586e+01,4.393176527297759293e+01,4.304648650006176780e+01,2.549061095500343654e+00
2.469817807045693669e+01,2.668332812825266842e+01,3.059411708155671050e+01,2.701851217221259205e+01,6.264982043070833839e+01,5.547071299343465256e+01,4.384062043356594529e+01,4.418144406874904462e+01,2.573665114291162404e+00
2.900000000000000000e+01,2.823118842698620767e+01,2.731300056749532601e+01,2.828427124746190202e+01,6.280127387243032899e+01,5.547071299343465256e+01,4.386342439892261780e+01,4.539823785126466760e+01,2.738741323867774469e+00
2.408318915758459156e+01,2.370653918225939449e+01,2.692582403567251959e+01,2.758622844826744469e+01,6.449806198638839305e+01,5.866856057549051684e+01,4.455333881989092504e+01,4.539823785126466760e+01,2.713740925218464106e+00
2.831960451701259274e+01,2.692582403567251959e+01,2.863564212655270680e+01,2.780287754891568852e+01,6.350590523722971170e+01,5.556977595779921586e+01,4.172529209005013229e+01,4.440720662234903671e+01,2.759020675845840209e+00
2.617250465660480074e+01,2.549509756796392423e+01,2.823118842698620767e+01,2.842534080710379030e+01,6.413267497929585659e+01,5.724508712544684386e+01,4.455333881989092504e+01,4.455333881989092504e+01,2.789878317813793362e+00
2.545584412271571040e+01,2.600000000000000000e+01,2.941088233970548416e+01,2.906888370749726747e+01,6.500000000000000000e+01,5.685947590331799972e+01,4.386342439892261780e+01,4.393176527297759293e+01,2.802065881736957031e+00
2.801785145224380003e+01,2.353720459187963954e+01,3.036445290137795183e+01,2.906888370749726747e+01,6.306346010171024830e+01,5.423098745182499414e+01,4.186884283091664116e+01,4.414748010928823163e+01,2.722241032519459925e+00
2.906888370749726747e+01,3.046309242345563462e+01,2.657066051117284644e+01,2.906888370749726747e+01,6.281719509815764013e+01,5.546169849544818931e+01,4.393176527297759293e+01,4.512205669071391156e+01,2.784103442456824951e+00
3.201562118716424266e+01,3.008321791298264714e+01,2.594224354214569317e+01,2.758622844826744469e+01,6.198386886924694039e+01,5.635601121442148553e+01,4.534313619501853765e+01,4.554119014694280310e+01,2.779048416325285764e+00
2.941088233970548416e+01,2.906888370749726747e+01,2.193171219946130890e+01,2.830194339616981125e+01,5.913543776789007467e+01,5.742821606144492108e+01,4.534313619501853765e+01,4.652956049652736681e+01,3.030357944029862693e+00
2.765863337187866122e+01,2.844292530665578411e+01,1.835755975068581947e+01,3.157530680769388809e+01,5.000999900019994726e+01,5.020956084253276686e+01,4.386342439892261780e+01,4.751841748206688720e+01,3.350211686570700564e+00
2.961418578992169515e+01,2.983286778035259701e+01,1.835755975068581947e+01,3.178049716414140846e+01,4.900000000000000000e+01,4.816637831516918311e+01,4.386342439892261780e+01,4.716990566028302112e+01,3.281524777228238321e+00
3.036445290137795183e+01,3.059411708155671050e+01,1.749285568453590045e+01,3.255764119219941222e+01,4.901020301937138157e+01,4.816637831516918311e+01,4.527692569068708650e+01,4.816637831516918311e+01,3.324402537969396221e+00
3.269556544854363267e+01,3.157530680769388809e+01,1.612451549659709826e+01,3.224903099319419653e+01,4.709564735726646489e+01,4.459820624195551630e+01,4.527692569068708650e+01,4.809365862564419558e+01,3.392174545337806713e+00
3.201562118716424266e+01,3.080584360149872580e+01,1.923538406167134340e+01,3.337663853655727308e+01,5.100980297942739838e+01,5.024937810560444973e+01,4.527692569068708650e+01,4.809365862564419558e+01,3.307133949751423163e+00
3.238826948140329165e+01,3.162277660168379256e+01,2.059126028197400160e+01,3.275667870831839679e+01,5.100000000000000000e+01,4.951767361255978983e+01,4.534313619501853765e+01,4.704253394535630406e+01,3.245187956508808647e+00
3.701351104664349378e+01,3.420526275297414287e+01,2.140093455903269515e+01,3.101612483854164637e+01,4.901020301937138157e+01,4.810405388322277531e+01,4.534313619501853765e+01,4.604345773288535071e+01,3.055606006077666859e+00
3.501428280002319582e+01,3.301514803843835466e+01,2.126029162546929996e+01,3.162277660168379256e+01,5.100980297942739838e+01,4.949747468305832854e+01,4.534313619501853765e+01,4.604345773288535071e+01,3.088662007703659285e+00
3.705401462729781059e+01,3.280243893371345365e+01,2.080865204668481283e+01,3.101612483854164637e+01,4.904079934095691584e+01,4.738143096192853676e+01,4.468780594300866227e+01,4.504442251822083421e+01,3.049340144097695049e+00
3.505709628591620941e+01,3.383784863137726262e+01,2.126029162546929996e+01,3.162277660168379256e+01,5.003998401278721531e+01,4.879549159502340672e+01,4.609772228646443892e+01,4.501110973970759943e+01,3.102401388778036395e+00
3.605551275463989214e+01,3.522782990761707111e+01,2.280350850198275836e+01,3.132091952673165025e+01,5.200961449578337437e+01,4.949747468305832854e+01,4.622769732530488085e+01,4.600000000000000000e+01,3.114231062728247679e+00
3.600000000000000000e+01,3.342154993413680586e+01,2.202271554554523902e+01,3.036445290137795183e+01,5.103920062069938268e+01,4.810405388322277531e+01,4.622769732530488085e+01,4.501110973970759943e+01,3.067460512929891969e+00
3.701351104664349378e+01,3.538361202590826338e+01,1.910497317454279909e+01,2.823118842698620767e+01,5.003998401278721531e+01,4.738143096192853676e+01,4.750789408087881327e+01,4.701063709417263681e+01,3.035631364183086323e+00
2.807133769523639799e+01,2.973213749463701205e+01,1.886796226411320632e+01,2.973213749463701205e+01,5.003998401278721531e+01,4.669047011971500893e+01,4.701063709417263681e+01,4.509988913511872255e+01,3.166917634578052976e+00
2.282542442102665348e+01,2.942787793912432193e+01,1.843908891458577415e+01,2.900000000000000000e+01,4.901020301937138157e+01,4.220189569201838253e+01,4.390899680020029905e+01,4.627094120503709718e+01,3.518749673517274967e+00
1.843908891458577415e+01,2.765863337187866122e+01,1.529705854077835525e+01,2.816025568065744622e+01,4.704253394535630406e+01,3.807886552931954327e+01,4.085339643163099055e+01,4.726520919238589613e+01,3.838502603135558466e+00
2.080865204668481283e+01,2.920616373302046753e+01,1.612451549659709826e+01,2.973213749463701205e+01,4.627094120503709718e+01,4.016217125604640614e+01,4.085339643163099055e+01,4.825971404805461873e+01,3.804135378265561584e+00
2.247220505424423109e+01,3.182766092567909766e+01,1.649242250247064234e+01,2.952964612046680060e+01,4.638965401897280572e+01,4.143669871020131978e+01,4.110960958218893069e+01,4.539823785126466760e+01,3.953111923629011315e+00
2.202271554554523902e+01,3.605551275463989214e+01,1.920937271229854559e+01,2.549509756796392423e+01,4.341658669218482203e+01,3.956008088970496317e+01,3.929376540877699853e+01,4.242640687119285303e+01,1.974700459080131587e+00
2.300000000000000000e+01,3.551056180912940619e+01,1.910497317454279909e+01,2.475883680627989492e+01,4.356604182158393002e+01,4.123105625617660763e+01,3.883297567789519888e+01,4.130375285612676350e+01,1.955897491956108958e+00
2.601922366251537611e+01,3.640054944640259293e+01,1.910497317454279909e+01,2.475883680627989492e+01,4.257933771208753626e+01,3.981205847478876336e+01,3.785498646149540036e+01,4.229657196511320194e+01,2.000994383181791125e+00
2.617250465660480074e+01,3.679673898594819548e+01,2.000000000000000000e+01,2.475883680627989492e+01,4.130375285612676350e+01,3.785498646149540036e+01,3.748332962798262713e+01,3.931920650267500150e+01,2.088980374268421869e+00
2.927456233660889495e+01,3.820994634908559817e+01,1.843908891458577415e+01,2.343074902771996193e+01,4.044749683231336945e+01,3.863935817272331263e+01,3.748332962798262713e+01,3.931920650267500150e+01,2.138555926309153588e+00
2.745906043549196340e+01,3.538361202590826338e+01,1.910497317454279909e+01,2.193171219946130890e+01,4.229657196511320194e+01,3.863935817272331263e+01,3.820994634908559817e+01,3.931920650267500150e+01,2.129798624183942835e+00
2.765863337187866122e+01,3.764306044943742080e+01,1.843908891458577415e+01,2.163330765278393741e+01,4.130375285612676350e+01,3.748332962798262713e+01,3.820994634908559817e+01,3.945883931389771959e+01,2.188161118715001852e+00
2.844292530665578411e+01,3.905124837953326988e+01,1.780449381476485726e+01,2.247220505424423109e+01,4.119465984809195902e+01,3.649657518178931781e+01,3.820994634908559817e+01,3.945883931389771959e+01,2.179828334588672867e+00
2.668332812825266842e+01,3.753664875824691904e+01,1.920937271229854559e+01,2.302172886644267535e+01,4.210700654285459876e+01,3.667424164178449786e+01,3.820994634908559817e+01,3.931920650267500150e+01,2.153476364919843178e+00
2.692582403567251959e+01,3.764306044943742080e+01,1.920937271229854559e+01,2.247220505424423109e+01,4.219004621945797595e+01,3.667424164178449786e+01,3.721558813185679071e+01,3.931920650267500150e+01,2.177434374984781762e+00
2.789265136196270589e+01,3.764306044943742080e+01,1.843908891458577415e+01,2.247220505424423109e+01,4.219004621945797595e+01,3.667424164178449786e+01,3.721558813185679071e+01,3.931920650267500150e+01,2.177434374984781762e+00
2.789265136196270589e+01,3.764306044943742080e+01,1.843908891458577415e+01,2.247220505424423109e+01,4.219004621945797595e+01,3.687817782917154830e+01,3.721558813185679071e+01,3.832753579347360073e+01,2.177434374984781762e+00
2.692582403567251959e+01,3.623534186398687496e+01,1.860107523773827509e+01,2.302172886644267535e+01,4.110960958218893069e+01,3.569313659514949677e+01,3.721558813185679071e+01,3.832753579347360073e+01,2.200185469225056423e+00
2.816025568065744622e+01,3.720215047547655018e+01,1.860107523773827509e+01,2.247220505424423109e+01,4.110960958218893069e+01,3.551056180912940619e+01,3.721558813185679071e+01,3.931920650267500150e+01,2.226131202691331801e+00
2.973213749463701205e+01,3.689173349139343117e+01,1.860107523773827509e+01,2.247220505424423109e+01,4.104875150354758517e+01,3.471310991541956525e+01,3.721558813185679071e+01,3.832753579347360073e+01,2.261635402596591682e+00
2.879236009777593708e+01,3.661966684720110976e+01,1.941648783894759944e+01,2.385372088375312671e+01,4.104875150354758517e+01,3.471310991541956525e+01,3.721558813185679071e+01,3.832753579347360073e+01,2.261635402596591682e+00
2.973213749463701205e+01,3.689173349139343117e+01,1.860107523773827509e+01,2.247220505424423109e+01,4.104875150354758517e+01,3.569313659514949677e+01,3.721558813185679071e+01,3.820994634908559817e+01,2.261635402596591682e+00
2.816025568065744622e+01,3.720215047547655018e+01,1.860107523773827509e+01,2.247220505424423109e+01,4.104875150354758517e+01,3.471310991541956525e+01,3.721558813185679071e+01,3.832753579347360073e+01,2.213579560621764308e+00
2.973213749463701205e+01,3.689173349139343117e+01,1.860107523773827509e+01,2.247220505424423109e+01,4.104875150354758517e+01,3.471310991541956525e+01,3.721558813185679071e+01,3.832753579347360073e+01,2.261635402596591682e+00
2.846049894151541437e+01,3.661966684720110976e+01,1.886796226411320632e+01,2.385372088375312671e+01,4.104875150354758517e+01,3.452535300326413648e+01,3.721558813185679071e+01,3.931920650267500150e+01,2.261635402596591682e+00
2.941088233970548416e+01,3.744329045369811126e+01,1.802775637731994607e+01,2.332380757938120297e+01,4.104875150354758517e+01,3.471310991541956525e+01,3.721558813185679071e+01,3.832753579347360073e+01,2.261635402596591682e+00
2.941088233970548416e+01,3.744329045369811126e+01,1.802775637731994607e+01,2.332380757938120297e+01,4.104875150354758517e+01,3.452535300326413648e+01,3.721558813185679071e+01,3.931920650267500150e+01,2.261635402596591682e+00
2.941088233970548416e+01,3.744329045369811126e+01,1.886796226411320632e+01,2.385372088375312671e+01,4.101219330881975367e+01,3.452535300326413648e+01,3.721558813185679071e+01,3.920459156782531807e+01,2.249332888819532528e+00
2.801785145224380003e+01,4.252058325093859992e+01,1.838477631085023489e+01,2.220360331117451835e+01,4.210700654285459876e+01,3.687817782917154830e+01,3.612478373637688378e+01,3.712142238654116966e+01,1.955837330566715160e+00
3.101612483854164637e+01,4.177319714841084419e+01,1.780449381476485726e+01,2.126029162546929996e+01,3.920459156782531807e+01,3.733630940518894192e+01,3.712142238654116966e+01,3.721558813185679071e+01,2.001122939917455490e+00
3.080584360149872580e+01,4.243819034784588951e+01,2.000000000000000000e+01,2.163330765278393741e+01,3.981205847478876336e+01,4.001249804748510996e+01,3.700000000000000000e+01,3.832753579347360073e+01,1.926488568174045568e+00
2.816025568065744622e+01,3.982461550347975532e+01,1.860107523773827509e+01,2.247220505424423109e+01,3.733630940518894192e+01,4.328972164382672361e+01,3.712142238654116966e+01,3.765634076752546378e+01,2.027998977543151504e+00
2.720294101747088789e+01,3.801315561749642313e+01,1.972308292331602075e+01,2.102379604162863913e+01,3.733630940518894192e+01,4.229657196511320194e+01,3.712142238654116966e+01,3.785498646149540036e+01,1.965291798442723392e+00
2.607680962081059661e+01,3.929376540877699853e+01,1.838477631085023489e+01,2.024845673131658685e+01,3.807886552931954327e+01,4.455333881989092504e+01,3.832753579347360073e+01,3.807886552931954327e+01,1.807800677295315683e+00
2.968164415931165934e+01,3.929376540877699853e+01,1.897366596101027625e+01,2.137755832643194864e+01,3.671511950137163893e+01,4.368065933568311010e+01,3.569313659514949677e+01,3.860051813123756403e+01,1.869322526398411455e+00
3.080584360149872580e+01,3.905124837953326988e+01,2.088061301782110135e+01,2.200000000000000000e+01,3.687817782917154830e+01,4.204759208325727826e+01,3.453983207834108526e+01,3.758989225842500304e+01,1.993377616054841539e+00
3.244996147917590434e+01,3.785498646149540036e+01,2.039607805437113797e+01,2.302172886644267535e+01,3.701351104664349378e+01,4.188078318274384770e+01,3.176476034853718033e+01,3.801315561749642313e+01,2.115651061364708596e+00
3.138470965295043058e+01,3.613862199918530393e+01,2.088061301782110135e+01,2.402082429892862692e+01,3.807886552931954327e+01,4.522167621838005402e+01,3.224903099319419653e+01,3.764306044943742080e+01,2.263602860384794191e+00
3.001666203960726875e+01,3.640054944640259293e+01,2.061552812808830382e+01,2.402082429892862692e+01,3.981205847478876336e+01,4.393176527297759293e+01,3.264965543462901820e+01,3.753664875824691904e+01,2.421674515115809445e+00
3.176476034853718033e+01,3.889730067755344578e+01,2.102379604162863913e+01,2.517935662402834396e+01,3.757658845611187104e+01,4.313930922024598402e+01,3.405877273185280529e+01,3.905124837953326988e+01,2.498091544796508856e+00
3.130495168499705727e+01,3.862641583165593318e+01,2.247220505424423109e+01,2.202271554554523902e+01,3.956008088970496317e+01,4.609772228646443892e+01,3.546829570193639825e+01,3.580502757993631491e+01,2.509986940304368641e+00
3.275667870831839679e+01,3.640054944640259293e+01,2.088061301782110135e+01,2.408318915758459156e+01,4.079215610874227593e+01,4.525483399593904466e+01,3.748332962798262713e+01,3.769615364994152884e+01,2.576425487905619427e+00
3.224903099319419653e+01,3.668787265568828104e+01,2.118962010041709121e+01,2.402082429892862692e+01,4.019950248448355978e+01,4.750789408087881327e+01,3.959797974644666141e+01,3.889730067755344578e+01,2.681403528823529392e+00
3.176476034853718033e+01,3.511409973215887703e+01,2.247220505424423109e+01,2.418677324489564739e+01,4.200000000000000000e+01,5.099019513592784847e+01,3.959797974644666141e+01,3.736308338453881106e+01,2.736700867304709739e+00
3.443835071544512516e+01,3.676955262170046979e+01,2.308679276123039159e+01,2.418677324489564739e+01,4.000000000000000000e+01,5.315072906367324634e+01,4.384062043356594529e+01,3.710795063055894616e+01,2.781198376918385673e+00
3.008321791298264714e+01,3.383784863137726262e+01,2.529822128134703618e+01,2.517935662402834396e+01,4.328972164382672361e+01,5.403702434442518410e+01,4.110960958218893069e+01,3.649657518178931781e+01,2.845288822280302110e+00
3.354101966249684352e+01,3.605551275463989214e+01,2.213594362117865444e+01,2.507987240796890660e+01,4.609772228646443892e+01,4.701063709417263681e+01,3.894868418830089496e+01,4.110960958218893069e+01,2.972179609700174918e+00
2.941088233970548416e+01,3.401470270338990076e+01,2.507987240796890660e+01,2.402082429892862692e+01,5.197114584074513033e+01,5.021951811795887721e+01,3.801315561749642313e+01,3.911521443121588959e+01,3.016004614045251664e+00
2.961418578992169515e+01,3.220248437620923454e+01,2.549509756796392423e+01,2.600000000000000000e+01,5.162363799656122865e+01,5.122499389946278825e+01,3.935733730830885690e+01,3.712142238654116966e+01,3.071579996431536230e+00
3.420526275297414287e+01,3.671511950137163893e+01,2.325940669922601600e+01,2.507987240796890660e+01,5.315072906367324634e+01,5.249761899362675166e+01,3.623534186398687496e+01,3.512833614050059339e+01,3.089724723046526123e+00
3.420526275297414287e+01,3.773592452822641263e+01,2.280350850198275836e+01,2.745906043549196340e+01,4.809365862564419558e+01,5.093132631298737323e+01,3.944616584663204151e+01,3.300000000000000000e+01,3.118474008028355282e+00
3.275667870831839679e+01,3.721558813185679071e+01,2.332380757938120297e+01,2.549509756796392423e+01,5.108815909777920439e+01,5.445181356024792763e+01,3.827531841800927737e+01,3.313608305156178346e+01,3.043681595475068669e+00
3.132091952673165025e+01,3.000000000000000000e+01,2.765863337187866122e+01,2.473863375370596174e+01,5.514526271584895056e+01,5.381449618829483938e+01,3.858756276314947797e+01,3.501428280002319582e+01,3.354914056854584103e+00
2.475883680627989492e+01,2.247220505424423109e+01,2.523885892824792521e+01,2.500000000000000000e+01,6.100000000000000000e+01,5.661271941887264347e+01,3.911521443121588959e+01,3.600000000000000000e+01,2.682213547962215117e+00
2.267156809750926882e+01,2.360084744241189370e+01,2.459674775249768786e+01,2.690724809414741969e+01,6.020797289396147534e+01,5.556977595779921586e+01,3.801315561749642313e+01,3.405877273185280529e+01,2.732340203463748729e+00
2.831960451701259274e+01,2.751363298439520833e+01,2.118962010041709121e+01,2.580697580112788003e+01,6.378871373526824584e+01,5.011985634456667071e+01,3.801315561749642313e+01,4.110960958218893069e+01,2.614653627957460813e+00
3.124099870362661591e+01,3.008321791298264714e+01,2.247220505424423109e+01,2.561249694973139412e+01,6.306346010171024830e+01,5.015974481593781320e+01,3.920459156782531807e+01,3.931920650267500150e+01,2.706318062834212501e+00
3.201562118716424266e+01,3.132091952673165025e+01,2.247220505424423109e+01,2.640075756488817049e+01,6.306346010171024830e+01,4.976946855251721757e+01,3.841874542459709119e+01,3.931920650267500150e+01,2.723169980184137362e+00
3.361547262794321966e+01,3.417601498127012150e+01,2.284731931759172596e+01,2.690724809414741969e+01,5.578530272392541178e+01,4.924428900898052319e+01,4.045985664828781836e+01,3.765634076752546378e+01,2.773551998449895972e+00
2.941088233970548416e+01,3.244996147917590434e+01,2.332380757938120297e+01,2.580697580112788003e+01,5.727128425310541360e+01,5.110772935672255102e+01,4.220189569201838253e+01,3.721558813185679071e+01,3.344380961045660960e+00
2.716615541441224835e+01,3.041381265149109936e+01,2.360084744241189370e+01,2.731300056749532601e+01,5.707013229352109818e+01,5.215361924162119323e+01,4.220189569201838253e+01,3.733630940518894192e+01,3.183538380186491157e+00
2.302172886644267535e+01,2.865309756378880479e+01,2.334523505985750447e+01,2.596150997149434048e+01,5.930430001273094831e+01,5.603570290448760005e+01,3.966106403010387993e+01,3.535533905932737753e+01,3.030935432415897690e+00
2.002498439450078749e+01,2.624880949681337583e+01,2.523885892824792521e+01,2.617250465660480074e+01,5.921148537234984843e+01,5.661271941887264347e+01,3.860051813123756403e+01,3.667424164178449786e+01,2.874333555433882470e+00
2.334523505985750447e+01,2.879236009777593708e+01,2.469817807045693669e+01,2.607680962081059661e+01,5.903388857258176614e+01,5.860034129593444874e+01,3.720215047547655018e+01,3.471310991541956525e+01,2.867425202470134327e+00
2.844292530665578411e+01,3.312099032335839155e+01,2.580697580112788003e+01,2.716615541441224835e+01,5.807753438292641590e+01,5.800862004909270553e+01,3.640054944640259293e+01,3.395585369269929288e+01,2.911992096372009176e+00
2.886173937932362321e+01,3.443835071544512516e+01,2.441311123146740414e+01,2.729468812791236232e+01,5.622277118748238678e+01,5.800862004909270553e+01,3.982461550347975532e+01,3.492849839314595783e+01,2.880853774127194011e+00
2.000000000000000000e+01,3.114482300479487265e+01,2.340939982143925135e+01,2.716615541441224835e+01,5.400000000000000000e+01,6.030754513325840804e+01,3.969886648255841521e+01,3.517101079013794873e+01,2.544229948987634327e+00
1.216552506059643868e+01,2.102379604162863913e+01,2.418677324489564739e+01,2.500000000000000000e+01,5.360037313302958495e+01,5.700877125495689768e+01,3.940812099047606409e+01,4.130375285612676350e+01,2.578552577963895587e+00
1.341640786499873883e+01,1.526433752247374720e+01,2.745906043549196340e+01,2.624880949681337583e+01,5.223983154643590865e+01,5.560575509783137704e+01,3.883297567789519888e+01,4.060788100849390503e+01,2.714965160462917027e+00
1.303840481040529831e+01,1.360147050873544394e+01,2.647640458974745314e+01,2.529822128134703618e+01,5.108815909777920439e+01,5.403702434442518410e+01,3.883297567789519888e+01,3.962322551231790158e+01,2.717763737402329127e+00
1.300000000000000000e+01,1.526433752247374720e+01,2.647640458974745314e+01,2.624880949681337583e+01,5.223983154643590865e+01,5.263078946776306566e+01,3.605551275463989214e+01,3.945883931389771959e+01,2.703792441024177595e+00
1.204159457879229578e+01,2.102379604162863913e+01,2.549509756796392423e+01,2.647640458974745314e+01,5.333854141237834767e+01,5.481788029466298440e+01,3.605551275463989214e+01,3.962322551231790158e+01,2.645246422988557278e+00
1.400000000000000000e+01,2.184032966784155505e+01,2.668332812825266842e+01,2.647640458974745314e+01,5.423098745182499414e+01,5.390732788777421547e+01,3.744329045369811126e+01,4.031128874149274566e+01,2.674011928193602561e+00
1.334166406412633421e+01,2.404163056034261459e+01,2.549509756796392423e+01,2.549509756796392423e+01,5.433231082882449670e+01,5.456189146281496249e+01,3.661966684720110976e+01,3.931920650267500150e+01,2.589653781785693276e+00
1.878829422805593552e+01,2.807133769523639799e+01,2.451530134426252516e+01,2.433105012119287736e+01,5.458937625582472464e+01,5.622277118748238678e+01,3.744329045369811126e+01,4.031128874149274566e+01,2.652602964922456952e+00
1.838477631085023489e+01,2.716615541441224835e+01,2.549509756796392423e+01,2.549509756796392423e+01,5.458937625582472464e+01,5.544366510251644797e+01,3.883297567789519888e+01,4.110960958218893069e+01,2.657561601966884179e+00
2.024845673131658685e+01,2.801785145224380003e+01,2.549509756796392423e+01,2.531797780234432693e+01,5.445181356024792763e+01,5.544366510251644797e+01,3.966106403010387993e+01,4.110960958218893069e+01,2.698775364625204176e+00
1.824828759089465890e+01,2.280350850198275836e+01,2.773084924772409465e+01,2.400000000000000000e+01,5.423098745182499414e+01,5.467174773134657784e+01,4.022437072223753063e+01,4.219004621945797595e+01,2.967283141349344788e+00
2.906888370749726747e+01,2.745906043549196340e+01,2.617250465660480074e+01,2.416609194718914466e+01,5.103920062069938268e+01,5.024937810560444973e+01,4.201190307520000999e+01,4.341658669218482203e+01,3.413678942261473281e+00
3.052867504494749440e+01,3.088689042296100240e+01,2.360084744241189370e+01,2.475883680627989492e+01,5.277309920783504538e+01,4.686149805543992386e+01,4.263801121065568367e+01,4.341658669218482203e+01,2.802240379494075562e+00
3.244996147917590434e+01,3.269556544854363267e+01,2.195449840010014952e+01,2.561249694973139412e+01,5.481788029466298440e+01,4.579301256742124338e+01,4.110960958218893069e+01,4.159326868617084472e+01,2.781191917714938011e+00
3.301514803843835466e+01,3.324154027718932269e+01,2.147091055358388800e+01,2.580697580112788003e+01,5.408326913195983821e+01,4.517742799230607176e+01,4.242640687119285303e+01,4.197618372363071160e+01,2.801302814353584747e+00
3.190611226708763226e+01,3.269556544854363267e+01,2.193171219946130890e+01,2.701851217221259205e+01,5.314132102234569288e+01,4.517742799230607176e+01,4.103656905736638549e+01,4.148493702538308270e+01,2.848640719433602531e+00
2.968164415931165934e+01,3.087069808086626210e+01,2.376972864800942631e+01,2.758622844826744469e+01,5.478138369920934991e+01,4.561797891182817466e+01,4.318564576337836769e+01,4.341658669218482203e+01,2.885731563630991037e+00
2.830194339616981125e+01,2.954657340538831534e+01,2.529822128134703618e+01,2.831960451701259274e+01,5.385164807134503917e+01,4.561797891182817466e+01,4.318564576337836769e+01,4.244997055358224713e+01,2.887461621462954042e+00
2.683281572999747766e+01,3.088689042296100240e+01,2.529822128134703618e+01,2.831960451701259274e+01,5.408326913195983821e+01,4.741307836451878899e+01,4.318564576337836769e+01,4.244997055358224713e+01,2.926689155223425320e+00
2.594224354214569317e+01,2.915475947422650194e+01,2.563201123595259290e+01,2.842534080710379030e+01,5.408326913195983821e+01,4.606517122512408235e+01,4.386342439892261780e+01,4.295346318982905842e+01,2.934265947410637398e+00
2.683281572999747766e+01,3.001666203960726875e+01,2.469817807045693669e+01,2.765863337187866122e+01,5.408326913195983821e+01,4.606517122512408235e+01,4.386342439892261780e+01,4.295346318982905842e+01,2.934265947410637398e+00
2.683281572999747766e+01,3.001666203960726875e+01,2.469817807045693669e+01,2.765863337187866122e+01,5.502726596879041665e+01,4.606517122512408235e+01,4.313930922024598402e+01,4.295346318982905842e+01,2.934265947410637398e+00
2.683281572999747766e+01,3.001666203960726875e+01,2.469817807045693669e+01,2.765863337187866122e+01,5.502726596879041665e+01,4.606517122512408235e+01,4.313930922024598402e+01,4.295346318982905842e+01,2.934265947410637398e+00
2.402082429892862692e+01,3.130495168499705727e+01,2.051828452868319275e+01,2.683281572999747766e+01,4.876474136094643796e+01,4.382921400162225467e+01,4.384062043356594529e+01,4.257933771208753626e+01,2.969869055977258920e+00
2.729468812791236232e+01,3.649657518178931781e+01,2.024845673131658685e+01,2.531797780234432693e+01,4.295346318982905842e+01,3.982461550347975532e+01,4.177319714841084419e+01,3.794733192202055250e+01,2.531971303887232239e+00
3.244996147917590434e+01,4.002499219237900263e+01,1.838477631085023489e+01,2.531797780234432693e+01,3.847076812334268681e+01,3.606937759374286401e+01,3.969886648255841521e+01,3.640054944640259293e+01,2.539098310976725781e+00
3.264965543462901820e+01,4.143669871020131978e+01,1.897366596101027625e+01,2.507987240796890660e+01,3.721558813185679071e+01,3.465544690232691494e+01,4.123105625617660763e+01,3.605551275463989214e+01,2.462896244415308633e+00
3.465544690232691494e+01,4.310452412450461424e+01,1.941648783894759944e+01,2.501999200639360765e+01,3.807886552931954327e+01,3.538361202590826338e+01,4.140048308896890461e+01,3.605551275463989214e+01,2.374374305265323226e+00
3.546829570193639825e+01,4.301162633521313694e+01,2.009975124224177989e+01,2.433105012119287736e+01,3.577708763999663688e+01,3.440930106817050671e+01,4.080441152620633005e+01,3.764306044943742080e+01,2.354378786332022244e+00
3.640054944640259293e+01,4.401136216933077350e+01,2.102379604162863913e+01,2.473863375370596174e+01,3.667424164178449786e+01,3.500000000000000000e+01,4.080441152620633005e+01,3.764306044943742080e+01,2.291781557425298210e+00
3.482814953453599571e+01,4.300000000000000000e+01,2.102379604162863913e+01,2.353720459187963954e+01,3.667424164178449786e+01,3.500000000000000000e+01,4.080441152620633005e+01,3.764306044943742080e+01,2.307485285192280244e+00
3.482814953453599571e+01,4.401136216933077350e+01,2.109502310972898798e+01,2.334523505985750447e+01,3.712142238654116966e+01,3.420526275297414287e+01,4.022437072223753063e+01,3.668787265568828104e+01,2.312743594800814151e+00
3.405877273185280529e+01,4.301162633521313694e+01,2.121320343559642652e+01,2.433105012119287736e+01,3.623534186398687496e+01,3.360059523282288296e+01,4.080441152620633005e+01,3.764306044943742080e+01,2.337948340127756097e+00
3.560898762952971452e+01,4.401136216933077350e+01,2.009975124224177989e+01,2.334523505985750447e+01,3.667424164178449786e+01,3.420526275297414287e+01,3.940812099047606409e+01,3.668787265568828104e+01,2.312743594800814151e+00
3.560898762952971452e+01,4.401136216933077350e+01,2.022374841615668473e+01,2.433105012119287736e+01,3.577708763999663688e+01,3.360059523282288296e+01,4.000000000000000000e+01,3.764306044943742080e+01,2.329271015403534761e+00
3.560898762952971452e+01,4.401136216933077350e+01,2.022374841615668473e+01,2.433105012119287736e+01,3.577708763999663688e+01,3.360059523282288296e+01,4.000000000000000000e+01,3.764306044943742080e+01,2.329271015403534761e+00
3.560898762952971452e+01,4.401136216933077350e+01,2.009975124224177989e+01,2.334523505985750447e+01,3.623534186398687496e+01,3.420526275297414287e+01,4.080441152620633005e+01,3.668787265568828104e+01,2.312743594800814151e+00
3.560898762952971452e+01,4.401136216933077350e+01,2.009975124224177989e+01,2.334523505985750447e+01,3.623534186398687496e+01,3.420526275297414287e+01,4.080441152620633005e+01,3.668787265568828104e+01,2.312743594800814151e+00
3.560898762952971452e+01,4.400000000000000000e+01,2.102379604162863913e+01,2.353720459187963954e+01,3.577708763999663688e+01,3.420526275297414287e+01,4.000000000000000000e+01,3.668787265568828104e+01,2.287955284763514729e+00
3.420526275297414287e+01,4.104875150354758517e+01,2.100000000000000000e+01,2.404163056034261459e+01,3.577708763999663688e+01,3.500000000000000000e+01,4.000000000000000000e+01,3.700000000000000000e+01,2.261506427397395047e+00
3.535533905932737753e+01,4.295346318982905842e+01,2.121320343559642652e+01,2.507987240796890660e+01,3.546829570193639825e+01,3.661966684720110976e+01,3.860051813123756403e+01,3.700000000000000000e+01,2.144789339081357049e+00
2.879236009777593708e+01,3.757658845611187104e+01,2.529822128134703618e+01,2.475883680627989492e+01,3.436568055487916240e+01,4.024922359499621649e+01,3.827531841800927737e+01,3.807886552931954327e+01,2.066340397279060159e+00
2.692582403567251959e+01,3.443835071544512516e+01,2.416609194718914466e+01,2.193171219946130890e+01,3.413209633175202384e+01,4.114608122288196768e+01,3.773592452822641263e+01,3.687817782917154830e+01,2.063632723788497270e+00
2.720294101747088789e+01,3.361547262794321966e+01,2.459674775249768786e+01,2.360084744241189370e+01,3.214031735997639316e+01,4.396589587396121601e+01,3.894868418830089496e+01,3.832753579347360073e+01,2.136006942600433778e+00
2.844292530665578411e+01,3.140063693621516450e+01,2.385372088375312671e+01,2.549509756796392423e+01,3.101612483854164637e+01,4.837354648979129479e+01,4.143669871020131978e+01,3.705401462729781059e+01,2.266172968688480172e+00
2.942787793912432193e+01,2.906888370749726747e+01,2.343074902771996193e+01,2.657066051117284644e+01,3.162277660168379256e+01,5.100980297942739838e+01,4.176122603564220270e+01,3.765634076752546378e+01,2.351950033507899995e+00
2.668332812825266842e+01,2.780287754891568852e+01,2.360084744241189370e+01,2.469817807045693669e+01,3.538361202590826338e+01,5.500000000000000000e+01,4.275511665286389729e+01,3.573513677041127323e+01,2.489957809282273171e+00
3.008321791298264714e+01,2.801785145224380003e+01,2.267156809750926882e+01,2.469817807045693669e+01,3.905124837953326988e+01,5.408326913195983821e+01,4.219004621945797595e+01,3.671511950137163893e+01,2.607678593622490659e+00
2.816025568065744622e+01,2.969848480983499428e+01,2.262741699796952233e+01,2.435159132377184221e+01,4.188078318274384770e+01,5.393514624064719953e+01,4.101219330881975367e+01,3.940812099047606409e+01,2.572539332919307142e+00
2.801785145224380003e+01,2.780287754891568852e+01,2.109502310972898798e+01,2.220360331117451835e+01,4.024922359499621649e+01,4.569463863518345192e+01,4.002499219237900263e+01,4.263801121065568367e+01,2.568825031716891694e+00
2.707397274136176790e+01,2.549509756796392423e+01,2.340939982143925135e+01,2.402082429892862692e+01,3.716180835212409050e+01,4.429446918070020445e+01,4.002499219237900263e+01,4.341658669218482203e+01,2.458511453565858318e+00
2.816025568065744622e+01,2.549509756796392423e+01,2.451530134426252516e+01,2.236067977499789805e+01,3.700000000000000000e+01,4.356604182158393002e+01,3.929376540877699853e+01,4.382921400162225467e+01,2.428472734208644290e+00
3.080584360149872580e+01,2.692582403567251959e+01,2.308679276123039159e+01,2.256102834535695578e+01,3.785498646149540036e+01,4.500000000000000000e+01,3.984971769034255118e+01,4.527692569068708650e+01,2.441724224187291181e+00
3.080584360149872580e+01,2.469817807045693669e+01,2.100000000000000000e+01,2.158703314492290204e+01,3.905124837953326988e+01,4.808326112068522917e+01,4.071854614300466579e+01,4.609772228646443892e+01,2.585527510880725188e+00
3.352610922848042208e+01,2.692582403567251959e+01,2.202271554554523902e+01,2.213594362117865444e+01,3.905124837953326988e+01,4.810405388322277531e+01,3.981205847478876336e+01,4.386342439892261780e+01,2.537718367050435742e+00
3.383784863137726262e+01,2.751363298439520833e+01,2.202271554554523902e+01,2.308679276123039159e+01,4.001249804748510996e+01,4.891829923454003648e+01,3.801315561749642313e+01,4.143669871020131978e+01,2.638230837755748404e+00
3.298484500494128469e+01,2.469817807045693669e+01,2.501999200639360765e+01,2.416609194718914466e+01,4.242640687119285303e+01,5.131276644266999654e+01,4.036087214122112954e+01,4.512205669071391156e+01,2.754716935858765314e+00
3.036445290137795183e+01,2.657066051117284644e+01,2.302172886644267535e+01,2.213594362117865444e+01,4.414748010928823163e+01,5.060632371551997721e+01,4.036087214122112954e+01,4.517742799230607176e+01,2.843093722003613877e+00
3.324154027718932269e+01,2.731300056749532601e+01,2.300000000000000000e+01,2.213594362117865444e+01,4.535416188179426911e+01,4.939635614091387339e+01,3.962322551231790158e+01,4.504442251822083421e+01,2.869252399601383896e+00
2.801785145224380003e+01,2.332380757938120297e+01,2.500000000000000000e+01,2.319482700948640286e+01,4.657252408878007088e+01,5.147815070493500400e+01,4.110960958218893069e+01,4.704253394535630406e+01,3.098586983131123684e+00
2.716615541441224835e+01,2.163330765278393741e+01,2.692582403567251959e+01,2.531797780234432693e+01,5.021951811795887721e+01,4.527692569068708650e+01,3.883297567789519888e+01,4.816637831516918311e+01,3.149708904141098387e+00
2.473863375370596174e+01,1.788854381999831844e+01,2.823118842698620767e+01,2.729468812791236232e+01,4.933558553417604031e+01,4.606517122512408235e+01,4.049691346263317371e+01,4.866210024238575471e+01,3.239948779490344322e+00
1.720465053408525335e+01,1.400000000000000000e+01,2.778488797889960793e+01,2.800000000000000000e+01,5.263078946776306566e+01,4.750789408087881327e+01,4.081666326391709987e+01,4.850773134253961416e+01,3.265947648136554360e+00
1.702938636592640265e+01,1.303840481040529831e+01,2.830194339616981125e+01,2.700000000000000000e+01,5.261178575186362139e+01,4.743416490252568707e+01,4.188078318274384770e+01,4.816637831516918311e+01,3.227503271932207873e+00
1.886796226411320632e+01,1.456021977856103611e+01,2.778488797889960793e+01,2.600000000000000000e+01,5.346026561849463832e+01,4.720169488482378739e+01,4.188078318274384770e+01,4.816637831516918311e+01,3.209826865435378540e+00
1.886796226411320632e+01,1.431782106327635340e+01,3.001666203960726875e+01,2.807133769523639799e+01,5.458937625582472464e+01,4.860041152089146976e+01,4.049691346263317371e+01,4.709564735726646489e+01,3.169986605775212851e+00
1.640121946685672683e+01,1.204159457879229578e+01,2.778488797889960793e+01,2.501999200639360765e+01,5.445181356024792763e+01,4.981967482832460092e+01,4.022437072223753063e+01,4.601086828130936368e+01,3.190940668553496451e+00
1.486606874731850603e+01,1.315294643796590535e+01,2.778488797889960793e+01,2.600000000000000000e+01,5.433231082882449670e+01,4.967896939349688523e+01,3.920459156782531807e+01,4.601086828130936368e+01,3.088095087293234009e+00
1.746424919657297892e+01,1.603121954188139853e+01,2.773084924772409465e+01,2.906888370749726747e+01,5.246903848937962067e+01,4.860041152089146976e+01,3.940812099047606409e+01,4.600000000000000000e+01,3.049774465748762431e+00
2.088061301782110135e+01,2.220360331117451835e+01,2.500000000000000000e+01,2.469817807045693669e+01,5.099019513592784847e+01,4.825971404805461873e+01,4.081666326391709987e+01,4.428317965096906050e+01,2.708666871714379365e+00
2.193171219946130890e+01,2.213594362117865444e+01,2.517935662402834396e+01,2.729468812791236232e+01,4.609772228646443892e+01,4.341658669218482203e+01,3.982461550347975532e+01,4.356604182158393002e+01,2.647264137960944286e+00
2.284731931759172596e+01,2.061552812808830382e+01,2.517935662402834396e+01,2.692582403567251959e+01,4.464302857109942835e+01,4.428317965096906050e+01,3.847076812334268681e+01,4.242640687119285303e+01,2.703814462466767488e+00
2.459674775249768786e+01,2.334523505985750447e+01,2.531797780234432693e+01,2.555386467836127551e+01,4.368065933568311010e+01,4.346262762420145975e+01,3.935733730830885690e+01,4.356604182158393002e+01,2.698939334890459563e+00
2.549509756796392423e+01,2.236067977499789805e+01,2.473863375370596174e+01,2.469817807045693669e+01,4.341658669218482203e+01,4.401136216933077350e+01,3.939543120718441571e+01,4.242640687119285303e+01,2.703967199527790299e+00
2.500000000000000000e+01,2.340939982143925135e+01,2.370653918225939449e+01,2.202271554554523902e+01,4.317406628984580408e+01,4.237924020083418242e+01,3.900000000000000000e+01,4.341658669218482203e+01,2.494780298620304926e+00
2.523885892824792521e+01,1.969771560359220786e+01,2.247220505424423109e+01,2.267156809750926882e+01,3.832753579347360073e+01,3.981205847478876336e+01,3.668787265568828104e+01,4.044749683231336945e+01,2.590199656908016124e+00
2.624880949681337583e+01,2.102379604162863913e+01,2.193171219946130890e+01,1.979898987322333070e+01,3.710795063055894616e+01,3.901281840626231912e+01,3.945883931389771959e+01,4.197618372363071160e+01,2.573134081975303022e+00
2.765863337187866122e+01,2.213594362117865444e+01,2.061552812808830382e+01,1.984943324127920761e+01,3.492849839314595783e+01,3.801315561749642313e+01,4.019950248448355978e+01,4.026164427839479032e+01,2.703044375109052933e+00
2.483948469674844262e+01,2.385372088375312671e+01,1.979898987322333070e+01,1.984943324127920761e+01,3.255764119219941222e+01,3.905124837953326988e+01,3.931920650267500150e+01,3.945883931389771959e+01,2.513979708226018239e+00
2.500000000000000000e+01,2.080865204668481283e+01,2.280350850198275836e+01,1.923538406167134340e+01,3.448187929913333249e+01,3.847076812334268681e+01,3.905124837953326988e+01,4.244997055358224713e+01,2.433335794079230840e+00
2.469817807045693669e+01,2.302172886644267535e+01,2.202271554554523902e+01,1.835755975068581947e+01,3.310589071449369669e+01,4.002499219237900263e+01,3.811823710509183627e+01,4.396589587396121601e+01,2.462316758291260843e+00
2.360084744241189370e+01,2.080865204668481283e+01,2.061552812808830382e+01,1.802775637731994607e+01,3.000000000000000000e+01,4.219004621945797595e+01,4.060788100849390503e+01,4.477722635447621968e+01,2.794056108421239415e+00
2.441311123146740414e+01,2.080865204668481283e+01,1.886796226411320632e+01,1.640121946685672683e+01,3.061045573002793319e+01,3.606937759374286401e+01,3.956008088970496317e+01,4.750789408087881327e+01,2.993240109195973275e+00
2.594224354214569317e+01,2.051828452868319275e+01,2.012461179749810825e+01,1.878829422805593552e+01,2.801785145224380003e+01,3.383784863137726262e+01,4.024922359499621649e+01,4.770744176750625343e+01,3.293055273681370299e+00
2.433105012119287736e+01,2.370653918225939449e+01,2.184032966784155505e+01,1.941648783894759944e+01,2.580697580112788003e+01,3.176476034853718033e+01,4.356604182158393002e+01,4.742362280551750331e+01,3.520075486738584836e+00
2.137755832643194864e+01,1.897366596101027625e+01,2.061552812808830382e+01,2.009975124224177989e+01,2.505992817228333536e+01,3.401470270338990076e+01,4.272001872658765365e+01,4.833218389437828932e+01,3.505818523674665954e+00
2.039607805437113797e+01,1.843908891458577415e+01,2.137755832643194864e+01,2.002498439450078749e+01,2.459674775249768786e+01,3.401470270338990076e+01,4.134005321718877468e+01,4.742362280551750331e+01,3.567250685071768679e+00
1.700000000000000000e+01,1.746424919657297892e+01,2.000000000000000000e+01,2.121320343559642652e+01,3.138470965295043058e+01,3.373425558686599857e+01,4.176122603564220270e+01,5.220153254455274805e+01,3.746181413741267008e+00
1.513274595042155646e+01,1.700000000000000000e+01,2.302172886644267535e+01,2.416609194718914466e+01,3.275667870831839679e+01,2.789265136196270589e+01,4.850773134253961416e+01,3.818376618407356915e+01,3.847195006456973765e+00
1.811077027627483460e+01,1.772004514666934938e+01,2.308679276123039159e+01,2.247220505424423109e+01,3.352610922848042208e+01,2.701851217221259205e+01,4.428317965096906050e+01,3.889730067755344578e+01,3.679428180283221828e+00
1.802775637731994607e+01,1.581138830084189628e+01,2.402082429892862692e+01,2.416609194718914466e+01,3.733630940518894192e+01,2.915475947422650194e+01,4.301162633521313694e+01,3.982461550347975532e+01,3.445573376615374883e+00
1.726267650163206824e+01,1.655294535724684835e+01,2.319482700948640286e+01,2.370653918225939449e+01,3.800000000000000000e+01,3.162277660168379256e+01,4.780167361086847677e+01,4.401136216933077350e+01,3.381548637116434719e+00
1.902629759044044633e+01,1.236931687685298087e+01,2.308679276123039159e+01,2.236067977499789805e+01,3.801315561749642313e+01,3.101612483854164637e+01,4.588027898781784586e+01,4.308131845707602992e+01,3.206683401809074407e+00
1.824828759089465890e+01,1.303840481040529831e+01,2.200000000000000000e+01,1.992485884517127559e+01,3.805259518088089266e+01,2.912043955712207222e+01,4.491102314577123877e+01,4.295346318982905842e+01,3.157860828985957102e+00
1.964688270438849926e+01,1.216552506059643868e+01,2.308679276123039159e+01,1.992485884517127559e+01,3.705401462729781059e+01,2.844292530665578411e+01,4.440720662234903671e+01,4.204759208325727826e+01,3.098515869666031541e+00
2.473863375370596174e+01,1.392838827718411920e+01,2.418677324489564739e+01,2.256102834535695578e+01,3.931920650267500150e+01,2.961418578992169515e+01,4.356604182158393002e+01,4.428317965096906050e+01,2.965470479763973710e+00
2.529822128134703618e+01,1.341640786499873883e+01,2.531797780234432693e+01,2.256102834535695578e+01,3.920459156782531807e+01,2.886173937932362321e+01,4.373785545725807822e+01,4.428317965096906050e+01,2.901849544719336649e+00
2.780287754891568852e+01,1.166190378969060149e+01,2.683281572999747766e+01,2.402082429892862692e+01,3.883297567789519888e+01,3.201562118716424266e+01,4.148493702538308270e+01,4.438468204234429493e+01,2.548930794299566926e+00
3.000000000000000000e+01,1.208304597359457233e+01,2.641968962724581260e+01,2.600000000000000000e+01,4.016217125604640614e+01,4.002499219237900263e+01,4.272001872658765365e+01,4.632493928760187885e+01,2.528958522166501410e+00
2.765863337187866122e+01,1.341640786499873883e+01,2.662705391138869615e+01,2.408318915758459156e+01,4.477722635447621968e+01,4.368065933568311010e+01,4.176122603564220270e+01,4.729693436154187225e+01,2.511866327140767297e+00
2.920616373302046753e+01,1.303840481040529831e+01,2.745906043549196340e+01,2.707397274136176790e+01,4.904079934095691584e+01,4.846648326421053810e+01,4.162931659299729859e+01,4.609772228646443892e+01,2.554714908960370678e+00
2.801785145224380003e+01,1.720465053408525335e+01,2.801785145224380003e+01,2.517935662402834396e+01,5.345091205957106695e+01,4.438468204234429493e+01,4.148493702538308270e+01,4.743416490252568707e+01,2.584594361534054308e+00
3.052867504494749440e+01,1.500000000000000000e+01,2.731300056749532601e+01,2.500000000000000000e+01,5.787054518492114852e+01,4.741307836451878899e+01,4.016217125604640614e+01,4.808326112068522917e+01,2.691277587883132760e+00
2.969848480983499428e+01,1.208304597359457233e+01,2.778488797889960793e+01,2.408318915758459156e+01,6.168468205316454345e+01,4.887739763939974580e+01,3.640054944640259293e+01,4.780167361086847677e+01,2.568007900933789944e+00
2.973213749463701205e+01,1.476482306023340030e+01,2.692582403567251959e+01,2.334523505985750447e+01,6.209669878504009688e+01,4.964876634922563881e+01,3.584689665786984136e+01,4.669047011971500893e+01,2.639856271758200368e+00
3.080584360149872580e+01,1.334166406412633421e+01,2.906888370749726747e+01,2.473863375370596174e+01,5.943904440685432178e+01,4.860041152089146976e+01,3.535533905932737753e+01,4.627094120503709718e+01,2.530130667405114941e+00
3.162277660168379256e+01,1.414213562373095101e+01,2.831960451701259274e+01,2.404163056034261459e+01,6.118823416311342100e+01,4.763402145525821396e+01,3.535533905932737753e+01,4.738143096192853676e+01,2.497970067634812885e+00
3.106444913401813324e+01,1.414213562373095101e+01,2.900000000000000000e+01,2.404163056034261459e+01,6.001666435249462950e+01,4.763402145525821396e+01,3.584689665786984136e+01,4.726520919238589613e+01,2.507924489956694813e+00
2.906888370749726747e+01,1.170469991071962568e+01,2.969848480983499428e+01,2.469817807045693669e+01,6.020797289396147534e+01,4.763402145525821396e+01,3.577708763999663688e+01,4.554119014694280310e+01,2.465022508849070260e+00
2.773084924772409465e+01,1.029563014098700080e+01,2.906888370749726747e+01,2.340939982143925135e+01,6.020797289396147534e+01,4.640043103248072498e+01,3.624913792078371699e+01,4.669047011971500893e+01,2.498758853958227277e+00
2.692582403567251959e+01,1.166190378969060149e+01,2.842534080710379030e+01,2.308679276123039159e+01,5.903388857258176614e+01,4.560701700396551672e+01,3.667424164178449786e+01,4.669047011971500893e+01,2.573917362554793975e+00
2.555386467836127551e+01,9.219544457292887074e+00,2.780287754891568852e+01,2.376972864800942631e+01,5.707013229352109818e+01,4.440720662234903671e+01,3.716180835212409050e+01,4.589117562233506220e+01,2.576688251559016596e+00
2.441311123146740414e+01,1.140175425099137918e+01,2.830194339616981125e+01,2.256102834535695578e+01,5.629387178015027615e+01,4.382921400162225467e+01,3.624913792078371699e+01,4.589117562233506220e+01,2.707321348066353828e+00
2.745906043549196340e+01,1.044030650891055068e+01,2.780287754891568852e+01,2.236067977499789805e+01,5.651548460377916427e+01,4.382921400162225467e+01,3.624913792078371699e+01,4.609772228646443892e+01,2.528972636354625436e+00
2.720294101747088789e+01,1.077032961426900748e+01,2.640075756488817049e+01,2.256102834535695578e+01,5.748912940721923803e+01,4.522167621838005402e+01,3.624913792078371699e+01,4.589117562233506220e+01,2.535464218889432964e+00
2.720294101747088789e+01,1.118033988749894903e+01,2.701851217221259205e+01,2.376972864800942631e+01,5.608921464952063474e+01,4.465422712353221613e+01,3.757658845611187104e+01,4.669047011971500893e+01,2.546394491640241675e+00
2.765863337187866122e+01,1.341640786499873883e+01,2.640075756488817049e+01,2.280350850198275836e+01,5.707013229352109818e+01,4.522167621838005402e+01,3.757658845611187104e+01,4.669047011971500893e+01,2.582993338246230675e+00
2.701851217221259205e+01,1.300000000000000000e+01,2.701851217221259205e+01,2.256102834535695578e+01,5.707013229352109818e+01,4.522167621838005402e+01,3.757658845611187104e+01,4.669047011971500893e+01,2.582993338246230675e+00
2.780287754891568852e+01,1.300000000000000000e+01,2.624880949681337583e+01,2.308679276123039159e+01,5.727128425310541360e+01,4.522167621838005402e+01,3.757658845611187104e+01,4.687216658103186262e+01,2.514312283143030236e+00
2.780287754891568852e+01,1.300000000000000000e+01,2.624880949681337583e+01,2.308679276123039159e+01,5.727128425310541360e+01,4.522167621838005402e+01,3.757658845611187104e+01,4.687216658103186262e+01,2.514312283143030236e+00
2.780287754891568852e+01,1.300000000000000000e+01,2.624880949681337583e+01,2.308679276123039159e+01,5.727128425310541360e+01,4.522167621838005402e+01,3.757658845611187104e+01,4.687216658103186262e+01,2.514312283143030236e+00
2.780287754891568852e+01,1.300000000000000000e+01,2.624880949681337583e+01,2.308679276123039159e+01,5.727128425310541360e+01,4.522167621838005402e+01,3.757658845611187104e+01,4.687216658103186262e+01,2.514312283143030236e+00
2.865309756378880479e+01,1.140175425099137918e+01,2.765863337187866122e+01,2.213594362117865444e+01,5.727128425310541360e+01,4.522167621838005402e+01,3.757658845611187104e+01,4.687216658103186262e+01,2.448713111311991764e+00
3.138470965295043058e+01,1.600000000000000000e+01,2.687005768508880621e+01,2.061552812808830382e+01,5.295280917949490629e+01,4.134005321718877468e+01,3.862641583165593318e+01,4.535416188179426911e+01,2.308192177847738780e+00
3.401470270338990076e+01,1.746424919657297892e+01,2.580697580112788003e+01,2.163330765278393741e+01,5.360037313302958495e+01,4.188078318274384770e+01,4.143669871020131978e+01,4.560701700396551672e+01,2.101087661087902347e+00
3.401470270338990076e+01,1.941648783894759944e+01,2.594224354214569317e+01,2.343074902771996193e+01,5.423098745182499414e+01,4.140048308896890461e+01,4.143669871020131978e+01,4.438468204234429493e+01,2.092887940623183951e+00
3.517101079013794873e+01,1.969771560359220786e+01,2.751363298439520833e+01,2.404163056034261459e+01,5.500909015790026757e+01,4.036087214122112954e+01,4.031128874149274566e+01,4.472135954999579610e+01,2.029924922012744659e+00
3.420526275297414287e+01,1.931320791582796659e+01,2.624880949681337583e+01,2.408318915758459156e+01,5.900000000000000000e+01,4.244997055358224713e+01,3.807886552931954327e+01,4.341658669218482203e+01,2.065776768408927655e+00
3.492849839314595783e+01,2.308679276123039159e+01,2.657066051117284644e+01,2.334523505985750447e+01,5.700000000000000000e+01,4.103656905736638549e+01,3.757658845611187104e+01,4.341658669218482203e+01,2.172871793563019516e+00
3.488552708502481892e+01,2.353720459187963954e+01,2.731300056749532601e+01,2.343074902771996193e+01,5.500000000000000000e+01,3.959797974644666141e+01,3.801315561749642313e+01,4.440720662234903671e+01,2.246569171653302277e+00
3.448187929913333249e+01,2.451530134426252516e+01,2.692582403567251959e+01,2.343074902771996193e+01,5.500000000000000000e+01,4.031128874149274566e+01,3.891015291668743714e+01,4.440720662234903671e+01,2.244698554126627332e+00
3.448187929913333249e+01,2.549509756796392423e+01,2.692582403567251959e+01,2.267156809750926882e+01,5.500909015790026757e+01,4.031128874149274566e+01,3.801315561749642313e+01,4.440720662234903671e+01,2.244698554126627332e+00
3.448187929913333249e+01,2.451530134426252516e+01,2.692582403567251959e+01,2.343074902771996193e+01,5.500000000000000000e+01,4.031128874149274566e+01,3.891015291668743714e+01,4.440720662234903671e+01,2.244698554126627332e+00
3.488552708502481892e+01,2.376972864800942631e+01,2.692582403567251959e+01,2.343074902771996193e+01,5.500909015790026757e+01,4.031128874149274566e+01,3.801315561749642313e+01,4.440720662234903671e+01,2.215761722192811423e+00
3.488552708502481892e+01,2.473863375370596174e+01,2.692582403567251959e+01,2.267156809750926882e+01,5.500909015790026757e+01,4.031128874149274566e+01,3.801315561749642313e+01,4.440720662234903671e+01,2.215761722192811423e+00
3.488552708502481892e+01,2.473863375370596174e+01,2.692582403567251959e+01,2.267156809750926882e+01,5.500909015790026757e+01,4.031128874149274566e+01,3.891015291668743714e+01,4.455333881989092504e+01,2.204589002754071991e+00
3.488552708502481892e+01,2.376972864800942631e+01,2.692582403567251959e+01,2.343074902771996193e+01,5.500909015790026757e+01,4.031128874149274566e+01,3.891015291668743714e+01,4.455333881989092504e+01,2.204589002754071991e+00
3.488552708502481892e+01,2.473863375370596174e+01,2.692582403567251959e+01,2.267156809750926882e+01,5.500909015790026757e+01,4.031128874149274566e+01,3.891015291668743714e+01,4.455333881989092504e+01,2.204589002754071991e+00
3.488552708502481892e+01,2.473863375370596174e+01,2.692582403567251959e+01,2.267156809750926882e+01,5.500909015790026757e+01,4.031128874149274566e+01,3.891015291668743714e+01,4.455333881989092504e+01,2.204589002754071991e+00
3.400000000000000000e+01,2.451530134426252516e+01,2.692582403567251959e+01,2.267156809750926882e+01,5.500909015790026757e+01,4.031128874149274566e+01,3.801315561749642313e+01,4.440720662234903671e+01,2.235273762506216233e+00
3.400000000000000000e+01,2.451530134426252516e+01,2.692582403567251959e+01,2.267156809750926882e+01,5.500909015790026757e+01,4.031128874149274566e+01,3.801315561749642313e+01,4.440720662234903671e+01,2.235273762506216233e+00
3.488552708502481892e+01,2.451530134426252516e+01,2.731300056749532601e+01,2.267156809750926882e+01,5.500000000000000000e+01,3.959797974644666141e+01,3.801315561749642313e+01,4.440720662234903671e+01,2.246569171653302277e+00
3.488552708502481892e+01,2.451530134426252516e+01,2.731300056749532601e+01,2.267156809750926882e+01,5.500909015790026757e+01,4.031128874149274566e+01,3.801315561749642313e+01,4.440720662234903671e+01,2.235273762506216233e+00
3.488552708502481892e+01,2.473863375370596174e+01,2.692582403567251959e+01,2.267156809750926882e+01,5.500909015790026757e+01,4.031128874149274566e+01,3.801315561749642313e+01,4.440720662234903671e+01,2.215761722192811423e+00
3.400000000000000000e+01,2.451530134426252516e+01,2.692582403567251959e+01,2.267156809750926882e+01,5.500909015790026757e+01,4.031128874149274566e+01,3.891015291668743714e+01,4.455333881989092504e+01,2.224101043067476802e+00
3.400000000000000000e+01,2.433105012119287736e+01,2.731300056749532601e+01,2.267156809750926882e+01,5.500000000000000000e+01,3.959797974644666141e+01,3.891015291668743714e+01,4.455333881989092504e+01,2.255164394633829783e+00
3.400000000000000000e+01,2.451530134426252516e+01,2.692582403567251959e+01,2.267156809750926882e+01,5.500909015790026757e+01,4.031128874149274566e+01,3.891015291668743714e+01,4.455333881989092504e+01,2.224101043067476802e+00
3.400000000000000000e+01,2.451530134426252516e+01,2.692582403567251959e+01,2.267156809750926882e+01,5.500909015790026757e+01,4.031128874149274566e+01,3.801315561749642313e+01,4.440720662234903671e+01,2.235273762506216233e+00
3.400000000000000000e+01,2.451530134426252516e+01,2.731300056749532601e+01,2.202271554554523902e+01,5.500000000000000000e+01,3.959797974644666141e+01,3.801315561749642313e+01,4.440720662234903671e+01,2.266459803780915827e+00
2.758622844826744469e+01,1.931320791582796659e+01,2.343074902771996193e+01,2.247220505424423109e+01,5.403702434442518410e+01,3.889730067755344578e+01,3.939543120718441571e+01,4.341658669218482203e+01,2.555117349351049505e+00
2.109502310972898798e+01,1.360147050873544394e+01,2.325940669922601600e+01,2.418677324489564739e+01,4.825971404805461873e+01,3.944616584663204151e+01,3.992492955535426091e+01,4.373785545725807822e+01,2.896613990462928889e+00
1.992485884517127559e+01,1.503329637837290811e+01,2.256102834535695578e+01,2.302172886644267535e+01,4.738143096192853676e+01,4.070626487409523975e+01,3.900000000000000000e+01,4.341658669218482203e+01,3.134185381658628256e+00
2.009975124224177989e+01,1.700000000000000000e+01,2.400000000000000000e+01,2.061552812808830382e+01,3.601388621073821383e+01,4.517742799230607176e+01,4.404543109109047805e+01,4.328972164382672361e+01,3.474133107116930574e+00
2.000000000000000000e+01,1.702938636592640265e+01,2.500000000000000000e+01,2.247220505424423109e+01,3.337663853655727308e+01,4.875448697299562184e+01,4.393176527297759293e+01,4.143669871020131978e+01,3.487794855484552592e+00
2.200000000000000000e+01,1.702938636592640265e+01,2.600000000000000000e+01,2.284731931759172596e+01,3.590264614203248072e+01,5.056678751908212632e+01,4.420407221060068537e+01,4.110960958218893069e+01,3.403749162499720260e+00
2.121320343559642652e+01,1.627882059609970611e+01,2.507987240796890660e+01,2.088061301782110135e+01,3.921734310225515685e+01,4.368065933568311010e+01,4.338202392696772591e+01,4.512205669071391156e+01,3.156394204137003889e+00
2.088061301782110135e+01,1.303840481040529831e+01,2.418677324489564739e+01,2.256102834535695578e+01,4.695742752749558235e+01,4.617358552246078318e+01,4.049691346263317371e+01,4.459820624195551630e+01,2.994159611728277159e+00
2.024845673131658685e+01,1.100000000000000000e+01,2.647640458974745314e+01,2.236067977499789805e+01,5.456189146281496249e+01,5.032891812864647818e+01,3.860051813123756403e+01,4.427188724235730888e+01,2.946349109011230816e+00
2.469817807045693669e+01,1.341640786499873883e+01,2.844292530665578411e+01,2.308679276123039159e+01,5.590169943749474157e+01,5.292447448959696743e+01,3.794733192202055250e+01,4.368065933568311010e+01,2.960523533669769058e+00
2.529822128134703618e+01,1.615549442140351033e+01,2.828427124746190202e+01,2.256102834535695578e+01,5.780138406647370175e+01,5.700877125495689768e+01,3.794733192202055250e+01,4.272001872658765365e+01,2.952826321170215707e+00
2.376972864800942631e+01,1.581138830084189628e+01,3.014962686336266984e+01,2.284731931759172596e+01,5.608029957123981291e+01,5.442425929675111007e+01,3.827531841800927737e+01,4.427188724235730888e+01,3.069878592938045436e+00
1.910497317454279909e+01,1.456021977856103611e+01,2.716615541441224835e+01,2.282542442102665348e+01,5.575840743780259601e+01,5.408326913195983821e+01,3.700000000000000000e+01,4.332435804486893716e+01,3.309328239234676339e+00
1.400000000000000000e+01,1.476482306023340030e+01,2.789265136196270589e+01,2.828427124746190202e+01,4.882622246293480828e+01,5.141984052872976463e+01,3.794733192202055250e+01,4.237924020083418242e+01,3.570235112325898630e+00
1.315294643796590535e+01,1.486606874731850603e+01,2.785677655436823841e+01,2.860069929215018192e+01,5.032891812864647818e+01,5.491812087098392681e+01,3.794733192202055250e+01,4.272001872658765365e+01,3.661927643529676146e+00
1.204159457879229578e+01,1.702938636592640265e+01,2.683281572999747766e+01,3.401470270338990076e+01,4.601086828130936368e+01,5.308483775994798748e+01,3.832753579347360073e+01,4.204759208325727826e+01,3.758754095744626156e+00
1.140175425099137918e+01,1.811077027627483460e+01,2.469817807045693669e+01,3.046309242345563462e+01,4.909175083453430943e+01,6.003332407921453751e+01,3.962322551231790158e+01,4.118252056394800320e+01,3.740858860880130532e+00
1.272792206135785520e+01,1.726267650163206824e+01,2.555386467836127551e+01,3.087069808086626210e+01,5.458937625582472464e+01,6.412487816752559411e+01,3.721558813185679071e+01,3.996248240537617136e+01,3.609208495729632649e+00
1.360147050873544394e+01,2.061552812808830382e+01,2.505992817228333536e+01,2.915475947422650194e+01,6.037383539249432118e+01,6.811754546370561059e+01,3.701351104664349378e+01,3.940812099047606409e+01,3.560715253756074894e+00
1.780449381476485726e+01,2.080865204668481283e+01,2.549509756796392423e+01,3.023243291566194912e+01,6.260990336999411454e+01,7.006425622241343376e+01,3.701351104664349378e+01,3.780211634287159939e+01,3.424147606059380955e+00
2.247220505424423109e+01,2.334523505985750447e+01,2.416609194718914466e+01,3.000000000000000000e+01,6.306346010171024830e+01,7.006425622241343376e+01,3.701351104664349378e+01,3.860051813123756403e+01,3.385293789731898428e+00
1.392838827718411920e+01,1.700000000000000000e+01,2.692582403567251959e+01,2.842534080710379030e+01,6.352952069707436067e+01,7.102816342831904706e+01,3.701351104664349378e+01,3.801315561749642313e+01,3.344196499678745660e+00
1.334166406412633421e+01,1.341640786499873883e+01,2.912043955712207222e+01,2.549509756796392423e+01,6.003332407921453751e+01,6.600757532283699902e+01,3.700000000000000000e+01,3.860051813123756403e+01,3.269314638780062232e+00
1.456021977856103611e+01,1.303840481040529831e+01,2.886173937932362321e+01,2.475883680627989492e+01,6.074537019394976056e+01,6.500000000000000000e+01,3.601388621073821383e+01,3.883297567789519888e+01,3.210256167208169309e+00
1.456021977856103611e+01,1.360147050873544394e+01,2.745906043549196340e+01,2.500000000000000000e+01,6.021627686929839030e+01,6.407027391856539111e+01,3.700000000000000000e+01,3.883297567789519888e+01,3.155111236903652028e+00
1.581138830084189628e+01,1.131370849898476116e+01,2.807133769523639799e+01,2.580697580112788003e+01,5.964059020499377795e+01,6.503076195155642836e+01,3.700000000000000000e+01,3.827531841800927737e+01,3.003631674977288224e+00
1.581138830084189628e+01,1.131370849898476116e+01,2.807133769523639799e+01,2.580697580112788003e+01,6.046486583132389825e+01,6.503076195155642836e+01,3.600000000000000000e+01,3.827531841800927737e+01,3.003631674977288224e+00
1.581138830084189628e+01,1.204159457879229578e+01,2.828427124746190202e+01,2.500000000000000000e+01,6.103277807866851390e+01,6.512296062065973956e+01,3.600000000000000000e+01,3.744329045369811126e+01,3.081993409760309888e+00
1.392838827718411920e+01,1.360147050873544394e+01,2.617250465660480074e+01,2.469817807045693669e+01,5.920304046246273799e+01,6.307138812488591384e+01,3.701351104664349378e+01,3.827531841800927737e+01,3.091964563388455822e+00
1.486606874731850603e+01,1.280624847486569706e+01,2.507987240796890660e+01,2.505992817228333536e+01,5.920304046246273799e+01,6.203224967708329274e+01,3.712142238654116966e+01,3.801315561749642313e+01,2.975506769326793144e+00
1.565247584249852864e+01,1.204159457879229578e+01,2.601922366251537611e+01,2.459674775249768786e+01,5.872818744010409375e+01,6.220128616033594682e+01,3.832753579347360073e+01,3.551056180912940619e+01,2.949410408161949881e+00
1.552417469626002422e+01,1.345362404707370985e+01,2.617250465660480074e+01,2.555386467836127551e+01,6.155485358604957469e+01,6.239390995922598648e+01,3.748332962798262713e+01,3.522782990761707111e+01,3.055935145188526825e+00
1.581138830084189628e+01,1.280624847486569706e+01,2.517935662402834396e+01,2.505992817228333536e+01,6.010823570859487575e+01,6.040695324215582218e+01,3.667424164178449786e+01,3.383784863137726262e+01,3.018222395307694317e+00
1.612451549659709826e+01,1.303840481040529831e+01,2.402082429892862692e+01,2.563201123595259290e+01,5.517245689653488938e+01,5.813776741499453493e+01,3.590264614203248072e+01,3.106444913401813324e+01,2.839782475827409947e+00
1.526433752247374720e+01,1.476482306023340030e+01,2.408318915758459156e+01,2.563201123595259290e+01,5.445181356024792763e+01,5.707889277132134254e+01,3.492849839314595783e+01,3.138470965295043058e+01,2.929223171385681113e+00
1.612451549659709826e+01,1.389244398944980396e+01,2.418677324489564739e+01,2.469817807045693669e+01,5.515432893255070468e+01,5.714017850864661341e+01,3.492849839314595783e+01,3.138470965295043058e+01,2.940885847563708744e+00
1.612451549659709826e+01,1.389244398944980396e+01,2.507987240796890660e+01,2.600000000000000000e+01,5.586591089385368747e+01,5.821511831131153514e+01,3.492849839314595783e+01,3.052867504494749440e+01,2.923638364558841740e+00
1.612451549659709826e+01,1.389244398944980396e+01,2.408318915758459156e+01,2.563201123595259290e+01,5.586591089385368747e+01,5.813776741499453493e+01,3.492849839314595783e+01,3.138470965295043058e+01,2.894800207687722615e+00
1.476482306023340030e+01,1.500000000000000000e+01,2.308679276123039159e+01,2.404163056034261459e+01,5.586591089385368747e+01,5.622277118748238678e+01,3.613862199918530393e+01,3.162277660168379256e+01,2.936013970346043056e+00
1.565247584249852864e+01,1.500000000000000000e+01,2.308679276123039159e+01,2.500000000000000000e+01,5.515432893255070468e+01,5.614267539047279598e+01,3.590264614203248072e+01,3.244996147917590434e+01,2.894800207687722615e+00
1.612451549659709826e+01,1.303840481040529831e+01,2.507987240796890660e+01,2.507987240796890660e+01,5.517245689653488938e+01,5.532630477449221473e+01,3.590264614203248072e+01,3.162277660168379256e+01,2.940058533946029229e+00
1.523154621172781731e+01,1.280624847486569706e+01,2.408318915758459156e+01,2.416609194718914466e+01,5.590169943749474157e+01,5.632051136131489244e+01,3.710795063055894616e+01,3.162277660168379256e+01,2.961739153797315005e+00
1.655294535724684835e+01,1.220655561573370207e+01,2.408318915758459156e+01,2.507987240796890660e+01,5.445181356024792763e+01,5.622277118748238678e+01,3.687817782917154830e+01,3.162277660168379256e+01,2.885454685380232753e+00
1.565247584249852864e+01,1.303840481040529831e+01,2.408318915758459156e+01,2.507987240796890660e+01,5.515432893255070468e+01,5.714017850864661341e+01,3.765634076752546378e+01,3.383784863137726262e+01,2.925452147334048014e+00
1.565247584249852864e+01,1.360147050873544394e+01,2.507987240796890660e+01,2.507987240796890660e+01,5.445181356024792763e+01,5.714017850864661341e+01,3.765634076752546378e+01,3.328663395418647752e+01,2.956871531761061878e+00
1.565247584249852864e+01,1.486606874731850603e+01,2.402082429892862692e+01,2.500000000000000000e+01,5.658621740318043436e+01,5.721887800367986898e+01,3.785498646149540036e+01,3.383784863137726262e+01,2.898392131113856962e+00
1.708800749063506075e+01,1.486606874731850603e+01,2.601922366251537611e+01,2.657066051117284644e+01,5.869412236331675814e+01,5.953990258641678679e+01,3.832753579347360073e+01,3.522782990761707111e+01,2.936103745275637333e+00
1.746424919657297892e+01,1.345362404707370985e+01,2.701851217221259205e+01,2.600000000000000000e+01,6.014149981501957853e+01,6.239390995922598648e+01,3.920459156782531807e+01,3.661966684720110976e+01,2.917433192346538640e+00
1.788854381999831844e+01,1.442220510185595650e+01,2.800000000000000000e+01,2.529822128134703618e+01,5.872818744010409375e+01,6.129437168288782090e+01,4.011234224026316042e+01,3.801315561749642313e+01,2.886193358916270491e+00
1.612451549659709826e+01,1.562049935181330795e+01,2.701851217221259205e+01,2.404163056034261459e+01,6.010823570859487575e+01,6.251399843235113707e+01,4.019950248448355978e+01,3.661966684720110976e+01,2.970889781549205910e+00
1.581138830084189628e+01,1.476482306023340030e+01,2.707397274136176790e+01,2.256102834535695578e+01,5.872818744010409375e+01,5.770615218501403376e+01,4.119465984809195902e+01,3.841874542459709119e+01,2.895577721403810756e+00
1.640121946685672683e+01,1.431782106327635340e+01,2.807133769523639799e+01,2.158703314492290204e+01,5.800000000000000000e+01,5.755866572463263964e+01,4.011234224026316042e+01,3.860051813123756403e+01,2.900452073500861871e+00
1.769180601295413169e+01,1.360147050873544394e+01,2.716615541441224835e+01,2.009975124224177989e+01,5.656854249492380404e+01,5.731491952362839726e+01,4.110960958218893069e+01,3.920459156782531807e+01,2.752433834802868962e+00
1.702938636592640265e+01,1.341640786499873883e+01,2.707397274136176790e+01,2.137755832643194864e+01,5.515432893255070468e+01,5.622277118748238678e+01,4.210700654285459876e+01,3.982461550347975532e+01,2.806665702206827984e+00
1.910497317454279909e+01,1.044030650891055068e+01,2.915475947422650194e+01,1.964688270438849926e+01,5.093132631298737323e+01,5.208646657242167066e+01,4.310452412450461424e+01,4.045985664828781836e+01,2.735012155146955504e+00
1.979898987322333070e+01,9.486832980505138124e+00,2.816025568065744622e+01,2.061552812808830382e+01,4.951767361255978983e+01,5.103920062069938268e+01,4.318564576337836769e+01,3.969886648255841521e+01,2.653589325746119165e+00
1.780449381476485726e+01,1.044030650891055068e+01,2.707397274136176790e+01,1.992485884517127559e+01,5.099019513592784847e+01,5.108815909777920439e+01,4.328972164382672361e+01,3.969886648255841521e+01,2.761086276477428214e+00
1.664331697709323876e+01,1.300000000000000000e+01,2.801785145224380003e+01,2.118962010041709121e+01,5.240229002629560995e+01,5.223983154643590865e+01,4.318564576337836769e+01,3.969886648255841521e+01,2.895090494630025990e+00
1.700000000000000000e+01,1.360147050873544394e+01,2.601922366251537611e+01,2.061552812808830382e+01,5.448853090330111115e+01,5.532630477449221473e+01,4.310452412450461424e+01,3.982461550347975532e+01,2.848150481339702722e+00
1.720465053408525335e+01,1.392838827718411920e+01,2.707397274136176790e+01,2.137755832643194864e+01,5.658621740318043436e+01,5.742821606144492108e+01,4.210700654285459876e+01,3.920459156782531807e+01,2.825141065493006032e+00
1.664331697709323876e+01,1.486606874731850603e+01,2.807133769523639799e+01,2.158703314492290204e+01,5.590169943749474157e+01,5.755866572463263964e+01,4.310452412450461424e+01,3.841874542459709119e+01,2.880352599252435475e+00
1.500000000000000000e+01,1.431782106327635340e+01,2.828427124746190202e+01,2.280350850198275836e+01,5.590169943749474157e+01,5.755866572463263964e+01,4.310452412450461424e+01,3.841874542459709119e+01,2.880352599252435475e+00
1.640121946685672683e+01,1.476482306023340030e+01,2.807133769523639799e+01,2.256102834535695578e+01,5.728001396647874088e+01,5.953990258641678679e+01,4.301162633521313694e+01,4.000000000000000000e+01,2.895939909001157275e+00
1.640121946685672683e+01,1.431782106327635340e+01,2.801785145224380003e+01,2.061552812808830382e+01,5.731491952362839726e+01,5.869412236331675814e+01,4.310452412450461424e+01,3.841874542459709119e+01,2.924495209827103537e+00
1.562049935181330795e+01,1.431782106327635340e+01,2.816025568065744622e+01,2.158703314492290204e+01,5.731491952362839726e+01,5.854912467321778990e+01,4.210700654285459876e+01,3.860051813123756403e+01,2.895577721403810756e+00
1.421267040355189515e+01,1.523154621172781731e+01,2.828427124746190202e+01,2.158703314492290204e+01,5.731491952362839726e+01,5.854912467321778990e+01,4.210700654285459876e+01,3.860051813123756403e+01,2.922026578769929994e+00
1.640121946685672683e+01,1.392838827718411920e+01,2.816025568065744622e+01,2.158703314492290204e+01,5.872818744010409375e+01,5.968249324550709645e+01,4.210700654285459876e+01,3.860051813123756403e+01,2.868794314429577774e+00
1.640121946685672683e+01,1.360147050873544394e+01,2.828427124746190202e+01,2.158703314492290204e+01,5.805170109479996654e+01,5.869412236331675814e+01,4.210700654285459876e+01,3.860051813123756403e+01,2.843455302423067543e+00
1.780449381476485726e+01,1.360147050873544394e+01,2.915475947422650194e+01,2.158703314492290204e+01,5.813776741499453493e+01,5.787054518492114852e+01,4.210700654285459876e+01,3.860051813123756403e+01,2.858355677424716301e+00
1.843908891458577415e+01,1.236931687685298087e+01,2.927456233660889495e+01,2.158703314492290204e+01,5.805170109479996654e+01,5.869412236331675814e+01,4.210700654285459876e+01,3.860051813123756403e+01,2.786327986745547491e+00
1.979898987322333070e+01,1.140175425099137918e+01,2.942787793912432193e+01,2.236067977499789805e+01,5.672741841473133917e+01,5.688585061331156822e+01,4.210700654285459876e+01,3.780211634287159939e+01,2.707783816735359395e+00
2.121320343559642652e+01,1.004987562112088995e+01,2.942787793912432193e+01,2.137755832643194864e+01,5.672741841473133917e+01,5.688585061331156822e+01,4.210700654285459876e+01,3.780211634287159939e+01,2.650220362293983722e+00
1.979898987322333070e+01,1.118033988749894903e+01,2.863564212655270680e+01,2.220360331117451835e+01,5.672741841473133917e+01,5.671860364994893189e+01,4.210700654285459876e+01,3.860051813123756403e+01,2.650220362293983722e+00
2.126029162546929996e+01,1.004987562112088995e+01,2.983286778035259701e+01,2.220360331117451835e+01,5.531726674375732244e+01,5.557877292636101174e+01,4.310452412450461424e+01,3.920459156782531807e+01,2.583675333463955504e+00
2.701851217221259205e+01,5.830951894845300743e+00,2.983286778035259701e+01,2.121320343559642652e+01,5.531726674375732244e+01,5.557877292636101174e+01,4.310452412450461424e+01,3.920459156782531807e+01,2.351118391659046569e+00
2.828427124746190202e+01,7.810249675906653977e+00,2.886173937932362321e+01,2.209072203437452231e+01,5.531726674375732244e+01,5.656854249492380404e+01,4.318564576337836769e+01,3.780211634287159939e+01,2.307194455522136867e+00
2.828427124746190202e+01,8.485281374238569541e+00,2.886173937932362321e+01,2.109502310972898798e+01,5.456189146281496249e+01,5.557877292636101174e+01,4.310452412450461424e+01,3.841874542459709119e+01,2.307194455522136867e+00
2.758622844826744469e+01,7.810249675906653977e+00,2.886173937932362321e+01,2.109502310972898798e+01,5.456189146281496249e+01,5.557877292636101174e+01,4.310452412450461424e+01,3.841874542459709119e+01,2.317637940057690304e+00
2.831960451701259274e+01,7.810249675906653977e+00,2.886173937932362321e+01,2.102379604162863913e+01,5.522680508593630577e+01,5.656854249492380404e+01,4.310452412450461424e+01,3.841874542459709119e+01,2.277239394895554270e+00
2.831960451701259274e+01,7.071067811865475505e+00,2.886173937932362321e+01,2.109502310972898798e+01,5.522680508593630577e+01,5.656854249492380404e+01,4.310452412450461424e+01,3.841874542459709119e+01,2.277239394895554270e+00
2.842534080710379030e+01,5.000000000000000000e+00,2.886173937932362321e+01,2.209072203437452231e+01,5.522680508593630577e+01,5.656854249492380404e+01,4.310452412450461424e+01,3.841874542459709119e+01,2.249789643935498074e+00
2.343074902771996193e+01,9.000000000000000000e+00,2.961418578992169515e+01,2.109502310972898798e+01,5.531726674375732244e+01,5.573149917237109463e+01,4.310452412450461424e+01,3.841874542459709119e+01,2.511881132284881524e+00
2.202271554554523902e+01,1.004987562112088995e+01,2.863564212655270680e+01,2.102379604162863913e+01,5.608029957123981291e+01,5.573149917237109463e+01,4.318564576337836769e+01,3.841874542459709119e+01,2.532211048190265323e+00
2.126029162546929996e+01,1.004987562112088995e+01,2.863564212655270680e+01,2.109502310972898798e+01,5.531726674375732244e+01,5.573149917237109463e+01,4.310452412450461424e+01,3.841874542459709119e+01,2.569787337532988492e+00
2.051828452868319275e+01,1.118033988749894903e+01,2.844292530665578411e+01,2.109502310972898798e+01,5.531726674375732244e+01,5.573149917237109463e+01,4.310452412450461424e+01,3.841874542459709119e+01,2.629418050664158013e+00
1.788854381999831844e+01,1.431782106327635340e+01,2.601922366251537611e+01,2.158703314492290204e+01,5.315072906367324634e+01,5.333854141237834767e+01,4.318564576337836769e+01,3.905124837953326988e+01,2.879262152963628196e+00
1.708800749063506075e+01,1.389244398944980396e+01,2.607680962081059661e+01,2.247220505424423109e+01,5.240229002629560995e+01,5.346026561849463832e+01,4.304648650006176780e+01,3.905124837953326988e+01,2.973791876308907067e+00
1.552417469626002422e+01,1.414213562373095101e+01,2.433105012119287736e+01,2.325940669922601600e+01,5.173973328110611902e+01,5.333854141237834767e+01,4.509988913511872255e+01,3.969886648255841521e+01,3.066330224346558886e+00
1.627882059609970611e+01,1.414213562373095101e+01,2.473863375370596174e+01,2.282542442102665348e+01,5.166236541235795698e+01,5.333854141237834767e+01,4.301162633521313694e+01,3.982461550347975532e+01,3.140098630797016455e+00
1.529705854077835525e+01,1.345362404707370985e+01,2.473863375370596174e+01,2.247220505424423109e+01,5.099019513592784847e+01,5.246903848937962067e+01,4.404543109109047805e+01,3.894868418830089496e+01,3.169108642875247739e+00
1.503329637837290811e+01,1.341640786499873883e+01,2.284731931759172596e+01,2.408318915758459156e+01,4.675467891024383960e+01,5.115662224971465122e+01,4.504442251822083421e+01,3.828837943815329226e+01,3.284986713063705821e+00
1.220655561573370207e+01,1.676305461424021104e+01,2.059126028197400160e+01,2.561249694973139412e+01,4.327817001676480402e+01,4.801041553663121420e+01,4.604345773288535071e+01,4.123105625617660763e+01,3.538301316481007319e+00
1.360147050873544394e+01,2.121320343559642652e+01,1.860107523773827509e+01,2.865309756378880479e+01,3.982461550347975532e+01,4.704253394535630406e+01,4.700000000000000000e+01,4.140048308896890461e+01,3.793138143311198807e+00
1.513274595042155646e+01,2.220360331117451835e+01,1.838477631085023489e+01,2.731300056749532601e+01,4.045985664828781836e+01,4.809365862564419558e+01,4.601086828130936368e+01,4.243819034784588951e+01,3.934150599176606367e+00
1.627882059609970611e+01,2.353720459187963954e+01,1.979898987322333070e+01,2.773084924772409465e+01,4.244997055358224713e+01,5.003998401278721531e+01,4.600000000000000000e+01,4.140048308896890461e+01,3.884984973061857527e+00
1.529705854077835525e+01,2.220360331117451835e+01,1.910497317454279909e+01,2.863564212655270680e+01,4.103656905736638549e+01,5.015974481593781320e+01,4.600000000000000000e+01,4.161730409336962566e+01,3.858809627496152750e+00
1.627882059609970611e+01,2.334523505985750447e+01,1.910497317454279909e+01,2.906888370749726747e+01,4.103656905736638549e+01,4.909175083453430943e+01,4.500000000000000000e+01,4.080441152620633005e+01,3.853261071917287950e+00
1.529705854077835525e+01,2.334523505985750447e+01,1.910497317454279909e+01,2.817800560721074277e+01,4.172529209005013229e+01,5.008991914547277702e+01,4.500000000000000000e+01,4.080441152620633005e+01,3.858809627496152750e+00
1.627882059609970611e+01,2.334523505985750447e+01,1.838477631085023489e+01,2.817800560721074277e+01,4.172529209005013229e+01,5.108815909777920439e+01,4.500000000000000000e+01,4.022437072223753063e+01,3.858809627496152750e+00
1.612451549659709826e+01,2.334523505985750447e+01,1.769180601295413169e+01,2.817800560721074277e+01,4.172529209005013229e+01,5.008991914547277702e+01,4.301162633521313694e+01,4.049691346263317371e+01,3.880218947727220424e+00
1.513274595042155646e+01,2.220360331117451835e+01,1.910497317454279909e+01,2.823118842698620767e+01,4.177319714841084419e+01,4.904079934095691584e+01,4.500000000000000000e+01,4.080441152620633005e+01,3.905717430963180359e+00
1.513274595042155646e+01,2.220360331117451835e+01,1.910497317454279909e+01,2.823118842698620767e+01,4.177319714841084419e+01,4.904079934095691584e+01,4.500000000000000000e+01,4.080441152620633005e+01,3.905717430963180359e+00
1.513274595042155646e+01,2.220360331117451835e+01,1.769180601295413169e+01,2.773084924772409465e+01,4.172529209005013229e+01,5.008991914547277702e+01,4.500000000000000000e+01,4.080441152620633005e+01,3.869774100373970960e+00
1.513274595042155646e+01,2.220360331117451835e+01,1.769180601295413169e+01,2.773084924772409465e+01,4.172529209005013229e+01,5.008991914547277702e+01,4.500000000000000000e+01,4.080441152620633005e+01,3.869774100373970960e+00
1.513274595042155646e+01,2.220360331117451835e+01,1.838477631085023489e+01,2.731300056749532601e+01,4.244997055358224713e+01,5.003998401278721531e+01,4.500000000000000000e+01,4.080441152620633005e+01,3.912634932488590955e+00
1.414213562373095101e+01,2.220360331117451835e+01,1.843908891458577415e+01,2.773084924772409465e+01,4.172529209005013229e+01,5.008991914547277702e+01,4.301162633521313694e+01,4.049691346263317371e+01,3.891183420605037746e+00
1.843908891458577415e+01,2.308679276123039159e+01,1.838477631085023489e+01,2.729468812791236232e+01,4.172529209005013229e+01,5.008991914547277702e+01,4.301162633521313694e+01,4.049691346263317371e+01,3.830714432653921975e+00
2.657066051117284644e+01,2.690724809414741969e+01,1.910497317454279909e+01,2.500000000000000000e+01,4.101219330881975367e+01,5.015974481593781320e+01,4.600000000000000000e+01,4.140048308896890461e+01,3.641379595869706609e+00
3.190611226708763226e+01,2.823118842698620767e+01,2.163330765278393741e+01,2.483948469674844262e+01,4.527692569068708650e+01,5.203844732503075221e+01,4.601086828130936368e+01,4.186884283091664116e+01,3.393861203427630535e+00
3.244996147917590434e+01,3.036445290137795183e+01,2.284731931759172596e+01,2.617250465660480074e+01,4.763402145525821396e+01,5.603570290448760005e+01,4.700000000000000000e+01,4.252058325093859992e+01,3.299268644014802021e+00
3.124099870362661591e+01,2.863564212655270680e+01,2.657066051117284644e+01,2.701851217221259205e+01,5.099019513592784847e+01,5.907622195096772089e+01,4.504442251822083421e+01,4.080441152620633005e+01,3.330009779059478703e+00
2.842534080710379030e+01,2.731300056749532601e+01,2.683281572999747766e+01,2.701851217221259205e+01,5.263078946776306566e+01,6.100819617067857337e+01,4.501110973970759943e+01,4.140048308896890461e+01,3.388380450880403849e+00
3.124099870362661591e+01,2.863564212655270680e+01,2.624880949681337583e+01,2.765863337187866122e+01,5.200961449578337437e+01,6.000833275470998984e+01,4.400000000000000000e+01,4.140048308896890461e+01,3.261480975080672362e+00
3.500000000000000000e+01,3.224903099319419653e+01,2.668332812825266842e+01,2.343074902771996193e+01,4.957822102496216132e+01,5.700877125495689768e+01,4.501110973970759943e+01,4.140048308896890461e+01,3.096859369130179118e+00
3.584689665786984136e+01,3.289376840679705083e+01,2.716615541441224835e+01,2.147091055358388800e+01,4.879549159502340672e+01,5.514526271584895056e+01,4.501110973970759943e+01,4.000000000000000000e+01,2.937482800935450555e+00
3.624913792078371699e+01,3.352610922848042208e+01,2.729468812791236232e+01,2.147091055358388800e+01,4.675467891024383960e+01,5.315072906367324634e+01,4.501110973970759943e+01,3.940812099047606409e+01,2.979661369700308704e+00
2.823118842698620767e+01,2.915475947422650194e+01,2.630589287593181069e+01,2.061552812808830382e+01,4.675467891024383960e+01,5.308483775994798748e+01,4.501110973970759943e+01,4.022437072223753063e+01,3.047531418961806793e+00
2.745906043549196340e+01,2.816025568065744622e+01,2.213594362117865444e+01,2.061552812808830382e+01,3.580502757993631491e+01,4.410215414239988974e+01,4.601086828130936368e+01,4.022437072223753063e+01,3.144358898262809898e+00
2.140093455903269515e+01,2.545584412271571040e+01,2.000000000000000000e+01,2.420743687382040932e+01,3.448187929913333249e+01,4.159326868617084472e+01,4.609772228646443892e+01,4.049691346263317371e+01,3.516190679956101128e+00
1.486606874731850603e+01,2.308679276123039159e+01,1.843908891458577415e+01,2.302172886644267535e+01,3.440930106817050671e+01,4.049691346263317371e+01,4.428317965096906050e+01,4.522167621838005402e+01,3.819839131908571161e+00
1.360147050873544394e+01,1.802775637731994607e+01,2.140093455903269515e+01,2.469817807045693669e+01,3.538361202590826338e+01,4.401136216933077350e+01,4.356604182158393002e+01,4.360045871318327926e+01,3.776690598835430457e+00
1.612451549659709826e+01,2.302172886644267535e+01,2.059126028197400160e+01,2.596150997149434048e+01,3.720215047547655018e+01,4.792702786528703740e+01,4.328972164382672361e+01,4.622769732530488085e+01,3.922046481505566007e+00
1.700000000000000000e+01,2.200000000000000000e+01,2.024845673131658685e+01,2.844292530665578411e+01,4.178516483155235761e+01,5.507267925205745485e+01,4.052159917870962147e+01,4.313930922024598402e+01,3.738484875520203587e+00
1.612451549659709826e+01,2.202271554554523902e+01,2.163330765278393741e+01,2.765863337187866122e+01,4.925444142409900650e+01,6.212889826803626647e+01,4.159326868617084472e+01,3.944616584663204151e+01,3.499363657415624829e+00
1.552417469626002422e+01,2.009975124224177989e+01,2.220360331117451835e+01,2.668332812825266842e+01,5.403702434442518410e+01,6.657326790837295505e+01,4.326661530556787483e+01,3.676955262170046979e+01,3.365497153720142798e+00
2.319482700948640286e+01,2.340939982143925135e+01,2.163330765278393741e+01,2.789265136196270589e+01,5.907622195096772089e+01,6.296824596572466248e+01,4.186884283091664116e+01,3.929376540877699853e+01,3.288619892073879836e+00
2.433105012119287736e+01,2.549509756796392423e+01,2.343074902771996193e+01,2.941088233970548416e+01,6.103277807866851390e+01,6.129437168288782090e+01,4.318564576337836769e+01,4.257933771208753626e+01,3.203685016738232250e+00
1.902629759044044633e+01,2.418677324489564739e+01,2.140093455903269515e+01,3.008321791298264714e+01,6.503076195155642836e+01,6.628725367670620017e+01,4.384062043356594529e+01,4.119465984809195902e+01,3.274144185886467273e+00
1.216552506059643868e+01,1.969771560359220786e+01,2.376972864800942631e+01,2.906888370749726747e+01,6.328506932918696037e+01,6.684309986827361172e+01,4.110960958218893069e+01,3.832753579347360073e+01,3.512557335551073301e+00
1.200000000000000000e+01,2.154065922853801496e+01,2.549509756796392423e+01,3.114482300479487265e+01,6.378871373526824584e+01,6.801470429252781003e+01,4.049691346263317371e+01,3.401470270338990076e+01,3.449325434624491926e+00
1.400000000000000000e+01,2.280350850198275836e+01,2.507987240796890660e+01,3.001666203960726875e+01,6.694027188471824275e+01,7.072481884034769450e+01,3.807886552931954327e+01,3.300000000000000000e+01,3.377642982536820604e+00
1.902629759044044633e+01,2.501999200639360765e+01,2.459674775249768786e+01,3.106444913401813324e+01,6.888396039717810027e+01,6.935416353759880792e+01,3.671511950137163893e+01,3.401470270338990076e+01,3.281611812114526572e+00
2.121320343559642652e+01,2.617250465660480074e+01,2.505992817228333536e+01,3.001666203960726875e+01,7.061161377563891506e+01,6.438167441127949076e+01,3.721558813185679071e+01,4.110960958218893069e+01,3.299377693850144233e+00
2.200000000000000000e+01,2.451530134426252516e+01,2.302172886644267535e+01,3.041381265149109936e+01,7.180529228406496145e+01,6.585590330410782656e+01,3.807886552931954327e+01,4.031128874149274566e+01,3.135660938681883003e+00
1.581138830084189628e+01,2.024845673131658685e+01,2.780287754891568852e+01,3.008321791298264714e+01,6.987131027825368790e+01,6.171709649683788967e+01,3.807886552931954327e+01,4.119465984809195902e+01,2.902656213003629748e+00
2.061552812808830382e+01,2.262741699796952233e+01,3.138470965295043058e+01,2.884441020371191300e+01,6.918092222571191030e+01,5.964059020499377795e+01,3.744329045369811126e+01,4.104875150354758517e+01,2.761086276477428214e+00
2.701851217221259205e+01,2.751363298439520833e+01,3.195309061734091571e+01,2.831960451701259274e+01,6.400000000000000000e+01,5.661271941887264347e+01,4.022437072223753063e+01,4.100000000000000000e+01,2.569408570451073182e+00
2.969848480983499428e+01,2.973213749463701205e+01,3.087069808086626210e+01,2.765863337187866122e+01,6.400000000000000000e+01,5.742821606144492108e+01,4.201190307520000999e+01,4.300000000000000000e+01,2.628310428347818473e+00
3.047950130825634218e+01,2.973213749463701205e+01,3.138470965295043058e+01,3.000000000000000000e+01,6.200000000000000000e+01,5.560575509783137704e+01,4.220189569201838253e+01,4.300000000000000000e+01,2.616389066739664315e+00
2.884441020371191300e+01,2.884441020371191300e+01,2.830194339616981125e+01,2.941088233970548416e+01,6.103277807866851390e+01,5.903388857258176614e+01,4.327817001676480402e+01,4.304648650006176780e+01,2.746081133270799945e+00
3.001666203960726875e+01,3.023243291566194912e+01,2.860069929215018192e+01,2.830194339616981125e+01,5.903388857258176614e+01,5.748912940721923803e+01,4.327817001676480402e+01,4.304648650006176780e+01,2.799899763913725970e+00
2.729468812791236232e+01,2.906888370749726747e+01,2.780287754891568852e+01,2.830194339616981125e+01,6.007495318350235891e+01,5.825804665451803288e+01,4.327817001676480402e+01,4.301162633521313694e+01,2.840012274093312250e+00
1.972308292331602075e+01,2.370653918225939449e+01,2.624880949681337583e+01,2.952964612046680060e+01,6.103277807866851390e+01,5.966573556070519402e+01,4.545327270945404763e+01,4.401136216933077350e+01,2.938523851245254725e+00
1.526433752247374720e+01,1.700000000000000000e+01,2.690724809414741969e+01,3.046309242345563462e+01,5.903388857258176614e+01,5.889821729050888877e+01,4.545327270945404763e+01,4.301162633521313694e+01,2.920287194030978029e+00
1.431782106327635340e+01,1.529705854077835525e+01,2.758622844826744469e+01,2.912043955712207222e+01,5.803447251418763386e+01,5.663920903402518547e+01,4.420407221060068537e+01,4.301162633521313694e+01,3.004043908634653537e+00
1.442220510185595650e+01,1.612451549659709826e+01,2.828427124746190202e+01,3.104834939252004844e+01,6.000833275470998984e+01,5.966573556070519402e+01,4.201190307520000999e+01,4.019950248448355978e+01,3.043401978148381648e+00
1.486606874731850603e+01,1.700000000000000000e+01,2.687005768508880621e+01,3.104834939252004844e+01,6.000833275470998984e+01,6.060528029800703820e+01,4.263801121065568367e+01,3.911521443121588959e+01,3.060495189612796541e+00
1.345362404707370985e+01,1.800000000000000000e+01,2.828427124746190202e+01,3.080584360149872580e+01,6.203224967708329274e+01,6.341135544995076145e+01,4.201190307520000999e+01,3.820994634908559817e+01,3.114491852281851436e+00
1.565247584249852864e+01,2.009975124224177989e+01,2.690724809414741969e+01,3.080584360149872580e+01,6.307138812488591384e+01,6.341135544995076145e+01,4.140048308896890461e+01,3.811823710509183627e+01,3.139156604815401153e+00
1.708800749063506075e+01,2.158703314492290204e+01,2.624880949681337583e+01,2.886173937932362321e+01,6.503076195155642836e+01,6.360031446463138138e+01,4.140048308896890461e+01,3.911521443121588959e+01,3.171930163781979672e+00
1.868154169226940553e+01,2.308679276123039159e+01,2.475883680627989492e+01,2.941088233970548416e+01,6.706713054842886379e+01,6.440496875241846908e+01,4.080441152620633005e+01,3.905124837953326988e+01,3.120517208972489520e+00
2.024845673131658685e+01,2.284731931759172596e+01,2.475883680627989492e+01,2.879236009777593708e+01,6.706713054842886379e+01,6.440496875241846908e+01,4.080441152620633005e+01,3.905124837953326988e+01,3.061427133741430495e+00
2.247220505424423109e+01,2.418677324489564739e+01,2.475883680627989492e+01,2.823118842698620767e+01,6.706713054842886379e+01,6.440496875241846908e+01,4.080441152620633005e+01,3.905124837953326988e+01,3.022205039642818392e+00
2.061552812808830382e+01,2.236067977499789805e+01,2.475883680627989492e+01,2.785677655436823841e+01,6.702984409947556799e+01,6.382005954243540202e+01,4.080441152620633005e+01,3.905124837953326988e+01,3.045365670109994483e+00
1.655294535724684835e+01,2.158703314492290204e+01,2.549509756796392423e+01,2.846049894151541437e+01,6.702984409947556799e+01,6.463745044476924306e+01,4.080441152620633005e+01,3.805259518088089266e+01,3.133189490042146197e+00
1.708800749063506075e+01,2.184032966784155505e+01,2.475883680627989492e+01,2.846049894151541437e+01,6.706713054842886379e+01,6.440496875241846908e+01,4.080441152620633005e+01,3.905124837953326988e+01,3.113652328255636981e+00
2.213594362117865444e+01,2.459674775249768786e+01,2.617250465660480074e+01,2.973213749463701205e+01,6.706713054842886379e+01,6.360031446463138138e+01,4.022437072223753063e+01,3.905124837953326988e+01,3.059585208063607453e+00
2.720294101747088789e+01,2.780287754891568852e+01,2.690724809414741969e+01,3.138470965295043058e+01,6.606814663663571707e+01,6.140032573203500732e+01,3.940812099047606409e+01,4.004996878900157498e+01,2.980972136870838618e+00
2.785677655436823841e+01,2.765863337187866122e+01,2.690724809414741969e+01,3.087069808086626210e+01,6.702984409947556799e+01,6.161168720299745161e+01,3.940812099047606409e+01,4.004996878900157498e+01,2.952579712619050945e+00
2.563201123595259290e+01,2.720294101747088789e+01,2.690724809414741969e+01,3.087069808086626210e+01,6.700746227100381702e+01,6.185466837676845842e+01,4.080441152620633005e+01,4.001249804748510996e+01,2.985789146333649668e+00
2.563201123595259290e+01,2.780287754891568852e+01,2.765863337187866122e+01,3.087069808086626210e+01,6.700746227100381702e+01,6.021627686929839030e+01,4.022437072223753063e+01,4.101219330881975367e+01,2.977784457945992447e+00
2.657066051117284644e+01,2.920616373302046753e+01,2.690724809414741969e+01,3.041381265149109936e+01,6.600000000000000000e+01,6.046486583132389825e+01,4.140048308896890461e+01,4.101219330881975367e+01,2.991099822159678734e+00
2.657066051117284644e+01,2.780287754891568852e+01,2.690724809414741969e+01,3.087069808086626210e+01,6.700746227100381702e+01,6.103277807866851390e+01,4.080441152620633005e+01,4.101219330881975367e+01,2.981422361863243164e+00
2.529822128134703618e+01,2.860069929215018192e+01,2.690724809414741969e+01,2.996664812754339380e+01,6.700746227100381702e+01,6.046486583132389825e+01,4.000000000000000000e+01,4.101219330881975367e+01,3.017180863450430905e+00
2.657066051117284644e+01,2.983286778035259701e+01,2.701851217221259205e+01,3.088689042296100240e+01,6.503076195155642836e+01,6.021627686929839030e+01,4.140048308896890461e+01,4.100000000000000000e+01,2.942892179300069966e+00
2.816025568065744622e+01,3.061045573002793319e+01,2.640075756488817049e+01,3.312099032335839155e+01,6.403124237432848531e+01,6.000000000000000000e+01,4.140048308896890461e+01,4.101219330881975367e+01,2.932060130721644065e+00
2.209072203437452231e+01,2.800000000000000000e+01,2.247220505424423109e+01,3.471310991541956525e+01,5.913543776789007467e+01,5.731491952362839726e+01,4.604345773288535071e+01,4.310452412450461424e+01,3.235956316059685811e+00
2.102379604162863913e+01,2.816025568065744622e+01,2.024845673131658685e+01,3.401470270338990076e+01,5.360037313302958495e+01,4.940647730814249883e+01,4.294182110716777601e+01,4.440720662234903671e+01,3.401726130518624380e+00
2.469817807045693669e+01,3.255764119219941222e+01,1.476482306023340030e+01,2.683281572999747766e+01,4.704253394535630406e+01,3.794733192202055250e+01,4.100000000000000000e+01,4.440720662234903671e+01,4.013389366345688103e+00
2.319482700948640286e+01,3.560898762952971452e+01,1.769180601295413169e+01,2.360084744241189370e+01,4.244997055358224713e+01,3.605551275463989214e+01,3.601388621073821383e+01,3.956008088970496317e+01,2.191502642348496899e+00
2.376972864800942631e+01,3.807886552931954327e+01,2.024845673131658685e+01,2.193171219946130890e+01,4.114608122288196768e+01,3.847076812334268681e+01,3.452535300326413648e+01,3.956008088970496317e+01,1.836149903591001165e+00
2.641968962724581260e+01,3.687817782917154830e+01,1.931320791582796659e+01,2.256102834535695578e+01,3.858756276314947797e+01,3.984971769034255118e+01,3.395585369269929288e+01,3.992492955535426091e+01,1.899051668104917656e+00
2.906888370749726747e+01,3.832753579347360073e+01,1.772004514666934938e+01,2.213594362117865444e+01,3.801315561749642313e+01,4.085339643163099055e+01,3.352610922848042208e+01,3.939543120718441571e+01,2.001695175687687733e+00
2.624880949681337583e+01,3.911521443121588959e+01,1.923538406167134340e+01,2.300000000000000000e+01,3.920459156782531807e+01,4.031128874149274566e+01,3.178049716414140846e+01,3.757658845611187104e+01,1.717247451489430254e+00
2.831960451701259274e+01,3.700000000000000000e+01,2.402082429892862692e+01,2.088061301782110135e+01,3.764306044943742080e+01,4.140048308896890461e+01,3.140063693621516450e+01,3.661966684720110976e+01,1.913820267215599946e+00
2.842534080710379030e+01,3.501428280002319582e+01,2.300000000000000000e+01,2.184032966784155505e+01,3.443835071544512516e+01,4.140048308896890461e+01,3.471310991541956525e+01,3.640054944640259293e+01,2.264236356354918822e+00
3.189043743820394994e+01,3.405877273185280529e+01,2.000000000000000000e+01,2.308679276123039159e+01,3.138470965295043058e+01,3.671511950137163893e+01,3.440930106817050671e+01,3.488552708502481892e+01,2.416001587615739243e+00
3.394112549695427816e+01,3.705401462729781059e+01,1.910497317454279909e+01,2.088061301782110135e+01,3.195309061734091571e+01,3.577708763999663688e+01,3.275667870831839679e+01,3.443835071544512516e+01,2.390764533997316477e+00
3.465544690232691494e+01,3.701351104664349378e+01,1.802775637731994607e+01,2.280350850198275836e+01,2.915475947422650194e+01,3.453983207834108526e+01,3.275667870831839679e+01,3.443835071544512516e+01,2.430655827739207187e+00
3.383784863137726262e+01,4.031128874149274566e+01,1.910497317454279909e+01,2.308679276123039159e+01,2.996664812754339380e+01,3.178049716414140846e+01,3.361547262794321966e+01,3.361547262794321966e+01,2.266628933918294120e+00
3.413209633175202384e+01,4.031128874149274566e+01,1.923538406167134340e+01,2.154065922853801496e+01,2.973213749463701205e+01,3.310589071449369669e+01,3.275667870831839679e+01,3.324154027718932269e+01,2.254187572282233099e+00
3.448187929913333249e+01,4.044749683231336945e+01,1.941648783894759944e+01,2.102379604162863913e+01,3.008321791298264714e+01,3.361547262794321966e+01,3.224903099319419653e+01,3.383784863137726262e+01,2.248352400774810356e+00
2.823118842698620767e+01,3.220248437620923454e+01,2.236067977499789805e+01,2.267156809750926882e+01,3.200000000000000000e+01,3.590264614203248072e+01,3.087069808086626210e+01,3.765634076752546378e+01,2.149131351646912158e+00
2.941088233970548416e+01,3.138470965295043058e+01,2.163330765278393741e+01,2.302172886644267535e+01,2.927456233660889495e+01,3.705401462729781059e+01,2.983286778035259701e+01,3.423448553724738019e+01,2.247618431466428035e+00
3.080584360149872580e+01,3.106444913401813324e+01,2.247220505424423109e+01,2.594224354214569317e+01,2.404163056034261459e+01,3.624913792078371699e+01,3.805259518088089266e+01,3.794733192202055250e+01,2.603276642013175213e+00
3.132091952673165025e+01,2.720294101747088789e+01,2.360084744241189370e+01,2.280350850198275836e+01,2.831960451701259274e+01,4.161730409336962566e+01,3.640054944640259293e+01,3.721558813185679071e+01,2.768303595876262513e+00
3.206243908376279705e+01,2.758622844826744469e+01,2.024845673131658685e+01,2.022374841615668473e+01,3.106444913401813324e+01,4.534313619501853765e+01,3.712142238654116966e+01,3.905124837953326988e+01,2.730528106199928473e+00
3.206243908376279705e+01,2.687005768508880621e+01,2.158703314492290204e+01,1.800000000000000000e+01,3.178049716414140846e+01,4.459820624195551630e+01,3.605551275463989214e+01,3.894868418830089496e+01,2.785284799216979579e+00
3.106444913401813324e+01,2.408318915758459156e+01,2.158703314492290204e+01,2.002498439450078749e+01,3.195309061734091571e+01,4.468780594300866227e+01,3.635931792539568619e+01,4.123105625617660763e+01,2.786373868181458047e+00
3.313608305156178346e+01,2.475883680627989492e+01,2.137755832643194864e+01,2.000000000000000000e+01,3.436568055487916240e+01,4.609772228646443892e+01,3.671511950137163893e+01,4.219004621945797595e+01,2.883294297981362941e+00
3.354101966249684352e+01,2.561249694973139412e+01,2.118962010041709121e+01,2.009975124224177989e+01,3.612478373637688378e+01,4.701063709417263681e+01,3.551056180912940619e+01,4.254409477236529824e+01,3.042753761660517142e+00
3.157530680769388809e+01,2.483948469674844262e+01,2.213594362117865444e+01,1.902629759044044633e+01,3.634556369077249371e+01,4.420407221060068537e+01,3.701351104664349378e+01,4.162931659299729859e+01,3.035784899429892825e+00
3.104834939252004844e+01,2.343074902771996193e+01,2.247220505424423109e+01,2.009975124224177989e+01,3.436568055487916240e+01,4.301162633521313694e+01,3.623534186398687496e+01,4.071854614300466579e+01,3.094523198638638117e+00
3.080584360149872580e+01,2.334523505985750447e+01,2.118962010041709121e+01,2.022374841615668473e+01,3.522782990761707111e+01,4.440720662234903671e+01,3.560898762952971452e+01,4.114608122288196768e+01,3.082014124354626183e+00
3.080584360149872580e+01,2.267156809750926882e+01,2.118962010041709121e+01,2.009975124224177989e+01,3.423448553724738019e+01,4.440720662234903671e+01,3.640054944640259293e+01,4.114608122288196768e+01,3.082014124354626183e+00
2.983286778035259701e+01,2.262741699796952233e+01,2.118962010041709121e+01,2.022374841615668473e+01,3.423448553724738019e+01,4.440720662234903671e+01,3.640054944640259293e+01,4.114608122288196768e+01,3.073353448160962564e+00
3.008321791298264714e+01,2.193171219946130890e+01,2.247220505424423109e+01,2.109502310972898798e+01,3.337663853655727308e+01,4.301162633521313694e+01,3.640054944640259293e+01,4.114608122288196768e+01,3.071330770134276911e+00
3.059411708155671050e+01,2.334523505985750447e+01,2.118962010041709121e+01,2.009975124224177989e+01,3.436568055487916240e+01,4.360045871318327926e+01,3.640054944640259293e+01,4.114608122288196768e+01,3.043427295652898934e+00
2.983286778035259701e+01,2.193171219946130890e+01,2.118962010041709121e+01,2.009975124224177989e+01,3.436568055487916240e+01,4.360045871318327926e+01,3.640054944640259293e+01,4.114608122288196768e+01,3.058617672738889404e+00
3.080584360149872580e+01,2.193171219946130890e+01,2.088061301782110135e+01,2.009975124224177989e+01,3.436568055487916240e+01,4.360045871318327926e+01,3.640054944640259293e+01,4.114608122288196768e+01,3.058617672738889404e+00
2.983286778035259701e+01,2.267156809750926882e+01,2.118962010041709121e+01,1.910497317454279909e+01,3.436568055487916240e+01,4.360045871318327926e+01,3.640054944640259293e+01,4.114608122288196768e+01,3.058617672738889404e+00
3.157530680769388809e+01,2.334523505985750447e+01,1.992485884517127559e+01,2.022374841615668473e+01,3.337663853655727308e+01,4.360045871318327926e+01,3.640054944640259293e+01,4.024922359499621649e+01,3.071330770134276911e+00
3.157530680769388809e+01,2.267156809750926882e+01,1.992485884517127559e+01,2.009975124224177989e+01,3.337663853655727308e+01,4.360045871318327926e+01,3.640054944640259293e+01,4.024922359499621649e+01,3.071330770134276911e+00
3.059411708155671050e+01,2.334523505985750447e+01,2.088061301782110135e+01,1.910497317454279909e+01,3.354101966249684352e+01,4.341658669218482203e+01,3.640054944640259293e+01,3.935733730830885690e+01,3.023255640555190471e+00
3.255764119219941222e+01,2.408318915758459156e+01,2.061552812808830382e+01,1.910497317454279909e+01,3.354101966249684352e+01,4.341658669218482203e+01,3.640054944640259293e+01,3.935733730830885690e+01,3.032417687847920540e+00
3.157530680769388809e+01,2.334523505985750447e+01,2.088061301782110135e+01,2.009975124224177989e+01,3.354101966249684352e+01,4.280186911806539030e+01,3.560898762952971452e+01,3.935733730830885690e+01,3.036380024714184778e+00
3.140063693621516450e+01,2.475883680627989492e+01,2.061552812808830382e+01,1.923538406167134340e+01,3.395585369269929288e+01,4.404543109109047805e+01,3.623534186398687496e+01,3.807886552931954327e+01,2.987919212341499708e+00
2.915475947422650194e+01,2.280350850198275836e+01,2.121320343559642652e+01,1.800000000000000000e+01,3.130495168499705727e+01,4.177319714841084419e+01,3.612478373637688378e+01,3.420526275297414287e+01,2.809056693071533495e+00
3.106444913401813324e+01,2.385372088375312671e+01,1.900000000000000000e+01,1.802775637731994607e+01,3.269556544854363267e+01,4.318564576337836769e+01,3.471310991541956525e+01,3.482814953453599571e+01,2.722891634181097587e+00
2.906888370749726747e+01,2.340939982143925135e+01,2.209072203437452231e+01,1.910497317454279909e+01,3.448187929913333249e+01,4.640043103248072498e+01,3.748332962798262713e+01,3.689173349139343117e+01,2.695487104646389742e+00
3.001666203960726875e+01,2.163330765278393741e+01,2.202271554554523902e+01,1.726267650163206824e+01,3.395585369269929288e+01,4.440720662234903671e+01,3.753664875824691904e+01,3.577708763999663688e+01,2.846909219921632150e+00
3.201562118716424266e+01,2.247220505424423109e+01,2.109502310972898798e+01,1.802775637731994607e+01,3.298484500494128469e+01,4.640043103248072498e+01,3.676955262170046979e+01,3.551056180912940619e+01,2.854510284402650644e+00
2.983286778035259701e+01,1.860107523773827509e+01,2.100000000000000000e+01,1.802775637731994607e+01,3.298484500494128469e+01,4.580392996239514503e+01,3.535533905932737753e+01,3.605551275463989214e+01,2.981679530431573966e+00
2.973213749463701205e+01,1.769180601295413169e+01,2.220360331117451835e+01,1.800000000000000000e+01,3.067572330035593353e+01,4.360045871318327926e+01,3.606937759374286401e+01,3.522782990761707111e+01,3.038511045067092908e+00
3.195309061734091571e+01,2.080865204668481283e+01,2.236067977499789805e+01,1.702938636592640265e+01,3.008321791298264714e+01,4.220189569201838253e+01,3.535533905932737753e+01,3.440930106817050671e+01,3.086943645520447532e+00
3.257299494980465937e+01,2.302172886644267535e+01,2.236067977499789805e+01,1.603121954188139853e+01,3.138470965295043058e+01,4.201190307520000999e+01,3.535533905932737753e+01,3.440930106817050671e+01,3.047540559478977062e+00
3.257299494980465937e+01,2.302172886644267535e+01,2.236067977499789805e+01,1.603121954188139853e+01,3.138470965295043058e+01,4.201190307520000999e+01,3.535533905932737753e+01,3.440930106817050671e+01,3.047540559478977062e+00
3.255764119219941222e+01,2.483948469674844262e+01,2.121320343559642652e+01,1.603121954188139853e+01,3.178049716414140846e+01,4.201190307520000999e+01,3.606937759374286401e+01,3.440930106817050671e+01,2.972946128023147061e+00
3.275667870831839679e+01,2.483948469674844262e+01,2.137755832643194864e+01,1.711724276862369010e+01,3.298484500494128469e+01,4.219004621945797595e+01,3.640054944640259293e+01,3.534119409414458346e+01,3.141592653589793116e+00
3.413209633175202384e+01,2.687005768508880621e+01,2.109502310972898798e+01,1.702938636592640265e+01,3.067572330035593353e+01,3.858756276314947797e+01,3.522782990761707111e+01,3.220248437620923454e+01,3.047851112045544930e+00
3.201562118716424266e+01,2.580697580112788003e+01,2.002498439450078749e+01,1.811077027627483460e+01,3.201562118716424266e+01,3.894868418830089496e+01,3.466987164671942878e+01,3.361547262794321966e+01,3.016817213395393882e+00
3.125699921617556853e+01,2.549509756796392423e+01,2.121320343559642652e+01,1.711724276862369010e+01,3.067572330035593353e+01,3.944616584663204151e+01,3.605551275463989214e+01,3.220248437620923454e+01,2.800261732917441293e+00
2.308679276123039159e+01,2.009975124224177989e+01,1.992485884517127559e+01,1.897366596101027625e+01,3.036445290137795183e+01,4.031128874149274566e+01,3.522782990761707111e+01,3.264965543462901820e+01,2.509975115103722398e+00
2.213594362117865444e+01,1.843908891458577415e+01,2.154065922853801496e+01,1.923538406167134340e+01,3.104834939252004844e+01,4.024922359499621649e+01,3.635931792539568619e+01,3.361547262794321966e+01,2.458378969769124289e+00
2.469817807045693669e+01,1.843908891458577415e+01,2.282542442102665348e+01,1.941648783894759944e+01,3.401470270338990076e+01,3.765634076752546378e+01,3.453983207834108526e+01,4.044749683231336945e+01,2.546213006029557135e+00
2.376972864800942631e+01,1.711724276862369010e+01,2.247220505424423109e+01,1.972308292331602075e+01,3.301514803843835466e+01,3.920459156782531807e+01,3.736308338453881106e+01,3.905124837953326988e+01,2.788433146873914747e+00
2.720294101747088789e+01,1.802775637731994607e+01,2.154065922853801496e+01,1.972308292331602075e+01,3.255764119219941222e+01,3.705401462729781059e+01,3.613862199918530393e+01,4.318564576337836769e+01,2.927531970025971653e+00
2.692582403567251959e+01,1.900000000000000000e+01,2.247220505424423109e+01,2.012461179749810825e+01,3.201562118716424266e+01,3.605551275463989214e+01,3.573513677041127323e+01,4.101219330881975367e+01,2.825325251918718195e+00
2.765863337187866122e+01,2.009975124224177989e+01,2.193171219946130890e+01,1.708800749063506075e+01,3.301514803843835466e+01,3.863935817272331263e+01,3.478505426185217431e+01,3.748332962798262713e+01,2.805137276815299785e+00
2.668332812825266842e+01,2.121320343559642652e+01,2.184032966784155505e+01,1.802775637731994607e+01,2.844292530665578411e+01,3.569313659514949677e+01,3.453983207834108526e+01,3.492849839314595783e+01,2.790698071077572617e+00
2.865309756378880479e+01,2.600000000000000000e+01,2.147091055358388800e+01,1.655294535724684835e+01,2.942787793912432193e+01,3.551056180912940619e+01,3.417601498127012150e+01,3.590264614203248072e+01,2.579776766065756011e+00
2.607680962081059661e+01,2.418677324489564739e+01,2.059126028197400160e+01,1.700000000000000000e+01,2.816025568065744622e+01,3.522782990761707111e+01,3.417601498127012150e+01,3.649657518178931781e+01,2.556875189341231369e+00
2.302172886644267535e+01,2.662705391138869615e+01,2.193171219946130890e+01,1.838477631085023489e+01,2.816025568065744622e+01,3.612478373637688378e+01,3.733630940518894192e+01,4.404543109109047805e+01,2.261157262597766060e+00
2.469817807045693669e+01,2.745906043549196340e+01,2.404163056034261459e+01,1.860107523773827509e+01,2.863564212655270680e+01,3.748332962798262713e+01,3.764306044943742080e+01,4.527692569068708650e+01,2.288337667336040937e+00
2.780287754891568852e+01,2.555386467836127551e+01,2.420743687382040932e+01,1.860107523773827509e+01,3.041381265149109936e+01,4.052159917870962147e+01,3.471310991541956525e+01,4.589117562233506220e+01,2.471294215817753770e+00
2.475883680627989492e+01,2.059126028197400160e+01,2.334523505985750447e+01,1.860107523773827509e+01,3.178049716414140846e+01,3.929376540877699853e+01,3.452535300326413648e+01,4.589117562233506220e+01,2.531798260746822127e+00
2.408318915758459156e+01,1.941648783894759944e+01,2.267156809750926882e+01,1.920937271229854559e+01,3.130495168499705727e+01,4.080441152620633005e+01,3.551056180912940619e+01,4.707440918375927907e+01,2.567234427430520327e+00
2.483948469674844262e+01,1.941648783894759944e+01,2.343074902771996193e+01,1.920937271229854559e+01,3.220248437620923454e+01,4.052159917870962147e+01,3.535533905932737753e+01,4.609772228646443892e+01,2.567234427430520327e+00
2.483948469674844262e+01,1.860107523773827509e+01,2.343074902771996193e+01,2.000000000000000000e+01,3.220248437620923454e+01,4.052159917870962147e+01,3.535533905932737753e+01,4.609772228646443892e+01,2.567234427430520327e+00
2.483948469674844262e+01,1.941648783894759944e+01,2.343074902771996193e+01,1.920937271229854559e+01,3.220248437620923454e+01,4.052159917870962147e+01,3.535533905932737753e+01,4.609772228646443892e+01,2.567234427430520327e+00
2.420743687382040932e+01,1.780449381476485726e+01,2.343074902771996193e+01,2.000000000000000000e+01,3.264965543462901820e+01,4.052159917870962147e+01,3.436568055487916240e+01,4.609772228646443892e+01,2.568308540873513568e+00
2.420743687382040932e+01,1.780449381476485726e+01,2.343074902771996193e+01,2.000000000000000000e+01,3.130495168499705727e+01,3.984971769034255118e+01,3.551056180912940619e+01,4.729693436154187225e+01,2.568308540873513568e+00
2.500000000000000000e+01,1.780449381476485726e+01,2.343074902771996193e+01,2.061552812808830382e+01,3.130495168499705727e+01,4.080441152620633005e+01,3.551056180912940619e+01,4.707440918375927907e+01,2.601555708771090103e+00
2.483948469674844262e+01,1.860107523773827509e+01,2.343074902771996193e+01,2.000000000000000000e+01,3.310589071449369669e+01,3.929376540877699853e+01,3.535533905932737753e+01,4.632493928760187885e+01,2.553590050042225723e+00
2.343074902771996193e+01,1.843908891458577415e+01,2.343074902771996193e+01,2.000000000000000000e+01,3.310589071449369669e+01,4.002499219237900263e+01,3.535533905932737753e+01,4.512205669071391156e+01,2.521343167606971747e+00
2.420743687382040932e+01,1.780449381476485726e+01,2.267156809750926882e+01,2.061552812808830382e+01,3.264965543462901820e+01,3.956008088970496317e+01,3.436568055487916240e+01,4.632493928760187885e+01,2.601555708771090103e+00
2.420743687382040932e+01,1.860107523773827509e+01,2.343074902771996193e+01,1.920937271229854559e+01,3.220248437620923454e+01,4.026164427839479032e+01,3.551056180912940619e+01,4.609772228646443892e+01,2.554664163485218964e+00
2.420743687382040932e+01,1.860107523773827509e+01,2.343074902771996193e+01,1.920937271229854559e+01,3.264965543462901820e+01,4.026164427839479032e+01,3.452535300326413648e+01,4.609772228646443892e+01,2.554664163485218964e+00
2.420743687382040932e+01,1.780449381476485726e+01,2.343074902771996193e+01,2.000000000000000000e+01,3.220248437620923454e+01,4.026164427839479032e+01,3.551056180912940619e+01,4.609772228646443892e+01,2.554664163485218964e+00
2.420743687382040932e+01,1.780449381476485726e+01,2.343074902771996193e+01,2.000000000000000000e+01,3.354101966249684352e+01,4.026164427839479032e+01,3.436568055487916240e+01,4.609772228646443892e+01,2.554664163485218964e+00
2.420743687382040932e+01,1.780449381476485726e+01,2.343074902771996193e+01,2.000000000000000000e+01,3.264965543462901820e+01,4.026164427839479032e+01,3.436568055487916240e+01,4.512205669071391156e+01,2.568308540873513568e+00
2.441311123146740414e+01,1.780449381476485726e+01,2.343074902771996193e+01,1.984943324127920761e+01,3.176476034853718033e+01,4.080441152620633005e+01,3.535533905932737753e+01,4.632493928760187885e+01,2.627076135896982301e+00
2.360084744241189370e+01,1.780449381476485726e+01,2.343074902771996193e+01,1.920937271229854559e+01,3.264965543462901820e+01,4.123105625617660763e+01,3.535533905932737753e+01,4.512205669071391156e+01,2.578885096496623675e+00
2.360084744241189370e+01,1.702938636592640265e+01,2.267156809750926882e+01,2.061552812808830382e+01,3.176476034853718033e+01,4.052159917870962147e+01,3.535533905932737753e+01,4.535416188179426911e+01,2.627076135896982301e+00
2.441311123146740414e+01,1.780449381476485726e+01,2.420743687382040932e+01,1.920937271229854559e+01,3.312099032335839155e+01,4.123105625617660763e+01,3.452535300326413648e+01,4.609772228646443892e+01,2.565335790200092614e+00
2.360084744241189370e+01,1.780449381476485726e+01,2.267156809750926882e+01,1.984943324127920761e+01,3.176476034853718033e+01,4.052159917870962147e+01,3.551056180912940619e+01,4.632493928760187885e+01,2.613272484798160100e+00
2.360084744241189370e+01,1.780449381476485726e+01,2.267156809750926882e+01,1.984943324127920761e+01,3.224903099319419653e+01,4.148493702538308270e+01,3.436568055487916240e+01,4.512205669071391156e+01,2.627076135896982301e+00
2.360084744241189370e+01,1.780449381476485726e+01,2.267156809750926882e+01,1.984943324127920761e+01,3.224903099319419653e+01,4.052159917870962147e+01,3.436568055487916240e+01,4.535416188179426911e+01,2.627076135896982301e+00
2.360084744241189370e+01,1.802775637731994607e+01,2.267156809750926882e+01,1.843908891458577415e+01,3.224903099319419653e+01,4.148493702538308270e+01,3.436568055487916240e+01,4.512205669071391156e+01,2.627076135896982301e+00
2.360084744241189370e+01,1.802775637731994607e+01,2.267156809750926882e+01,1.843908891458577415e+01,3.224903099319419653e+01,4.052159917870962147e+01,3.436568055487916240e+01,4.535416188179426911e+01,2.627076135896982301e+00
2.360084744241189370e+01,1.802775637731994607e+01,2.334523505985750447e+01,1.920937271229854559e+01,3.312099032335839155e+01,4.052159917870962147e+01,3.324154027718932269e+01,4.512205669071391156e+01,2.615463412630554263e+00
2.280350850198275836e+01,1.860107523773827509e+01,2.334523505985750447e+01,1.920937271229854559e+01,3.264965543462901820e+01,4.026164427839479032e+01,3.423448553724738019e+01,4.414748010928823163e+01,2.582216244732977728e+00
2.360084744241189370e+01,1.802775637731994607e+01,2.334523505985750447e+01,1.920937271229854559e+01,3.176476034853718033e+01,4.052159917870962147e+01,3.436568055487916240e+01,4.512205669071391156e+01,2.615463412630554263e+00
2.360084744241189370e+01,1.802775637731994607e+01,2.334523505985750447e+01,1.920937271229854559e+01,3.176476034853718033e+01,4.052159917870962147e+01,3.452535300326413648e+01,4.609772228646443892e+01,2.601555708771090103e+00
2.360084744241189370e+01,1.860107523773827509e+01,2.408318915758459156e+01,1.920937271229854559e+01,3.176476034853718033e+01,4.148493702538308270e+01,3.452535300326413648e+01,4.589117562233506220e+01,2.568308540873513568e+00
2.360084744241189370e+01,1.860107523773827509e+01,2.408318915758459156e+01,1.920937271229854559e+01,3.176476034853718033e+01,4.026164427839479032e+01,3.436568055487916240e+01,4.414748010928823163e+01,2.582216244732977728e+00
2.360084744241189370e+01,1.860107523773827509e+01,2.408318915758459156e+01,1.920937271229854559e+01,3.176476034853718033e+01,4.026164427839479032e+01,3.436568055487916240e+01,4.414748010928823163e+01,2.582216244732977728e+00
2.360084744241189370e+01,1.860107523773827509e+01,2.408318915758459156e+01,1.920937271229854559e+01,3.176476034853718033e+01,4.052159917870962147e+01,3.452535300326413648e+01,4.609772228646443892e+01,2.568308540873513568e+00
2.360084744241189370e+01,1.860107523773827509e+01,2.408318915758459156e+01,1.920937271229854559e+01,3.176476034853718033e+01,4.052159917870962147e+01,3.436568055487916240e+01,4.512205669071391156e+01,2.582216244732977728e+00
2.630589287593181069e+01,1.503329637837290811e+01,2.325940669922601600e+01,1.802775637731994607e+01,3.162277660168379256e+01,3.807886552931954327e+01,3.535533905932737753e+01,4.472135954999579610e+01,3.049862675839768222e+00
2.765863337187866122e+01,1.824828759089465890e+01,2.416609194718914466e+01,1.720465053408525335e+01,3.178049716414140846e+01,3.649657518178931781e+01,3.535533905932737753e+01,4.242640687119285303e+01,2.978621435989114996e+00
2.765863337187866122e+01,1.824828759089465890e+01,2.376972864800942631e+01,1.802775637731994607e+01,3.104834939252004844e+01,3.649657518178931781e+01,3.452535300326413648e+01,4.242640687119285303e+01,3.004303861295750000e+00
2.816025568065744622e+01,1.923538406167134340e+01,2.325940669922601600e+01,1.720465053408525335e+01,3.132091952673165025e+01,3.765634076752546378e+01,3.436568055487916240e+01,4.242640687119285303e+01,2.988616981076228196e+00
2.789265136196270589e+01,1.824828759089465890e+01,2.325940669922601600e+01,1.720465053408525335e+01,3.132091952673165025e+01,3.667424164178449786e+01,3.436568055487916240e+01,4.257933771208753626e+01,3.004056262826590107e+00
2.789265136196270589e+01,1.811077027627483460e+01,2.370653918225939449e+01,1.720465053408525335e+01,3.132091952673165025e+01,3.667424164178449786e+01,3.436568055487916240e+01,4.257933771208753626e+01,2.977547322546121311e+00
2.692582403567251959e+01,1.811077027627483460e+01,2.325940669922601600e+01,1.720465053408525335e+01,3.132091952673165025e+01,3.667424164178449786e+01,3.436568055487916240e+01,4.257933771208753626e+01,2.977547322546121311e+00
2.816025568065744622e+01,1.811077027627483460e+01,2.282542442102665348e+01,1.720465053408525335e+01,3.132091952673165025e+01,3.667424164178449786e+01,3.436568055487916240e+01,4.257933771208753626e+01,2.977547322546121311e+00
2.720294101747088789e+01,1.811077027627483460e+01,2.236067977499789805e+01,1.720465053408525335e+01,3.132091952673165025e+01,3.667424164178449786e+01,3.436568055487916240e+01,4.257933771208753626e+01,2.977547322546121311e+00
2.720294101747088789e+01,1.811077027627483460e+01,2.236067977499789805e+01,1.720465053408525335e+01,3.036445290137795183e+01,3.667424164178449786e+01,3.452535300326413648e+01,4.257933771208753626e+01,2.977547322546121311e+00
2.720294101747088789e+01,1.811077027627483460e+01,2.236067977499789805e+01,1.720465053408525335e+01,3.132091952673165025e+01,3.765634076752546378e+01,3.436568055487916240e+01,4.242640687119285303e+01,2.977547322546121311e+00
2.720294101747088789e+01,1.811077027627483460e+01,2.236067977499789805e+01,1.720465053408525335e+01,3.132091952673165025e+01,3.667424164178449786e+01,3.436568055487916240e+01,4.257933771208753626e+01,2.977547322546121311e+00
2.720294101747088789e+01,1.811077027627483460e+01,2.236067977499789805e+01,1.720465053408525335e+01,3.132091952673165025e+01,3.765634076752546378e+01,3.436568055487916240e+01,4.242640687119285303e+01,2.977547322546121311e+00
2.720294101747088789e+01,1.811077027627483460e+01,2.236067977499789805e+01,1.720465053408525335e+01,3.132091952673165025e+01,3.765634076752546378e+01,3.436568055487916240e+01,4.242640687119285303e+01,2.977547322546121311e+00
2.720294101747088789e+01,1.811077027627483460e+01,2.236067977499789805e+01,1.720465053408525335e+01,3.132091952673165025e+01,3.765634076752546378e+01,3.436568055487916240e+01,4.242640687119285303e+01,2.977547322546121311e+00
2.720294101747088789e+01,1.811077027627483460e+01,2.236067977499789805e+01,1.720465053408525335e+01,3.132091952673165025e+01,3.765634076752546378e+01,3.436568055487916240e+01,4.242640687119285303e+01,2.977547322546121311e+00
2.720294101747088789e+01,1.811077027627483460e+01,2.236067977499789805e+01,1.720465053408525335e+01,3.132091952673165025e+01,3.765634076752546378e+01,3.436568055487916240e+01,4.242640687119285303e+01,2.977547322546121311e+00
2.720294101747088789e+01,1.811077027627483460e+01,2.236067977499789805e+01,1.720465053408525335e+01,3.132091952673165025e+01,3.765634076752546378e+01,3.436568055487916240e+01,4.242640687119285303e+01,2.977547322546121311e+00
2.720294101747088789e+01,1.811077027627483460e+01,2.236067977499789805e+01,1.720465053408525335e+01,3.132091952673165025e+01,3.765634076752546378e+01,3.436568055487916240e+01,4.242640687119285303e+01,2.977547322546121311e+00
2.720294101747088789e+01,1.811077027627483460e+01,2.236067977499789805e+01,1.720465053408525335e+01,3.132091952673165025e+01,3.765634076752546378e+01,3.436568055487916240e+01,4.242640687119285303e+01,2.977547322546121311e+00
2.720294101747088789e+01,1.811077027627483460e+01,2.236067977499789805e+01,1.720465053408525335e+01,3.132091952673165025e+01,3.765634076752546378e+01,3.436568055487916240e+01,4.242640687119285303e+01,2.977547322546121311e+00
2.720294101747088789e+01,1.811077027627483460e+01,2.236067977499789805e+01,1.720465053408525335e+01,3.132091952673165025e+01,3.765634076752546378e+01,3.436568055487916240e+01,4.242640687119285303e+01,2.977547322546121311e+00
2.720294101747088789e+01,1.811077027627483460e+01,2.236067977499789805e+01,1.720465053408525335e+01,3.132091952673165025e+01,3.765634076752546378e+01,3.436568055487916240e+01,4.242640687119285303e+01,2.977547322546121311e+00
2.720294101747088789e+01,1.811077027627483460e+01,2.236067977499789805e+01,1.720465053408525335e+01,3.132091952673165025e+01,3.667424164178449786e+01,3.436568055487916240e+01,4.257933771208753626e+01,2.977547322546121311e+00
2.816025568065744622e+01,1.811077027627483460e+01,2.370653918225939449e+01,1.780449381476485726e+01,3.104834939252004844e+01,3.569313659514949677e+01,3.436568055487916240e+01,4.257933771208753626e+01,2.951020338872243354e+00
2.720294101747088789e+01,1.811077027627483460e+01,2.236067977499789805e+01,1.720465053408525335e+01,3.132091952673165025e+01,3.687817782917154830e+01,3.436568055487916240e+01,4.356604182158393002e+01,2.977547322546121311e+00
2.720294101747088789e+01,1.811077027627483460e+01,2.325940669922601600e+01,1.780449381476485726e+01,3.104834939252004844e+01,3.569313659514949677e+01,3.436568055487916240e+01,4.257933771208753626e+01,2.951020338872243354e+00
2.720294101747088789e+01,1.811077027627483460e+01,2.236067977499789805e+01,1.720465053408525335e+01,3.132091952673165025e+01,3.667424164178449786e+01,3.436568055487916240e+01,4.257933771208753626e+01,2.977547322546121311e+00
2.720294101747088789e+01,1.811077027627483460e+01,2.325940669922601600e+01,1.780449381476485726e+01,3.104834939252004844e+01,3.667424164178449786e+01,3.436568055487916240e+01,4.242640687119285303e+01,2.951020338872243354e+00
2.720294101747088789e+01,1.811077027627483460e+01,2.236067977499789805e+01,1.720465053408525335e+01,3.132091952673165025e+01,3.667424164178449786e+01,3.436568055487916240e+01,4.257933771208753626e+01,2.977547322546121311e+00
2.720294101747088789e+01,1.811077027627483460e+01,2.236067977499789805e+01,1.720465053408525335e+01,3.132091952673165025e+01,3.765634076752546378e+01,3.436568055487916240e+01,4.242640687119285303e+01,2.977547322546121311e+00
2.624880949681337583e+01,1.802775637731994607e+01,2.236067977499789805e+01,1.720465053408525335e+01,3.132091952673165025e+01,3.765634076752546378e+01,3.436568055487916240e+01,4.242640687119285303e+01,2.950210384288296961e+00
2.657066051117284644e+01,1.902629759044044633e+01,2.236067977499789805e+01,1.720465053408525335e+01,3.132091952673165025e+01,3.765634076752546378e+01,3.436568055487916240e+01,4.242640687119285303e+01,2.935746590673270262e+00
2.657066051117284644e+01,1.902629759044044633e+01,2.325940669922601600e+01,1.780449381476485726e+01,3.104834939252004844e+01,3.667424164178449786e+01,3.436568055487916240e+01,4.242640687119285303e+01,2.910501986393896345e+00
2.657066051117284644e+01,1.902629759044044633e+01,2.325940669922601600e+01,1.780449381476485726e+01,3.104834939252004844e+01,3.667424164178449786e+01,3.436568055487916240e+01,4.242640687119285303e+01,2.910501986393896345e+00
2.751363298439520833e+01,1.910497317454279909e+01,2.325940669922601600e+01,1.780449381476485726e+01,3.104834939252004844e+01,3.667424164178449786e+01,3.436568055487916240e+01,4.242640687119285303e+01,2.936811703646818650e+00
2.751363298439520833e+01,1.910497317454279909e+01,2.325940669922601600e+01,1.780449381476485726e+01,3.104834939252004844e+01,3.667424164178449786e+01,3.436568055487916240e+01,4.242640687119285303e+01,2.936811703646818650e+00
2.657066051117284644e+01,1.902629759044044633e+01,2.325940669922601600e+01,1.780449381476485726e+01,3.104834939252004844e+01,3.667424164178449786e+01,3.436568055487916240e+01,4.242640687119285303e+01,2.910501986393896345e+00
2.657066051117284644e+01,1.902629759044044633e+01,2.325940669922601600e+01,1.780449381476485726e+01,3.104834939252004844e+01,3.667424164178449786e+01,3.436568055487916240e+01,4.242640687119285303e+01,2.910501986393896345e+00
2.657066051117284644e+01,1.902629759044044633e+01,2.325940669922601600e+01,1.780449381476485726e+01,3.104834939252004844e+01,3.667424164178449786e+01,3.436568055487916240e+01,4.242640687119285303e+01,2.910501986393896345e+00
2.657066051117284644e+01,1.902629759044044633e+01,2.236067977499789805e+01,1.720465053408525335e+01,3.132091952673165025e+01,3.765634076752546378e+01,3.436568055487916240e+01,4.242640687119285303e+01,2.935746590673270262e+00
2.473863375370596174e+01,1.603121954188139853e+01,2.236067977499789805e+01,1.802775637731994607e+01,3.132091952673165025e+01,3.765634076752546378e+01,3.436568055487916240e+01,4.242640687119285303e+01,2.952342577219179365e+00
2.418677324489564739e+01,1.503329637837290811e+01,2.284731931759172596e+01,1.835755975068581947e+01,3.041381265149109936e+01,3.634556369077249371e+01,3.569313659514949677e+01,4.219004621945797595e+01,2.953735148632946839e+00
2.451530134426252516e+01,1.702938636592640265e+01,2.213594362117865444e+01,1.835755975068581947e+01,3.026549190084311292e+01,3.721558813185679071e+01,3.590264614203248072e+01,4.204759208325727826e+01,2.948255042480248278e+00
2.668332812825266842e+01,1.811077027627483460e+01,2.247220505424423109e+01,1.835755975068581947e+01,3.140063693621516450e+01,3.535533905932737753e+01,3.551056180912940619e+01,4.229657196511320194e+01,2.983138436836951790e+00
2.789265136196270589e+01,1.923538406167134340e+01,2.284731931759172596e+01,1.749285568453590045e+01,3.157530680769388809e+01,3.535533905932737753e+01,3.452535300326413648e+01,4.229657196511320194e+01,2.966473313123011213e+00
2.789265136196270589e+01,1.923538406167134340e+01,2.247220505424423109e+01,1.835755975068581947e+01,3.059411708155671050e+01,3.551056180912940619e+01,3.452535300326413648e+01,4.229657196511320194e+01,3.004976693100767093e+00
2.435159132377184221e+01,1.811077027627483460e+01,2.282542442102665348e+01,1.720465053408525335e+01,3.080584360149872580e+01,3.649657518178931781e+01,3.452535300326413648e+01,4.229657196511320194e+01,2.825930304030634943e+00
2.416609194718914466e+01,1.868154169226940553e+01,2.302172886644267535e+01,1.780449381476485726e+01,3.059411708155671050e+01,3.551056180912940619e+01,3.551056180912940619e+01,4.242640687119285303e+01,2.721958752105976487e+00
2.284731931759172596e+01,1.802775637731994607e+01,2.302172886644267535e+01,1.780449381476485726e+01,3.080584360149872580e+01,3.569313659514949677e+01,3.551056180912940619e+01,4.356604182158393002e+01,2.711266040467234628e+00
2.284731931759172596e+01,1.802775637731994607e+01,2.302172886644267535e+01,1.780449381476485726e+01,3.080584360149872580e+01,3.667424164178449786e+01,3.551056180912940619e+01,4.341658669218482203e+01,2.711266040467234628e+00
2.284731931759172596e+01,1.708800749063506075e+01,2.220360331117451835e+01,1.780449381476485726e+01,3.104834939252004844e+01,3.765634076752546378e+01,3.535533905932737753e+01,4.242640687119285303e+01,2.746456655350224096e+00
2.247220505424423109e+01,1.615549442140351033e+01,2.220360331117451835e+01,1.780449381476485726e+01,3.104834939252004844e+01,3.765634076752546378e+01,3.551056180912940619e+01,4.341658669218482203e+01,2.743070207923373083e+00
2.247220505424423109e+01,1.581138830084189628e+01,2.220360331117451835e+01,1.702938636592640265e+01,3.104834939252004844e+01,3.765634076752546378e+01,3.535533905932737753e+01,4.242640687119285303e+01,2.756900139885777534e+00
2.340939982143925135e+01,1.581138830084189628e+01,2.280350850198275836e+01,1.702938636592640265e+01,3.104834939252004844e+01,3.748332962798262713e+01,3.535533905932737753e+01,4.143669871020131978e+01,2.756900139885777534e+00
2.376972864800942631e+01,1.676305461424021104e+01,2.280350850198275836e+01,1.702938636592640265e+01,3.104834939252004844e+01,3.765634076752546378e+01,3.535533905932737753e+01,4.242640687119285303e+01,2.746456655350224096e+00
2.376972864800942631e+01,1.676305461424021104e+01,2.280350850198275836e+01,1.702938636592640265e+01,3.104834939252004844e+01,3.765634076752546378e+01,3.535533905932737753e+01,4.242640687119285303e+01,2.746456655350224096e+00
2.376972864800942631e+01,1.676305461424021104e+01,2.280350850198275836e+01,1.702938636592640265e+01,3.104834939252004844e+01,3.765634076752546378e+01,3.535533905932737753e+01,4.242640687119285303e+01,2.746456655350224096e+00
2.376972864800942631e+01,1.676305461424021104e+01,2.280350850198275836e+01,1.702938636592640265e+01,3.104834939252004844e+01,3.748332962798262713e+01,3.551056180912940619e+01,4.242640687119285303e+01,2.732626723387819645e+00
2.376972864800942631e+01,1.676305461424021104e+01,2.280350850198275836e+01,1.702938636592640265e+01,3.104834939252004844e+01,3.765634076752546378e+01,3.535533905932737753e+01,4.242640687119285303e+01,2.746456655350224096e+00
2.376972864800942631e+01,1.676305461424021104e+01,2.280350850198275836e+01,1.702938636592640265e+01,3.104834939252004844e+01,3.765634076752546378e+01,3.535533905932737753e+01,4.242640687119285303e+01,2.746456655350224096e+00
2.376972864800942631e+01,1.676305461424021104e+01,2.280350850198275836e+01,1.702938636592640265e+01,3.104834939252004844e+01,3.765634076752546378e+01,3.535533905932737753e+01,4.242640687119285303e+01,2.746456655350224096e+00
2.376972864800942631e+01,1.676305461424021104e+01,2.280350850198275836e+01,1.702938636592640265e+01,3.104834939252004844e+01,3.765634076752546378e+01,3.535533905932737753e+01,4.242640687119285303e+01,2.746456655350224096e+00
2.376972864800942631e+01,1.676305461424021104e+01,2.280350850198275836e+01,1.702938636592640265e+01,3.104834939252004844e+01,3.765634076752546378e+01,3.535533905932737753e+01,4.242640687119285303e+01,2.746456655350224096e+00
2.376972864800942631e+01,1.676305461424021104e+01,2.280350850198275836e+01,1.702938636592640265e+01,3.104834939252004844e+01,3.765634076752546378e+01,3.535533905932737753e+01,4.242640687119285303e+01,2.746456655350224096e+00
2.284731931759172596e+01,1.615549442140351033e+01,2.220360331117451835e+01,1.843908891458577415e+01,3.162277660168379256e+01,3.765634076752546378e+01,3.535533905932737753e+01,4.275511665286389729e+01,2.768604931789732326e+00
2.416609194718914466e+01,1.746424919657297892e+01,2.302172886644267535e+01,1.769180601295413169e+01,3.361547262794321966e+01,3.981205847478876336e+01,3.535533905932737753e+01,4.491102314577123877e+01,2.799011779156933777e+00
2.549509756796392423e+01,1.746424919657297892e+01,2.302172886644267535e+01,1.910497317454279909e+01,3.231098884280702066e+01,3.981205847478876336e+01,3.535533905932737753e+01,4.373785545725807822e+01,2.823255055224689336e+00
2.416609194718914466e+01,1.676305461424021104e+01,2.220360331117451835e+01,1.843908891458577415e+01,3.310589071449369669e+01,4.079215610874227593e+01,3.436568055487916240e+01,4.373785545725807822e+01,2.822557024649419155e+00
2.376972864800942631e+01,1.552417469626002422e+01,2.247220505424423109e+01,1.910497317454279909e+01,3.269556544854363267e+01,4.026164427839479032e+01,3.423448553724738019e+01,4.472135954999579610e+01,2.858355156411741760e+00
2.435159132377184221e+01,1.552417469626002422e+01,2.302172886644267535e+01,1.843908891458577415e+01,3.269556544854363267e+01,4.026164427839479032e+01,3.423448553724738019e+01,4.472135954999579610e+01,2.870036868001978991e+00
2.469817807045693669e+01,1.552417469626002422e+01,2.220360331117451835e+01,1.843908891458577415e+01,3.269556544854363267e+01,4.002499219237900263e+01,3.423448553724738019e+01,4.373785545725807822e+01,2.870036868001978991e+00
2.529822128134703618e+01,1.529705854077835525e+01,2.302172886644267535e+01,1.843908891458577415e+01,3.101612483854164637e+01,3.905124837953326988e+01,3.535533905932737753e+01,4.373785545725807822e+01,2.891960155532870225e+00
2.844292530665578411e+01,1.486606874731850603e+01,2.353720459187963954e+01,1.843908891458577415e+01,2.816025568065744622e+01,3.551056180912940619e+01,3.535533905932737753e+01,3.911521443121588959e+01,3.333251118279181302e+00
2.927456233660889495e+01,1.886796226411320632e+01,2.308679276123039159e+01,1.726267650163206824e+01,2.800000000000000000e+01,3.512833614050059339e+01,3.436568055487916240e+01,3.601388621073821383e+01,3.328707733102817201e+00
3.001666203960726875e+01,1.931320791582796659e+01,2.280350850198275836e+01,1.726267650163206824e+01,2.901723625709381693e+01,3.601388621073821383e+01,3.423448553724738019e+01,3.413209633175202384e+01,3.208160817365616868e+00
2.801785145224380003e+01,1.746424919657297892e+01,2.280350850198275836e+01,1.843908891458577415e+01,2.707397274136176790e+01,3.605551275463989214e+01,3.423448553724738019e+01,3.324154027718932269e+01,3.180715959392045988e+00
2.801785145224380003e+01,1.726267650163206824e+01,2.118962010041709121e+01,1.843908891458577415e+01,2.800000000000000000e+01,3.705401462729781059e+01,3.436568055487916240e+01,3.512833614050059339e+01,3.156516918579878261e+00
2.402082429892862692e+01,1.513274595042155646e+01,1.969771560359220786e+01,1.843908891458577415e+01,2.906888370749726747e+01,3.721558813185679071e+01,3.535533905932737753e+01,3.800000000000000000e+01,3.098315762024590470e+00
2.630589287593181069e+01,1.702938636592640265e+01,2.059126028197400160e+01,1.772004514666934938e+01,2.915475947422650194e+01,3.551056180912940619e+01,3.413209633175202384e+01,3.805259518088089266e+01,3.057328107146373153e+00
2.647640458974745314e+01,1.612451549659709826e+01,2.247220505424423109e+01,1.788854381999831844e+01,3.041381265149109936e+01,3.613862199918530393e+01,3.306055050963308162e+01,4.110960958218893069e+01,2.969774232296909400e+00
2.801785145224380003e+01,1.612451549659709826e+01,2.061552812808830382e+01,1.843908891458577415e+01,2.647640458974745314e+01,3.605551275463989214e+01,3.201562118716424266e+01,3.911521443121588959e+01,3.296589395513734200e+00
2.844292530665578411e+01,1.910497317454279909e+01,2.236067977499789805e+01,1.708800749063506075e+01,2.707397274136176790e+01,3.471310991541956525e+01,3.405877273185280529e+01,3.605551275463989214e+01,3.087496398817504595e+00
2.906888370749726747e+01,1.746424919657297892e+01,2.284731931759172596e+01,1.708800749063506075e+01,2.816025568065744622e+01,3.324154027718932269e+01,3.201562118716424266e+01,3.811823710509183627e+01,3.165414861019814730e+00
3.125699921617556853e+01,1.868154169226940553e+01,2.193171219946130890e+01,1.802775637731994607e+01,2.816025568065744622e+01,3.517101079013794873e+01,3.301514803843835466e+01,3.805259518088089266e+01,3.205420613846665212e+00
2.816025568065744622e+01,1.711724276862369010e+01,2.102379604162863913e+01,1.772004514666934938e+01,2.745906043549196340e+01,3.511409973215887703e+01,3.101612483854164637e+01,4.011234224026316042e+01,3.192907082833435606e+00
2.789265136196270589e+01,2.009975124224177989e+01,2.102379604162863913e+01,1.708800749063506075e+01,2.729468812791236232e+01,3.544009029333869876e+01,3.206243908376279705e+01,3.905124837953326988e+01,3.069018009445717787e+00
2.915475947422650194e+01,1.726267650163206824e+01,2.061552812808830382e+01,1.868154169226940553e+01,2.630589287593181069e+01,3.478505426185217431e+01,3.114482300479487265e+01,4.004996878900157498e+01,3.211817811937919931e+00
2.927456233660889495e+01,1.824828759089465890e+01,2.102379604162863913e+01,1.772004514666934938e+01,2.729468812791236232e+01,3.640054944640259293e+01,3.306055050963308162e+01,3.905124837953326988e+01,3.192561748441328007e+00
2.844292530665578411e+01,1.811077027627483460e+01,2.102379604162863913e+01,1.802775637731994607e+01,2.716615541441224835e+01,3.544009029333869876e+01,3.214031735997639316e+01,4.001249804748510996e+01,3.102605327138761027e+00
3.214031735997639316e+01,1.802775637731994607e+01,2.061552812808830382e+01,1.868154169226940553e+01,2.729468812791236232e+01,3.448187929913333249e+01,3.114482300479487265e+01,4.004996878900157498e+01,3.261815440251102594e+00
3.125699921617556853e+01,1.843908891458577415e+01,2.193171219946130890e+01,1.897366596101027625e+01,2.816025568065744622e+01,3.517101079013794873e+01,3.214031735997639316e+01,4.001249804748510996e+01,3.158673777980369746e+00
2.942787793912432193e+01,1.941648783894759944e+01,2.154065922853801496e+01,1.802775637731994607e+01,2.617250465660480074e+01,3.352610922848042208e+01,3.114482300479487265e+01,3.905124837953326988e+01,3.134053385883259768e+00
2.961418578992169515e+01,2.022374841615668473e+01,2.193171219946130890e+01,1.802775637731994607e+01,2.707397274136176790e+01,3.395585369269929288e+01,3.224903099319419653e+01,3.901281840626231912e+01,3.058011232448392125e+00
3.306055050963308162e+01,1.931320791582796659e+01,2.247220505424423109e+01,1.868154169226940553e+01,2.617250465660480074e+01,3.352610922848042208e+01,3.114482300479487265e+01,3.905124837953326988e+01,3.262434303657833379e+00
3.041381265149109936e+01,2.061552812808830382e+01,2.247220505424423109e+01,1.802775637731994607e+01,2.617250465660480074e+01,3.352610922848042208e+01,3.114482300479487265e+01,3.905124837953326988e+01,3.137650492670803537e+00
2.961418578992169515e+01,2.121320343559642652e+01,2.193171219946130890e+01,1.772004514666934938e+01,2.807133769523639799e+01,3.471310991541956525e+01,3.313608305156178346e+01,3.801315561749642313e+01,3.072422136215988253e+00
3.157530680769388809e+01,2.184032966784155505e+01,2.154065922853801496e+01,1.772004514666934938e+01,2.707397274136176790e+01,3.395585369269929288e+01,3.206243908376279705e+01,3.701351104664349378e+01,3.159643561909943443e+00
3.313608305156178346e+01,1.931320791582796659e+01,2.193171219946130890e+01,1.772004514666934938e+01,2.816025568065744622e+01,3.492849839314595783e+01,3.214031735997639316e+01,3.901281840626231912e+01,3.223398059395961468e+00
2.942787793912432193e+01,2.039607805437113797e+01,2.284731931759172596e+01,1.708800749063506075e+01,2.707397274136176790e+01,3.298484500494128469e+01,3.114482300479487265e+01,3.801315561749642313e+01,3.059473219710864278e+00
3.041381265149109936e+01,2.061552812808830382e+01,2.284731931759172596e+01,1.708800749063506075e+01,2.807133769523639799e+01,3.373425558686599857e+01,3.214031735997639316e+01,3.801315561749642313e+01,3.081729411614704262e+00
3.306055050963308162e+01,1.802775637731994607e+01,2.284731931759172596e+01,1.897366596101027625e+01,2.716615541441224835e+01,3.420526275297414287e+01,3.114482300479487265e+01,3.901281840626231912e+01,3.225284849609812099e+00
3.041381265149109936e+01,2.061552812808830382e+01,2.284731931759172596e+01,1.708800749063506075e+01,2.816025568065744622e+01,3.395585369269929288e+01,3.114482300479487265e+01,3.901281840626231912e+01,3.081729411614704262e+00
3.041381265149109936e+01,2.039607805437113797e+01,2.193171219946130890e+01,1.772004514666934938e+01,2.816025568065744622e+01,3.492849839314595783e+01,3.214031735997639316e+01,3.901281840626231912e+01,3.115386334695915416e+00
3.214031735997639316e+01,2.024845673131658685e+01,2.308679276123039159e+01,1.897366596101027625e+01,2.716615541441224835e+01,3.448187929913333249e+01,3.106444913401813324e+01,3.901281840626231912e+01,3.220791724559244784e+00
3.001666203960726875e+01,1.868154169226940553e+01,2.340939982143925135e+01,1.772004514666934938e+01,2.701851217221259205e+01,3.275667870831839679e+01,3.206243908376279705e+01,3.601388621073821383e+01,3.183800927688627880e+00
2.927456233660889495e+01,2.340939982143925135e+01,2.308679276123039159e+01,1.456021977856103611e+01,2.601922366251537611e+01,2.941088233970548416e+01,3.000000000000000000e+01,3.512833614050059339e+01,3.145946762503743166e+00
2.927456233660889495e+01,2.024845673131658685e+01,2.024845673131658685e+01,1.552417469626002422e+01,2.500000000000000000e+01,2.816025568065744622e+01,3.001666203960726875e+01,3.413209633175202384e+01,3.190681553048364094e+00
3.080584360149872580e+01,2.507987240796890660e+01,1.992485884517127559e+01,1.431782106327635340e+01,2.300000000000000000e+01,2.816025568065744622e+01,2.901723625709381693e+01,3.206243908376279705e+01,3.195675201094489548e+00
2.863564212655270680e+01,2.376972864800942631e+01,2.059126028197400160e+01,1.204159457879229578e+01,2.501999200639360765e+01,2.692582403567251959e+01,2.801785145224380003e+01,3.622154055254966920e+01,3.054187055226360581e+00
2.915475947422650194e+01,2.435159132377184221e+01,2.061552812808830382e+01,1.303840481040529831e+01,2.308679276123039159e+01,2.863564212655270680e+01,3.006659275674581622e+01,3.100000000000000000e+01,3.174884467724147896e+00
3.214031735997639316e+01,2.376972864800942631e+01,2.059126028197400160e+01,1.303840481040529831e+01,2.308679276123039159e+01,2.941088233970548416e+01,2.801785145224380003e+01,3.306055050963308162e+01,3.275501497574151877e+00
3.535533905932737753e+01,2.729468812791236232e+01,2.059126028197400160e+01,1.204159457879229578e+01,2.302172886644267535e+01,2.886173937932362321e+01,2.901723625709381693e+01,3.100000000000000000e+01,3.260007123958160058e+00
3.413209633175202384e+01,2.555386467836127551e+01,1.972308292331602075e+01,1.118033988749894903e+01,2.400000000000000000e+01,3.026549190084311292e+01,2.701851217221259205e+01,2.915475947422650194e+01,3.270695130811726692e+00
3.420526275297414287e+01,2.863564212655270680e+01,1.923538406167134340e+01,1.200000000000000000e+01,2.302172886644267535e+01,2.846049894151541437e+01,2.801785145224380003e+01,3.306055050963308162e+01,3.195675201094489548e+00
3.352610922848042208e+01,2.954657340538831534e+01,1.972308292331602075e+01,1.000000000000000000e+01,2.302172886644267535e+01,2.886173937932362321e+01,2.701851217221259205e+01,3.106444913401813324e+01,3.079882488950006270e+00
3.448187929913333249e+01,2.915475947422650194e+01,1.972308292331602075e+01,1.200000000000000000e+01,2.400000000000000000e+01,2.863564212655270680e+01,2.701851217221259205e+01,3.101612483854164637e+01,3.100205257898744016e+00
3.522782990761707111e+01,2.418677324489564739e+01,2.109502310972898798e+01,1.204159457879229578e+01,2.202271554554523902e+01,2.846049894151541437e+01,2.807133769523639799e+01,3.300000000000000000e+01,3.243799371697046574e+00
3.125699921617556853e+01,2.505992817228333536e+01,1.788854381999831844e+01,1.118033988749894903e+01,2.300000000000000000e+01,2.942787793912432193e+01,2.707397274136176790e+01,3.006659275674581622e+01,3.249689817339549425e+00
3.352610922848042208e+01,2.973213749463701205e+01,2.147091055358388800e+01,1.204159457879229578e+01,2.418677324489564739e+01,3.101612483854164637e+01,2.915475947422650194e+01,2.647640458974745314e+01,2.986324363167175200e+00
3.522782990761707111e+01,2.193171219946130890e+01,2.024845673131658685e+01,1.503329637837290811e+01,2.402082429892862692e+01,3.008321791298264714e+01,2.700000000000000000e+01,3.201562118716424266e+01,3.284932708635395215e+00
3.257299494980465937e+01,2.624880949681337583e+01,2.059126028197400160e+01,1.334166406412633421e+01,2.408318915758459156e+01,3.026549190084311292e+01,2.915475947422650194e+01,3.114482300479487265e+01,2.999695598985629097e+00
2.973213749463701205e+01,2.570992026436488231e+01,2.102379604162863913e+01,1.360147050873544394e+01,2.517935662402834396e+01,3.026549190084311292e+01,3.006659275674581622e+01,3.114482300479487265e+01,2.936197264400025819e+00
3.036445290137795183e+01,2.308679276123039159e+01,2.102379604162863913e+01,1.431782106327635340e+01,2.601922366251537611e+01,2.886173937932362321e+01,2.901723625709381693e+01,3.400000000000000000e+01,2.994623791248144595e+00
3.275667870831839679e+01,2.154065922853801496e+01,2.059126028197400160e+01,1.486606874731850603e+01,2.601922366251537611e+01,3.036445290137795183e+01,2.800000000000000000e+01,3.500000000000000000e+01,3.132340797297837653e+00
2.720294101747088789e+01,2.209072203437452231e+01,2.059126028197400160e+01,1.456021977856103611e+01,2.501999200639360765e+01,3.041381265149109936e+01,2.906888370749726747e+01,3.206243908376279705e+01,2.926029287793870282e+00
2.941088233970548416e+01,2.376972864800942631e+01,2.102379604162863913e+01,1.392838827718411920e+01,2.517935662402834396e+01,3.125699921617556853e+01,3.114482300479487265e+01,3.214031735997639316e+01,2.952393631489824699e+00
3.125699921617556853e+01,1.746424919657297892e+01,2.024845673131658685e+01,1.649242250247064234e+01,2.517935662402834396e+01,3.101612483854164637e+01,2.700000000000000000e+01,3.601388621073821383e+01,3.207867131617820000e+00
3.008321791298264714e+01,2.118962010041709121e+01,2.102379604162863913e+01,1.476482306023340030e+01,2.601922366251537611e+01,2.983286778035259701e+01,3.006659275674581622e+01,3.500000000000000000e+01,3.011285348388440308e+00
2.941088233970548416e+01,2.158703314492290204e+01,1.923538406167134340e+01,1.486606874731850603e+01,2.501999200639360765e+01,3.008321791298264714e+01,3.006659275674581622e+01,3.500000000000000000e+01,3.022972990342998489e+00
2.912043955712207222e+01,2.184032966784155505e+01,2.102379604162863913e+01,1.431782106327635340e+01,2.701851217221259205e+01,2.983286778035259701e+01,2.901723625709381693e+01,3.501428280002319582e+01,3.003870940066362127e+00
3.157530680769388809e+01,2.118962010041709121e+01,2.059126028197400160e+01,1.456021977856103611e+01,2.601922366251537611e+01,2.941088233970548416e+01,2.800000000000000000e+01,3.501428280002319582e+01,3.129515946054700848e+00
3.008321791298264714e+01,2.213594362117865444e+01,2.193171219946130890e+01,1.476482306023340030e+01,2.607680962081059661e+01,2.863564212655270680e+01,3.006659275674581622e+01,3.400000000000000000e+01,2.976443976175166206e+00
3.100000000000000000e+01,1.835755975068581947e+01,2.247220505424423109e+01,1.486606874731850603e+01,2.701851217221259205e+01,3.178049716414140846e+01,2.801785145224380003e+01,3.505709628591620941e+01,3.204557993068772870e+00
2.729468812791236232e+01,1.878829422805593552e+01,2.022374841615668473e+01,1.603121954188139853e+01,2.501999200639360765e+01,3.157530680769388809e+01,3.106444913401813324e+01,3.301514803843835466e+01,3.391571275050615952e+00
2.701851217221259205e+01,1.969771560359220786e+01,2.088061301782110135e+01,1.303840481040529831e+01,2.402082429892862692e+01,3.140063693621516450e+01,2.915475947422650194e+01,3.214031735997639316e+01,3.209730864384714444e+00
2.668332812825266842e+01,2.353720459187963954e+01,2.118962010041709121e+01,1.431782106327635340e+01,2.607680962081059661e+01,3.313608305156178346e+01,3.106444913401813324e+01,3.125699921617556853e+01,3.004815937721077024e+00
2.765863337187866122e+01,2.137755832643194864e+01,2.118962010041709121e+01,1.676305461424021104e+01,2.501999200639360765e+01,3.255764119219941222e+01,3.106444913401813324e+01,3.306055050963308162e+01,3.064473178044822888e+00
2.927456233660889495e+01,1.772004514666934938e+01,2.102379604162863913e+01,1.615549442140351033e+01,2.707397274136176790e+01,3.162277660168379256e+01,2.900000000000000000e+01,3.701351104664349378e+01,3.140794569162269845e+00
3.059411708155671050e+01,2.118962010041709121e+01,2.193171219946130890e+01,1.523154621172781731e+01,2.601922366251537611e+01,3.036445290137795183e+01,2.900000000000000000e+01,3.501428280002319582e+01,3.106915760385483338e+00
2.596150997149434048e+01,2.102379604162863913e+01,1.969771560359220786e+01,1.649242250247064234e+01,2.302172886644267535e+01,3.104834939252004844e+01,3.026549190084311292e+01,3.501428280002319582e+01,2.989070260964346470e+00
2.844292530665578411e+01,1.964688270438849926e+01,2.118962010041709121e+01,1.708800749063506075e+01,2.600000000000000000e+01,3.275667870831839679e+01,3.106444913401813324e+01,3.501428280002319582e+01,3.105658018972029755e+00
2.765863337187866122e+01,1.513274595042155646e+01,1.835755975068581947e+01,1.746424919657297892e+01,2.500000000000000000e+01,3.008321791298264714e+01,3.000000000000000000e+01,3.605551275463989214e+01,3.132583888299376618e+00
3.140063693621516450e+01,1.969771560359220786e+01,1.969771560359220786e+01,1.581138830084189628e+01,2.500000000000000000e+01,3.178049716414140846e+01,3.006659275674581622e+01,3.401470270338990076e+01,3.194175715200735066e+00
2.863564212655270680e+01,2.022374841615668473e+01,2.102379604162863913e+01,1.676305461424021104e+01,2.607680962081059661e+01,2.983286778035259701e+01,3.001666203960726875e+01,3.401470270338990076e+01,3.024244754677270830e+00
2.844292530665578411e+01,2.061552812808830382e+01,2.024845673131658685e+01,1.649242250247064234e+01,2.500000000000000000e+01,3.354101966249684352e+01,3.114482300479487265e+01,3.405877273185280529e+01,3.125828193872191019e+00
3.006659275674581622e+01,1.802775637731994607e+01,2.024845673131658685e+01,1.746424919657297892e+01,2.601922366251537611e+01,3.354101966249684352e+01,3.006659275674581622e+01,3.405877273185280529e+01,3.237819637069591749e+00
2.927456233660889495e+01,2.061552812808830382e+01,2.088061301782110135e+01,1.581138830084189628e+01,2.600000000000000000e+01,3.275667870831839679e+01,3.006659275674581622e+01,3.505709628591620941e+01,3.154788368565240031e+00
2.900000000000000000e+01,1.878829422805593552e+01,2.024845673131658685e+01,1.414213562373095101e+01,2.507987240796890660e+01,2.961418578992169515e+01,3.006659275674581622e+01,3.301514803843835466e+01,3.232813033965890703e+00
2.729468812791236232e+01,2.158703314492290204e+01,2.154065922853801496e+01,1.431782106327635340e+01,2.617250465660480074e+01,3.405877273185280529e+01,3.114482300479487265e+01,2.765863337187866122e+01,3.008291375811579904e+00
2.701851217221259205e+01,1.843908891458577415e+01,1.992485884517127559e+01,1.700000000000000000e+01,2.308679276123039159e+01,3.157530680769388809e+01,3.026549190084311292e+01,3.313608305156178346e+01,3.236544359932549852e+00
2.501999200639360765e+01,1.941648783894759944e+01,2.088061301782110135e+01,1.500000000000000000e+01,2.402082429892862692e+01,3.178049716414140846e+01,3.014962686336266984e+01,3.405877273185280529e+01,3.177291766269117357e+00
2.600000000000000000e+01,1.843908891458577415e+01,2.088061301782110135e+01,1.612451549659709826e+01,2.408318915758459156e+01,3.337663853655727308e+01,3.125699921617556853e+01,3.324154027718932269e+01,3.159134713647195891e+00
2.302172886644267535e+01,1.902629759044044633e+01,1.992485884517127559e+01,1.603121954188139853e+01,2.408318915758459156e+01,3.157530680769388809e+01,3.125699921617556853e+01,3.405877273185280529e+01,3.078230614491965333e+00
2.300000000000000000e+01,1.800000000000000000e+01,1.992485884517127559e+01,1.702938636592640265e+01,2.501999200639360765e+01,3.255764119219941222e+01,3.114482300479487265e+01,3.405877273185280529e+01,3.120563249343584200e+00
2.302172886644267535e+01,1.900000000000000000e+01,2.118962010041709121e+01,1.612451549659709826e+01,2.500000000000000000e+01,3.201562118716424266e+01,3.006659275674581622e+01,3.501428280002319582e+01,3.059854273247766709e+00
2.100000000000000000e+01,1.711724276862369010e+01,2.088061301782110135e+01,1.726267650163206824e+01,2.600000000000000000e+01,3.298484500494128469e+01,3.106444913401813324e+01,3.601388621073821383e+01,3.050499303043850752e+00
2.402082429892862692e+01,1.612451549659709826e+01,2.158703314492290204e+01,1.746424919657297892e+01,2.500000000000000000e+01,3.275667870831839679e+01,3.114482300479487265e+01,3.501428280002319582e+01,3.166760949126337543e+00
2.400000000000000000e+01,1.711724276862369010e+01,2.061552812808830382e+01,1.726267650163206824e+01,2.600000000000000000e+01,3.298484500494128469e+01,3.106444913401813324e+01,3.601388621073821383e+01,3.166760949126337543e+00
2.601922366251537611e+01,1.843908891458577415e+01,2.088061301782110135e+01,1.627882059609970611e+01,2.600000000000000000e+01,3.354101966249684352e+01,3.114482300479487265e+01,3.505709628591620941e+01,3.150528240295321858e+00
2.617250465660480074e+01,2.022374841615668473e+01,2.118962010041709121e+01,1.627882059609970611e+01,2.601922366251537611e+01,3.238826948140329165e+01,3.114482300479487265e+01,3.405877273185280529e+01,3.063588477053441839e+00
2.729468812791236232e+01,2.158703314492290204e+01,2.184032966784155505e+01,1.649242250247064234e+01,2.507987240796890660e+01,3.324154027718932269e+01,3.125699921617556853e+01,3.324154027718932269e+01,3.054854314913808100e+00
3.224903099319419653e+01,2.720294101747088789e+01,2.158703314492290204e+01,1.140175425099137918e+01,2.601922366251537611e+01,2.863564212655270680e+01,3.014962686336266984e+01,3.501428280002319582e+01,3.180035243610981333e+00
3.300000000000000000e+01,2.765863337187866122e+01,2.039607805437113797e+01,1.104536101718726115e+01,2.418677324489564739e+01,2.729468812791236232e+01,3.014962686336266984e+01,3.100000000000000000e+01,3.323241483589804979e+00
3.500000000000000000e+01,3.182766092567909766e+01,1.964688270438849926e+01,8.944271909999159220e+00,2.236067977499789805e+01,3.001666203960726875e+01,2.942787793912432193e+01,2.647640458974745314e+01,3.323978833297953628e+00
3.522782990761707111e+01,3.280243893371345365e+01,1.910497317454279909e+01,8.602325267042626677e+00,2.308679276123039159e+01,2.828427124746190202e+01,3.041381265149109936e+01,3.200000000000000000e+01,3.500363323860365306e+00
4.049691346263317371e+01,3.624913792078371699e+01,2.109502310972898798e+01,1.063014581273464998e+01,2.402082429892862692e+01,2.906888370749726747e+01,3.041381265149109936e+01,3.100000000000000000e+01,3.753745150534876451e+00
3.992492955535426091e+01,3.624913792078371699e+01,2.469817807045693669e+01,1.923538406167134340e+01,2.707397274136176790e+01,3.313608305156178346e+01,3.511409973215887703e+01,3.605551275463989214e+01,3.693769883825194889e+00
3.733630940518894192e+01,3.269556544854363267e+01,2.420743687382040932e+01,2.118962010041709121e+01,3.801315561749642313e+01,3.534119409414458346e+01,4.031128874149274566e+01,4.304648650006176780e+01,3.552379500348084918e+00
3.361547262794321966e+01,2.863564212655270680e+01,2.640075756488817049e+01,2.137755832643194864e+01,4.110960958218893069e+01,3.498571136907180090e+01,4.049691346263317371e+01,4.501110973970759943e+01,3.430273982362506580e+00
3.417601498127012150e+01,2.906888370749726747e+01,2.580697580112788003e+01,2.137755832643194864e+01,3.911521443121588959e+01,3.535533905932737753e+01,3.996248240537617136e+01,4.300000000000000000e+01,3.429285499155359851e+00
3.275667870831839679e+01,2.973213749463701205e+01,2.280350850198275836e+01,1.676305461424021104e+01,3.140063693621516450e+01,3.546829570193639825e+01,3.534119409414458346e+01,3.354101966249684352e+01,3.296405196921394332e+00
3.401470270338990076e+01,3.255764119219941222e+01,2.002498439450078749e+01,1.392838827718411920e+01,2.942787793912432193e+01,3.700000000000000000e+01,3.492849839314595783e+01,3.201562118716424266e+01,3.204936932225776136e+00
3.298484500494128469e+01,2.823118842698620767e+01,2.158703314492290204e+01,1.627882059609970611e+01,2.912043955712207222e+01,3.546829570193639825e+01,3.492849839314595783e+01,3.036445290137795183e+01,2.839641491759544056e+00
3.453983207834108526e+01,3.036445290137795183e+01,2.308679276123039159e+01,1.708800749063506075e+01,3.006659275674581622e+01,3.471310991541956525e+01,3.453983207834108526e+01,3.622154055254966920e+01,2.800209278438490657e+00
3.534119409414458346e+01,3.228002478313794654e+01,2.473863375370596174e+01,1.878829422805593552e+01,3.354101966249684352e+01,3.847076812334268681e+01,3.716180835212409050e+01,4.204759208325727826e+01,2.853537206539167315e+00
3.361547262794321966e+01,2.816025568065744622e+01,2.451530134426252516e+01,2.059126028197400160e+01,3.511409973215887703e+01,4.242640687119285303e+01,3.667424164178449786e+01,4.310452412450461424e+01,2.926204512182863926e+00
2.376972864800942631e+01,1.843908891458577415e+01,2.416609194718914466e+01,2.061552812808830382e+01,3.420526275297414287e+01,4.044749683231336945e+01,3.534119409414458346e+01,4.201190307520000999e+01,2.647038045228638392e+00
2.247220505424423109e+01,2.059126028197400160e+01,2.360084744241189370e+01,1.984943324127920761e+01,3.373425558686599857e+01,4.101219330881975367e+01,3.668787265568828104e+01,4.301162633521313694e+01,2.492855990540101097e+00
2.163330765278393741e+01,1.720465053408525335e+01,2.193171219946130890e+01,1.910497317454279909e+01,3.289376840679705083e+01,4.119465984809195902e+01,3.517101079013794873e+01,4.418144406874904462e+01,2.521685985557203136e+00
2.545584412271571040e+01,2.236067977499789805e+01,2.193171219946130890e+01,1.910497317454279909e+01,3.231098884280702066e+01,4.143669871020131978e+01,3.471310991541956525e+01,4.328972164382672361e+01,2.552213588420132240e+00
2.420743687382040932e+01,2.012461179749810825e+01,2.334523505985750447e+01,1.843908891458577415e+01,3.231098884280702066e+01,4.060788100849390503e+01,3.373425558686599857e+01,4.428317965096906050e+01,2.546924469602500185e+00
2.549509756796392423e+01,2.282542442102665348e+01,2.334523505985750447e+01,1.979898987322333070e+01,3.195309061734091571e+01,3.945883931389771959e+01,3.373425558686599857e+01,4.328972164382672361e+01,2.530407437395864712e+00
2.475883680627989492e+01,2.220360331117451835e+01,2.202271554554523902e+01,1.910497317454279909e+01,3.162277660168379256e+01,4.044749683231336945e+01,3.471310991541956525e+01,4.318564576337836769e+01,2.442400063868123805e+00
2.408318915758459156e+01,2.000000000000000000e+01,2.202271554554523902e+01,1.910497317454279909e+01,3.195309061734091571e+01,3.962322551231790158e+01,3.373425558686599857e+01,4.428317965096906050e+01,2.475721059746371022e+00
2.408318915758459156e+01,2.000000000000000000e+01,2.202271554554523902e+01,1.910497317454279909e+01,3.195309061734091571e+01,3.962322551231790158e+01,3.373425558686599857e+01,4.428317965096906050e+01,2.475721059746371022e+00
2.408318915758459156e+01,1.920937271229854559e+01,2.202271554554523902e+01,1.984943324127920761e+01,3.195309061734091571e+01,4.044749683231336945e+01,3.373425558686599857e+01,4.318564576337836769e+01,2.475721059746371022e+00
2.343074902771996193e+01,2.000000000000000000e+01,2.267156809750926882e+01,1.910497317454279909e+01,3.195309061734091571e+01,3.962322551231790158e+01,3.373425558686599857e+01,4.428317965096906050e+01,2.475721059746371022e+00
2.343074902771996193e+01,2.000000000000000000e+01,2.267156809750926882e+01,1.910497317454279909e+01,3.195309061734091571e+01,4.044749683231336945e+01,3.373425558686599857e+01,4.318564576337836769e+01,2.475721059746371022e+00
2.343074902771996193e+01,2.000000000000000000e+01,2.267156809750926882e+01,1.910497317454279909e+01,3.195309061734091571e+01,3.962322551231790158e+01,3.373425558686599857e+01,4.428317965096906050e+01,2.475721059746371022e+00
2.343074902771996193e+01,2.000000000000000000e+01,2.267156809750926882e+01,1.910497317454279909e+01,3.195309061734091571e+01,3.962322551231790158e+01,3.373425558686599857e+01,4.428317965096906050e+01,2.475721059746371022e+00
2.280350850198275836e+01,1.843908891458577415e+01,2.267156809750926882e+01,1.984943324127920761e+01,3.162277660168379256e+01,3.962322551231790158e+01,3.471310991541956525e+01,4.428317965096906050e+01,2.476869164867631756e+00
2.343074902771996193e+01,1.920937271229854559e+01,2.267156809750926882e+01,1.984943324127920761e+01,3.067572330035593353e+01,3.945883931389771959e+01,3.492849839314595783e+01,4.328972164382672361e+01,2.475721059746371022e+00
2.280350850198275836e+01,1.843908891458577415e+01,2.267156809750926882e+01,1.984943324127920761e+01,3.067572330035593353e+01,3.962322551231790158e+01,3.492849839314595783e+01,4.428317965096906050e+01,2.476869164867631756e+00
2.343074902771996193e+01,1.920937271229854559e+01,2.267156809750926882e+01,1.984943324127920761e+01,3.067572330035593353e+01,3.962322551231790158e+01,3.492849839314595783e+01,4.428317965096906050e+01,2.475721059746371022e+00
2.267156809750926882e+01,1.920937271229854559e+01,2.193171219946130890e+01,1.984943324127920761e+01,3.195309061734091571e+01,3.962322551231790158e+01,3.373425558686599857e+01,4.428317965096906050e+01,2.475721059746371022e+00
2.280350850198275836e+01,1.843908891458577415e+01,2.267156809750926882e+01,1.984943324127920761e+01,3.195309061734091571e+01,3.962322551231790158e+01,3.373425558686599857e+01,4.428317965096906050e+01,2.476869164867631756e+00
2.343074902771996193e+01,1.860107523773827509e+01,2.267156809750926882e+01,1.920937271229854559e+01,3.101612483854164637e+01,3.945883931389771959e+01,3.395585369269929288e+01,4.328972164382672361e+01,2.475721059746371022e+00
2.282542442102665348e+01,1.788854381999831844e+01,2.267156809750926882e+01,1.769180601295413169e+01,3.101612483854164637e+01,3.962322551231790158e+01,3.373425558686599857e+01,4.328972164382672361e+01,2.632571998753543863e+00
3.354101966249684352e+01,2.121320343559642652e+01,2.408318915758459156e+01,1.627882059609970611e+01,2.906888370749726747e+01,3.612478373637688378e+01,3.452535300326413648e+01,3.800000000000000000e+01,3.415007973813338538e+00
3.448187929913333249e+01,2.284731931759172596e+01,2.158703314492290204e+01,1.486606874731850603e+01,2.901723625709381693e+01,3.712142238654116966e+01,3.452535300326413648e+01,3.224903099319419653e+01,3.783795521639528481e+00
3.255764119219941222e+01,1.838477631085023489e+01,2.184032966784155505e+01,1.526433752247374720e+01,2.800000000000000000e+01,3.820994634908559817e+01,3.436568055487916240e+01,2.927456233660889495e+01,3.975236077855573757e+00
3.443835071544512516e+01,2.459674775249768786e+01,2.137755832643194864e+01,1.392838827718411920e+01,2.801785145224380003e+01,3.612478373637688378e+01,3.324154027718932269e+01,2.927456233660889495e+01,3.757212543018902728e+00
3.162277660168379256e+01,2.012461179749810825e+01,2.061552812808830382e+01,1.476482306023340030e+01,2.801785145224380003e+01,3.832753579347360073e+01,3.354101966249684352e+01,2.961418578992169515e+01,3.832270217642912868e+00
2.952964612046680060e+01,2.051828452868319275e+01,2.137755832643194864e+01,1.655294535724684835e+01,2.807133769523639799e+01,3.863935817272331263e+01,3.354101966249684352e+01,2.789265136196270589e+01,3.651637767695735004e+00
3.052867504494749440e+01,2.163330765278393741e+01,2.404163056034261459e+01,1.581138830084189628e+01,2.927456233660889495e+01,3.687817782917154830e+01,3.373425558686599857e+01,2.886173937932362321e+01,3.610689018532573957e+00
2.507987240796890660e+01,1.835755975068581947e+01,2.121320343559642652e+01,1.772004514666934938e+01,2.886173937932362321e+01,3.544009029333869876e+01,3.395585369269929288e+01,2.720294101747088789e+01,3.366837036795048199e+00
3.324154027718932269e+01,2.247220505424423109e+01,1.923538406167134340e+01,1.581138830084189628e+01,2.729468812791236232e+01,3.667424164178449786e+01,3.298484500494128469e+01,2.912043955712207222e+01,3.613288378559881053e+00
3.067572330035593353e+01,2.193171219946130890e+01,2.022374841615668473e+01,1.676305461424021104e+01,2.765863337187866122e+01,3.613862199918530393e+01,3.420526275297414287e+01,2.816025568065744622e+01,3.482208894008105737e+00
3.046309242345563462e+01,1.984943324127920761e+01,2.022374841615668473e+01,1.676305461424021104e+01,2.942787793912432193e+01,3.736308338453881106e+01,3.324154027718932269e+01,2.941088233970548416e+01,3.506794103377966376e+00
3.101612483854164637e+01,1.920937271229854559e+01,1.910497317454279909e+01,1.649242250247064234e+01,2.668332812825266842e+01,3.613862199918530393e+01,3.324154027718932269e+01,2.751363298439520833e+01,3.527952362815620635e+00
3.289376840679705083e+01,2.220360331117451835e+01,2.009975124224177989e+01,1.552417469626002422e+01,2.844292530665578411e+01,3.613862199918530393e+01,3.298484500494128469e+01,2.816025568065744622e+01,3.518841713232152113e+00
2.692582403567251959e+01,2.360084744241189370e+01,2.121320343559642652e+01,1.581138830084189628e+01,2.789265136196270589e+01,3.573513677041127323e+01,3.257299494980465937e+01,2.785677655436823841e+01,3.267257691055239555e+00
3.101612483854164637e+01,2.343074902771996193e+01,2.137755832643194864e+01,1.581138830084189628e+01,2.765863337187866122e+01,3.573513677041127323e+01,3.257299494980465937e+01,2.751363298439520833e+01,3.441571792279039421e+00
3.046309242345563462e+01,2.193171219946130890e+01,2.121320343559642652e+01,1.615549442140351033e+01,2.692582403567251959e+01,3.511409973215887703e+01,3.257299494980465937e+01,2.563201123595259290e+01,3.447040304667773114e+00
3.228002478313794654e+01,2.408318915758459156e+01,2.109502310972898798e+01,1.552417469626002422e+01,2.789265136196270589e+01,3.573513677041127323e+01,3.352610922848042208e+01,2.751363298439520833e+01,3.387035353806320259e+00
2.912043955712207222e+01,2.408318915758459156e+01,2.121320343559642652e+01,1.581138830084189628e+01,2.912043955712207222e+01,3.605551275463989214e+01,3.448187929913333249e+01,2.751363298439520833e+01,3.326418326504696488e+00
3.067572330035593353e+01,2.334523505985750447e+01,2.121320343559642652e+01,1.581138830084189628e+01,2.863564212655270680e+01,3.764306044943742080e+01,3.448187929913333249e+01,2.846049894151541437e+01,3.428252302451893829e+00
2.596150997149434048e+01,1.565247584249852864e+01,1.900000000000000000e+01,1.811077027627483460e+01,2.692582403567251959e+01,3.640054944640259293e+01,3.352610922848042208e+01,2.785677655436823841e+01,3.301060342479031018e+00
3.298484500494128469e+01,2.061552812808830382e+01,1.910497317454279909e+01,1.414213562373095101e+01,2.692582403567251959e+01,3.544009029333869876e+01,3.324154027718932269e+01,2.657066051117284644e+01,3.410397345569062821e+00
3.059411708155671050e+01,2.343074902771996193e+01,2.000000000000000000e+01,1.552417469626002422e+01,2.765863337187866122e+01,3.640054944640259293e+01,3.324154027718932269e+01,2.751363298439520833e+01,3.330450534015481079e+00
2.668332812825266842e+01,2.247220505424423109e+01,2.109502310972898798e+01,1.649242250247064234e+01,2.886173937932362321e+01,3.668787265568828104e+01,3.324154027718932269e+01,2.785677655436823841e+01,3.243997181401528707e+00
3.008321791298264714e+01,2.193171219946130890e+01,2.236067977499789805e+01,1.649242250247064234e+01,2.765863337187866122e+01,3.613862199918530393e+01,3.420526275297414287e+01,2.816025568065744622e+01,3.453997685678945384e+00
2.692582403567251959e+01,1.941648783894759944e+01,2.209072203437452231e+01,1.649242250247064234e+01,2.692582403567251959e+01,3.640054944640259293e+01,3.352610922848042208e+01,2.785677655436823841e+01,3.330355988056972194e+00
2.863564212655270680e+01,1.984943324127920761e+01,2.109502310972898798e+01,1.615549442140351033e+01,2.668332812825266842e+01,3.736308338453881106e+01,3.324154027718932269e+01,2.692582403567251959e+01,3.469508357988138947e+00
2.912043955712207222e+01,2.202271554554523902e+01,2.102379604162863913e+01,1.552417469626002422e+01,2.789265136196270589e+01,3.640054944640259293e+01,3.420526275297414287e+01,2.751363298439520833e+01,3.345658486941218257e+00
2.692582403567251959e+01,2.080865204668481283e+01,2.102379604162863913e+01,1.529705854077835525e+01,2.789265136196270589e+01,3.668787265568828104e+01,3.352610922848042208e+01,2.785677655436823841e+01,3.257453926011569578e+00
2.247220505424423109e+01,1.878829422805593552e+01,2.220360331117451835e+01,1.627882059609970611e+01,2.983286778035259701e+01,3.794733192202055250e+01,3.544009029333869876e+01,2.846049894151541437e+01,3.219062868768403973e+00
2.126029162546929996e+01,1.486606874731850603e+01,2.370653918225939449e+01,1.615549442140351033e+01,2.927456233660889495e+01,3.929376540877699853e+01,3.517101079013794873e+01,2.912043955712207222e+01,3.612486512570496799e+00
2.220360331117451835e+01,1.555634918610404505e+01,2.469817807045693669e+01,1.700000000000000000e+01,3.026549190084311292e+01,3.956008088970496317e+01,3.395585369269929288e+01,2.846049894151541437e+01,3.678585162478471116e+00
3.046309242345563462e+01,2.009975124224177989e+01,2.418677324489564739e+01,1.910497317454279909e+01,2.863564212655270680e+01,3.736308338453881106e+01,3.420526275297414287e+01,2.846049894151541437e+01,4.223447166615854620e+00
3.176476034853718033e+01,2.517935662402834396e+01,2.340939982143925135e+01,2.080865204668481283e+01,2.886173937932362321e+01,3.769615364994152884e+01,3.453983207834108526e+01,2.879236009777593708e+01,4.184706563015619274e+00
3.088689042296100240e+01,2.927456233660889495e+01,2.473863375370596174e+01,1.972308292331602075e+01,3.162277660168379256e+01,3.667424164178449786e+01,3.401470270338990076e+01,3.046309242345563462e+01,4.080835066397060729e+00
2.801785145224380003e+01,2.601922366251537611e+01,2.459674775249768786e+01,1.769180601295413169e+01,3.264965543462901820e+01,3.440930106817050671e+01,3.312099032335839155e+01,2.865309756378880479e+01,3.749090571260885074e+00
2.641968962724581260e+01,2.400000000000000000e+01,2.469817807045693669e+01,1.843908891458577415e+01,3.224903099319419653e+01,3.440930106817050671e+01,3.448187929913333249e+01,2.865309756378880479e+01,3.814102988668695460e+00
2.640075756488817049e+01,2.408318915758459156e+01,2.473863375370596174e+01,1.941648783894759944e+01,3.264965543462901820e+01,3.440930106817050671e+01,3.361547262794321966e+01,2.952964612046680060e+01,3.912044246998609864e+00
3.224903099319419653e+01,2.863564212655270680e+01,2.353720459187963954e+01,2.024845673131658685e+01,3.176476034853718033e+01,3.482814953453599571e+01,3.383784863137726262e+01,2.865309756378880479e+01,3.944285697147651426e+00
3.190611226708763226e+01,3.201562118716424266e+01,2.402082429892862692e+01,2.059126028197400160e+01,3.405877273185280529e+01,3.466987164671942878e+01,3.820994634908559817e+01,2.915475947422650194e+01,3.780681131254493010e+00
3.275667870831839679e+01,3.178049716414140846e+01,2.102379604162863913e+01,2.118962010041709121e+01,3.538361202590826338e+01,3.640054944640259293e+01,4.219004621945797595e+01,3.176476034853718033e+01,3.727101496720772289e+00
3.088689042296100240e+01,3.324154027718932269e+01,2.507987240796890660e+01,2.154065922853801496e+01,3.860051813123756403e+01,3.911521443121588959e+01,4.427188724235730888e+01,3.280243893371345365e+01,3.513092281250183913e+00
3.264965543462901820e+01,3.324154027718932269e+01,2.308679276123039159e+01,2.280350850198275836e+01,4.301162633521313694e+01,4.229657196511320194e+01,4.328972164382672361e+01,3.606937759374286401e+01,3.410395349310052282e+00
2.996664812754339380e+01,3.080584360149872580e+01,2.507987240796890660e+01,2.340939982143925135e+01,4.604345773288535071e+01,4.393176527297759293e+01,4.004996878900157498e+01,3.546829570193639825e+01,3.294115046215240206e+00
2.501999200639360765e+01,2.404163056034261459e+01,2.531797780234432693e+01,2.220360331117451835e+01,3.981205847478876336e+01,4.244997055358224713e+01,4.318564576337836769e+01,3.466987164671942878e+01,3.393479669680405486e+00
2.570992026436488231e+01,2.668332812825266842e+01,2.418677324489564739e+01,2.236067977499789805e+01,4.123105625617660763e+01,4.301162633521313694e+01,4.428317965096906050e+01,3.551056180912940619e+01,3.270697428157143705e+00
2.158703314492290204e+01,2.601922366251537611e+01,2.402082429892862692e+01,2.121320343559642652e+01,4.031128874149274566e+01,4.272001872658765365e+01,4.428317965096906050e+01,3.551056180912940619e+01,3.179862248197085517e+00
2.154065922853801496e+01,2.700000000000000000e+01,2.402082429892862692e+01,2.158703314492290204e+01,3.807886552931954327e+01,4.197618372363071160e+01,4.328972164382672361e+01,3.535533905932737753e+01,3.118599673760027002e+00
1.910497317454279909e+01,2.400000000000000000e+01,2.418677324489564739e+01,2.209072203437452231e+01,3.624913792078371699e+01,4.044749683231336945e+01,4.210700654285459876e+01,3.448187929913333249e+01,3.280533323606832141e+00
2.202271554554523902e+01,2.473863375370596174e+01,2.549509756796392423e+01,2.109502310972898798e+01,3.546829570193639825e+01,3.931920650267500150e+01,4.210700654285459876e+01,3.488552708502481892e+01,3.366292517715589128e+00
2.300000000000000000e+01,2.640075756488817049e+01,2.563201123595259290e+01,2.100000000000000000e+01,3.453983207834108526e+01,3.931920650267500150e+01,4.219004621945797595e+01,3.488552708502481892e+01,3.489323886298082211e+00
2.009975124224177989e+01,2.284731931759172596e+01,2.416609194718914466e+01,2.102379604162863913e+01,3.352610922848042208e+01,3.811823710509183627e+01,4.219004621945797595e+01,3.584689665786984136e+01,3.518841713232152557e+00
2.353720459187963954e+01,2.360084744241189370e+01,2.195449840010014952e+01,2.061552812808830382e+01,3.613862199918530393e+01,3.905124837953326988e+01,4.219004621945797595e+01,3.269556544854363267e+01,3.668935305586229045e+00
2.596150997149434048e+01,2.690724809414741969e+01,2.332380757938120297e+01,2.024845673131658685e+01,3.471310991541956525e+01,3.687817782917154830e+01,4.318564576337836769e+01,3.310589071449369669e+01,3.724640342732463694e+00
2.500000000000000000e+01,2.617250465660480074e+01,2.247220505424423109e+01,1.931320791582796659e+01,3.492849839314595783e+01,3.785498646149540036e+01,4.219004621945797595e+01,3.269556544854363267e+01,3.740767976576099940e+00
1.920937271229854559e+01,1.780449381476485726e+01,2.408318915758459156e+01,2.154065922853801496e+01,3.114482300479487265e+01,3.512833614050059339e+01,4.310452412450461424e+01,3.289376840679705083e+01,3.884696304999724070e+00
1.627882059609970611e+01,1.802775637731994607e+01,2.051828452868319275e+01,1.920937271229854559e+01,3.301514803843835466e+01,3.436568055487916240e+01,4.219004621945797595e+01,3.324154027718932269e+01,3.882421738679669776e+00
1.720465053408525335e+01,1.920937271229854559e+01,2.126029162546929996e+01,2.051828452868319275e+01,3.605551275463989214e+01,3.420526275297414287e+01,4.229657196511320194e+01,3.275667870831839679e+01,2.368539542036569134e+00
1.708800749063506075e+01,1.697056274847713908e+01,1.886796226411320632e+01,2.059126028197400160e+01,4.356604182158393002e+01,3.466987164671942878e+01,4.159326868617084472e+01,3.140063693621516450e+01,2.278163946346190460e+00
1.843908891458577415e+01,1.886796226411320632e+01,1.868154169226940553e+01,2.376972864800942631e+01,4.712748667179271678e+01,3.753664875824691904e+01,4.178516483155235761e+01,3.200000000000000000e+01,2.213093342250770146e+00
2.024845673131658685e+01,2.024845673131658685e+01,1.843908891458577415e+01,2.280350850198275836e+01,4.792702786528703740e+01,3.689173349139343117e+01,4.070626487409523975e+01,3.214031735997639316e+01,2.337609269736171225e+00
2.184032966784155505e+01,1.868154169226940553e+01,2.121320343559642652e+01,2.469817807045693669e+01,4.854894437575342181e+01,3.862641583165593318e+01,3.889730067755344578e+01,3.417601498127012150e+01,2.524186761838220772e+00
1.931320791582796659e+01,1.992485884517127559e+01,2.300000000000000000e+01,2.640075756488817049e+01,4.951767361255978983e+01,4.119465984809195902e+01,3.801315561749642313e+01,3.546829570193639825e+01,2.873636302723000746e+00
2.147091055358388800e+01,2.256102834535695578e+01,2.300000000000000000e+01,2.640075756488817049e+01,4.440720662234903671e+01,4.501110973970759943e+01,4.428317965096906050e+01,3.905124837953326988e+01,3.036087292283158323e+00
2.024845673131658685e+01,2.500000000000000000e+01,2.402082429892862692e+01,2.731300056749532601e+01,4.860041152089146976e+01,4.837354648979129479e+01,4.404543109109047805e+01,3.982461550347975532e+01,3.135693932809989981e+00
1.923538406167134340e+01,2.404163056034261459e+01,2.402082429892862692e+01,2.692582403567251959e+01,5.640035460881429685e+01,5.434151267677410146e+01,4.301162633521313694e+01,4.000000000000000000e+01,3.161392046156186186e+00
1.969771560359220786e+01,2.213594362117865444e+01,2.507987240796890660e+01,2.954657340538831534e+01,5.661271941887264347e+01,5.604462507680821659e+01,4.200000000000000000e+01,3.744329045369811126e+01,3.146894518491429427e+00
2.102379604162863913e+01,2.451530134426252516e+01,2.601922366251537611e+01,2.731300056749532601e+01,6.080296045424104534e+01,5.412023651093923604e+01,3.901281840626231912e+01,4.022437072223753063e+01,3.191759730443932241e+00
2.061552812808830382e+01,2.184032966784155505e+01,2.507987240796890660e+01,2.954657340538831534e+01,6.262587324740470507e+01,5.948108943185220454e+01,4.004996878900157498e+01,3.720215047547655018e+01,3.111551610370212106e+00
1.969771560359220786e+01,2.154065922853801496e+01,2.601922366251537611e+01,3.041381265149109936e+01,6.341135544995076145e+01,6.040695324215582218e+01,3.911521443121588959e+01,3.420526275297414287e+01,3.174303125996472463e+00
1.649242250247064234e+01,1.972308292331602075e+01,2.701851217221259205e+01,3.041381265149109936e+01,6.103277807866851390e+01,6.168468205316454345e+01,4.001249804748510996e+01,3.448187929913333249e+01,3.237165257493350268e+00
1.612451549659709826e+01,2.024845673131658685e+01,2.844292530665578411e+01,3.008321791298264714e+01,6.212889826803626647e+01,6.184658438426490790e+01,3.905124837953326988e+01,3.400000000000000000e+01,3.167759964653755755e+00
1.581138830084189628e+01,1.676305461424021104e+01,2.941088233970548416e+01,2.983286778035259701e+01,6.158733636065128536e+01,6.264982043070833839e+01,4.104875150354758517e+01,3.275667870831839679e+01,2.965322525641790996e+00
1.612451549659709826e+01,1.811077027627483460e+01,2.863564212655270680e+01,2.800000000000000000e+01,6.551335741663679357e+01,6.664833081180653096e+01,4.031128874149274566e+01,3.354101966249684352e+01,2.865738863427830019e+00
1.421267040355189515e+01,1.702938636592640265e+01,3.023243291566194912e+01,2.716615541441224835e+01,6.529931086925803640e+01,6.466065264130884316e+01,4.143669871020131978e+01,3.400000000000000000e+01,2.798330402320925003e+00
1.565247584249852864e+01,1.603121954188139853e+01,3.000000000000000000e+01,2.473863375370596174e+01,6.395310782127792493e+01,6.191122676865642660e+01,4.229657196511320194e+01,3.498571136907180090e+01,2.669134699868211058e+00
1.897366596101027625e+01,1.264911064067351809e+01,3.182766092567909766e+01,2.500000000000000000e+01,5.366563145999495532e+01,5.322593352868505434e+01,4.219004621945797595e+01,3.413209633175202384e+01,2.414811317843287508e+00
1.923538406167134340e+01,9.433981132056603158e+00,3.201562118716424266e+01,2.404163056034261459e+01,4.792702786528703740e+01,4.569463863518345192e+01,4.219004621945797595e+01,3.551056180912940619e+01,2.273188265728491864e+00
2.002498439450078749e+01,1.131370849898476116e+01,3.041381265149109936e+01,2.441311123146740414e+01,4.716990566028302112e+01,4.477722635447621968e+01,4.143669871020131978e+01,3.623534186398687496e+01,2.071162119311658056e+00
2.209072203437452231e+01,9.848857801796103928e+00,2.973213749463701205e+01,2.334523505985750447e+01,5.080354318352215159e+01,4.743416490252568707e+01,4.176122603564220270e+01,3.640054944640259293e+01,2.040372720083122537e+00
2.500000000000000000e+01,9.000000000000000000e+00,3.275667870831839679e+01,2.334523505985750447e+01,5.403702434442518410e+01,4.525483399593904466e+01,4.085339643163099055e+01,3.785498646149540036e+01,2.019049121681799619e+00
2.692582403567251959e+01,9.219544457292887074e+00,3.157530680769388809e+01,2.343074902771996193e+01,5.807753438292641590e+01,4.780167361086847677e+01,4.024922359499621649e+01,3.820994634908559817e+01,2.037208268768252228e+00
2.640075756488817049e+01,7.071067811865475505e+00,3.313608305156178346e+01,2.500000000000000000e+01,5.968249324550709645e+01,5.060632371551997721e+01,3.940812099047606409e+01,3.805259518088089266e+01,2.105985125912563483e+00
2.596150997149434048e+01,1.104536101718726115e+01,3.214031735997639316e+01,2.523885892824792521e+01,5.852349955359812839e+01,5.239274758971894386e+01,3.889730067755344578e+01,3.764306044943742080e+01,2.301447843566894136e+00
2.418677324489564739e+01,1.216552506059643868e+01,3.014962686336266984e+01,2.420743687382040932e+01,5.322593352868505434e+01,5.281098370604357228e+01,4.304648650006176780e+01,3.935733730830885690e+01,2.492313647888865447e+00
1.824828759089465890e+01,1.208304597359457233e+01,2.915475947422650194e+01,2.500000000000000000e+01,5.594640292279746063e+01,5.922837157984339029e+01,4.477722635447621968e+01,3.827531841800927737e+01,2.717982983948979747e+00
1.910497317454279909e+01,1.529705854077835525e+01,3.014962686336266984e+01,2.302172886644267535e+01,6.243396511515186376e+01,6.212889826803626647e+01,4.123105625617660763e+01,3.580502757993631491e+01,2.807130919429725147e+00
2.202271554554523902e+01,1.503329637837290811e+01,2.816025568065744622e+01,2.332380757938120297e+01,6.351377803280166745e+01,5.903388857258176614e+01,3.764306044943742080e+01,3.969886648255841521e+01,2.791782937260784525e+00
2.517935662402834396e+01,1.303840481040529831e+01,2.942787793912432193e+01,2.469817807045693669e+01,6.824221567329126970e+01,6.312685640834651934e+01,3.668787265568828104e+01,3.687817782917154830e+01,2.784395958934436255e+00
2.202271554554523902e+01,1.414213562373095101e+01,2.816025568065744622e+01,2.469817807045693669e+01,6.161980201201558316e+01,6.537583651472461099e+01,4.414748010928823163e+01,3.394112549695427816e+01,2.863557871852017378e+00
2.039607805437113797e+01,1.341640786499873883e+01,2.816025568065744622e+01,2.594224354214569317e+01,6.296824596572466248e+01,6.562011886609167277e+01,4.002499219237900263e+01,3.201562118716424266e+01,2.905802093306086853e+00
2.692582403567251959e+01,1.300000000000000000e+01,3.106444913401813324e+01,2.594224354214569317e+01,6.293647591023825072e+01,6.530696746902277994e+01,4.079215610874227593e+01,3.124099870362661591e+01,2.694328356613441500e+00
2.716615541441224835e+01,1.708800749063506075e+01,3.101612483854164637e+01,2.505992817228333536e+01,6.576473218982953028e+01,6.476109943476870967e+01,3.721558813185679071e+01,3.440930106817050671e+01,2.834195180466971831e+00
2.906888370749726747e+01,1.931320791582796659e+01,3.200000000000000000e+01,2.505992817228333536e+01,6.646803743153546407e+01,6.596969000988256937e+01,3.712142238654116966e+01,3.440930106817050671e+01,2.855655315021226937e+00
3.000000000000000000e+01,2.325940669922601600e+01,3.313608305156178346e+01,2.594224354214569317e+01,6.505382386916237181e+01,6.573431371817918034e+01,3.712142238654116966e+01,3.383784863137726262e+01,2.834195180466971831e+00
3.443835071544512516e+01,1.664331697709323876e+01,3.228002478313794654e+01,2.692582403567251959e+01,6.652818951391958535e+01,6.428841264178171855e+01,3.733630940518894192e+01,3.360059523282288296e+01,2.443788469779186734e+00
3.405877273185280529e+01,1.315294643796590535e+01,3.106444913401813324e+01,2.607680962081059661e+01,6.185466837676845842e+01,5.758472019555187416e+01,3.905124837953326988e+01,3.522782990761707111e+01,2.155673940514930553e+00
3.560898762952971452e+01,1.403566884761819900e+01,3.000000000000000000e+01,2.647640458974745314e+01,6.074537019394976056e+01,5.700877125495689768e+01,3.700000000000000000e+01,3.448187929913333249e+01,2.100772856949890688e+00
3.605551275463989214e+01,1.700000000000000000e+01,3.114482300479487265e+01,2.500000000000000000e+01,6.105735008989498880e+01,5.738466694161429160e+01,3.612478373637688378e+01,3.624913792078371699e+01,2.081793134626919617e+00
3.538361202590826338e+01,2.121320343559642652e+01,2.973213749463701205e+01,2.404163056034261459e+01,5.322593352868505434e+01,5.515432893255070468e+01,4.123105625617660763e+01,3.889730067755344578e+01,2.224235784621993783e+00
3.748332962798262713e+01,2.517935662402834396e+01,2.983286778035259701e+01,2.184032966784155505e+01,4.976946855251721757e+01,5.200000000000000000e+01,4.244997055358224713e+01,3.889730067755344578e+01,2.265433918336281938e+00
3.584689665786984136e+01,2.209072203437452231e+01,2.920616373302046753e+01,2.195449840010014952e+01,4.947726750741192348e+01,5.100000000000000000e+01,4.459820624195551630e+01,4.002499219237900263e+01,2.125920649443332255e+00
3.383784863137726262e+01,2.024845673131658685e+01,2.952964612046680060e+01,2.109502310972898798e+01,4.356604182158393002e+01,4.561797891182817466e+01,4.365775990588614519e+01,3.863935817272331263e+01,1.997477252996795238e+00
3.832753579347360073e+01,2.236067977499789805e+01,2.600000000000000000e+01,2.202271554554523902e+01,4.800000000000000000e+01,4.420407221060068537e+01,4.295346318982905842e+01,3.920459156782531807e+01,1.936740626514522834e+00
3.687817782917154830e+01,2.745906043549196340e+01,2.617250465660480074e+01,2.109502310972898798e+01,5.295280917949490629e+01,4.263801121065568367e+01,4.188078318274384770e+01,4.204759208325727826e+01,2.049368200785787408e+00
3.883297567789519888e+01,2.701851217221259205e+01,2.517935662402834396e+01,2.163330765278393741e+01,5.597320787662611963e+01,4.477722635447621968e+01,3.889730067755344578e+01,4.272001872658765365e+01,2.202436207441578198e+00
3.785498646149540036e+01,2.483948469674844262e+01,2.319482700948640286e+01,2.163330765278393741e+01,5.594640292279746063e+01,4.870318264754368442e+01,3.807886552931954327e+01,4.294182110716777601e+01,3.925528829724769242e+00
3.649657518178931781e+01,2.343074902771996193e+01,2.300000000000000000e+01,2.370653918225939449e+01,4.522167621838005402e+01,5.000999900019994726e+01,4.609772228646443892e+01,4.201190307520000999e+01,3.841568913973258503e+00
3.569313659514949677e+01,2.385372088375312671e+01,2.408318915758459156e+01,2.282542442102665348e+01,4.420407221060068537e+01,4.964876634922563881e+01,4.527692569068708650e+01,4.313930922024598402e+01,3.689864439511602701e+00
3.337663853655727308e+01,2.607680962081059661e+01,2.801785145224380003e+01,2.282542442102665348e+01,4.810405388322277531e+01,5.000999900019994726e+01,4.201190307520000999e+01,4.263801121065568367e+01,3.548046471240965172e+00
3.195309061734091571e+01,2.879236009777593708e+01,2.800000000000000000e+01,2.332380757938120297e+01,4.957822102496216132e+01,4.701063709417263681e+01,3.801315561749642313e+01,4.327817001676480402e+01,3.394006798112493062e+00
2.961418578992169515e+01,2.284731931759172596e+01,2.901723625709381693e+01,2.360084744241189370e+01,5.315072906367324634e+01,4.901020301937138157e+01,3.601388621073821383e+01,4.420407221060068537e+01,3.395670246680310811e+00
2.701851217221259205e+01,1.649242250247064234e+01,2.701851217221259205e+01,2.683281572999747766e+01,5.375872022286245056e+01,5.308483775994798748e+01,3.701351104664349378e+01,4.188078318274384770e+01,3.463343207986435246e+00
2.408318915758459156e+01,1.216552506059643868e+01,2.807133769523639799e+01,2.778488797889960793e+01,4.967896939349688523e+01,5.234500931320960149e+01,4.310452412450461424e+01,4.188078318274384770e+01,3.426710388762389314e+00
2.022374841615668473e+01,8.062257748298549132e+00,2.801785145224380003e+01,3.080584360149872580e+01,4.891829923454003648e+01,5.223983154643590865e+01,4.119465984809195902e+01,4.167733196834941367e+01,3.328513635995898667e+00
2.109502310972898798e+01,8.602325267042626677e+00,2.828427124746190202e+01,2.906888370749726747e+01,4.750789408087881327e+01,5.015974481593781320e+01,4.000000000000000000e+01,4.360045871318327926e+01,3.333373319751447461e+00
1.941648783894759944e+01,8.246211251235321171e+00,3.008321791298264714e+01,2.983286778035259701e+01,4.841487374764081864e+01,5.147815070493500400e+01,3.905124837953326988e+01,4.360045871318327926e+01,3.207328524590672192e+00
1.811077027627483460e+01,1.029563014098700080e+01,2.886173937932362321e+01,3.201562118716424266e+01,5.140038910358558866e+01,5.323532661682465772e+01,3.805259518088089266e+01,4.280186911806539030e+01,3.141220768147658493e+00
1.843908891458577415e+01,1.140175425099137918e+01,3.067572330035593353e+01,3.106444913401813324e+01,5.000000000000000000e+01,5.333854141237834767e+01,3.905124837953326988e+01,4.280186911806539030e+01,3.038812340628930908e+00
2.022374841615668473e+01,1.081665382639196871e+01,3.101612483854164637e+01,3.162277660168379256e+01,4.940647730814249883e+01,5.360037313302958495e+01,3.811823710509183627e+01,4.220189569201838253e+01,3.094009550312809775e+00
2.137755832643194864e+01,1.140175425099137918e+01,3.087069808086626210e+01,3.023243291566194912e+01,4.964876634922563881e+01,5.474486277268398027e+01,3.811823710509183627e+01,4.220189569201838253e+01,3.080086751866795147e+00
1.615549442140351033e+01,1.032472759931224573e+02,3.178049716414140846e+01,7.083078426785912995e+01,4.750789408087881327e+01,5.510898293381941926e+01,4.001249804748510996e+01,4.341658669218482203e+01,2.922005096914162880e+00
2.118962010041709121e+01,1.204159457879229578e+01,3.001666203960726875e+01,2.729468812791236232e+01,4.565084884205330695e+01,5.434151267677410146e+01,4.000000000000000000e+01,4.341658669218482203e+01,3.023597870691020706e+00
1.931320791582796659e+01,1.345362404707370985e+01,2.778488797889960793e+01,2.607680962081059661e+01,4.494441010848846219e+01,5.295280917949490629e+01,4.201190307520000999e+01,4.482186966202993972e+01,2.967031012900616549e+00
1.979898987322333070e+01,1.860107523773827509e+01,2.687005768508880621e+01,2.416609194718914466e+01,3.982461550347975532e+01,4.870318264754368442e+01,4.200000000000000000e+01,4.675467891024383960e+01,2.749300656898253870e+00
2.640075756488817049e+01,1.910497317454279909e+01,2.830194339616981125e+01,2.376972864800942631e+01,3.847076812334268681e+01,4.870318264754368442e+01,4.100000000000000000e+01,4.468780594300866227e+01,2.687378726994988032e+00
2.594224354214569317e+01,2.000000000000000000e+01,2.683281572999747766e+01,2.334523505985750447e+01,3.900000000000000000e+01,5.200000000000000000e+01,4.100000000000000000e+01,4.545327270945404763e+01,2.618899697244617020e+00
2.570992026436488231e+01,2.012461179749810825e+01,2.692582403567251959e+01,2.601922366251537611e+01,3.733630940518894192e+01,5.189412298131648527e+01,4.101219330881975367e+01,4.468780594300866227e+01,2.487648060260955418e+00
1.931320791582796659e+01,1.200000000000000000e+01,2.473863375370596174e+01,2.451530134426252516e+01,3.162277660168379256e+01,4.940647730814249883e+01,3.945883931389771959e+01,4.393176527297759293e+01,2.467389510945614983e+00
1.838477631085023489e+01,1.118033988749894903e+01,2.433105012119287736e+01,2.376972864800942631e+01,3.275667870831839679e+01,4.957822102496216132e+01,3.590264614203248072e+01,4.386342439892261780e+01,3.807189613266922734e+00
1.708800749063506075e+01,1.552417469626002422e+01,2.729468812791236232e+01,2.473863375370596174e+01,3.505709628591620941e+01,5.173973328110611902e+01,3.716180835212409050e+01,4.360045871318327926e+01,3.765153385748818415e+00
2.158703314492290204e+01,1.612451549659709826e+01,2.927456233660889495e+01,2.435159132377184221e+01,3.901281840626231912e+01,5.597320787662611963e+01,3.944616584663204151e+01,4.272001872658765365e+01,3.651960820106161965e+00
2.353720459187963954e+01,1.772004514666934938e+01,2.789265136196270589e+01,2.549509756796392423e+01,4.204759208325727826e+01,5.731491952362839726e+01,3.773592452822641263e+01,4.031128874149274566e+01,3.485366078599410056e+00
3.008321791298264714e+01,1.984943324127920761e+01,3.008321791298264714e+01,2.607680962081059661e+01,4.104875150354758517e+01,5.522680508593630577e+01,3.894868418830089496e+01,4.294182110716777601e+01,3.279648497892947212e+00
3.023243291566194912e+01,2.061552812808830382e+01,2.952964612046680060e+01,2.334523505985750447e+01,4.204759208325727826e+01,5.375872022286245056e+01,3.982461550347975532e+01,4.294182110716777601e+01,3.151098070720657951e+00
2.842534080710379030e+01,2.061552812808830382e+01,3.106444913401813324e+01,2.353720459187963954e+01,4.242640687119285303e+01,5.122499389946278825e+01,4.071854614300466579e+01,4.429446918070020445e+01,3.205563311790971426e+00
2.420743687382040932e+01,1.627882059609970611e+01,3.182766092567909766e+01,2.596150997149434048e+01,4.197618372363071160e+01,4.940647730814249883e+01,4.215447781671598193e+01,4.565084884205330695e+01,3.162004811473152266e+00
2.236067977499789805e+01,1.345362404707370985e+01,3.000000000000000000e+01,2.640075756488817049e+01,4.368065933568311010e+01,5.131276644266999654e+01,4.401136216933077350e+01,4.664761515876240594e+01,3.034681317814154955e+00
2.137755832643194864e+01,9.433981132056603158e+00,3.001666203960726875e+01,2.865309756378880479e+01,4.492215489043240240e+01,5.247856705360770491e+01,4.308131845707602992e+01,4.494441010848846219e+01,2.908068243227136751e+00
1.923538406167134340e+01,8.602325267042626677e+00,3.041381265149109936e+01,2.773084924772409465e+01,4.661544808322666000e+01,5.053711507397311209e+01,4.215447781671598193e+01,4.465422712353221613e+01,3.282355921831701551e+00
2.061552812808830382e+01,1.131370849898476116e+01,3.224903099319419653e+01,2.773084924772409465e+01,4.701063709417263681e+01,5.099019513592784847e+01,4.215447781671598193e+01,4.382921400162225467e+01,3.225647266256354229e+00
2.061552812808830382e+01,1.140175425099137918e+01,3.244996147917590434e+01,2.731300056749532601e+01,4.494441010848846219e+01,5.053711507397311209e+01,4.143669871020131978e+01,4.382921400162225467e+01,3.179325121530151232e+00
1.931320791582796659e+01,1.280624847486569706e+01,3.080584360149872580e+01,2.600000000000000000e+01,4.459820624195551630e+01,5.100000000000000000e+01,4.178516483155235761e+01,4.326661530556787483e+01,3.141592653589793116e+00
1.708800749063506075e+01,1.345362404707370985e+01,2.906888370749726747e+01,2.641968962724581260e+01,4.494441010848846219e+01,5.188448708429138634e+01,4.178516483155235761e+01,4.301162633521313694e+01,3.222724382904158080e+00
1.838477631085023489e+01,1.272792206135785520e+01,3.001666203960726875e+01,2.640075756488817049e+01,4.494441010848846219e+01,5.142956348249516196e+01,4.178516483155235761e+01,4.243819034784588951e+01,3.189779621527676134e+00
1.931320791582796659e+01,1.280624847486569706e+01,3.000000000000000000e+01,2.507987240796890660e+01,4.531004303683676682e+01,5.053711507397311209e+01,4.123105625617660763e+01,4.243819034784588951e+01,3.129093304570431666e+00
2.302172886644267535e+01,2.280350850198275836e+01,2.720294101747088789e+01,2.284731931759172596e+01,4.237924020083418242e+01,4.887739763939974580e+01,4.143669871020131978e+01,4.465422712353221613e+01,2.889902681831606479e+00
2.692582403567251959e+01,2.549509756796392423e+01,2.469817807045693669e+01,2.247220505424423109e+01,3.584689665786984136e+01,4.465422712353221613e+01,4.522167621838005402e+01,4.632493928760187885e+01,2.859820786316440877e+00
3.300000000000000000e+01,3.560898762952971452e+01,2.376972864800942631e+01,2.088061301782110135e+01,3.573513677041127323e+01,4.500000000000000000e+01,4.396589587396121601e+01,4.716990566028302112e+01,3.597796231359348340e+00
3.101612483854164637e+01,3.635931792539568619e+01,2.647640458974745314e+01,1.746424919657297892e+01,3.395585369269929288e+01,4.404543109109047805e+01,4.237924020083418242e+01,4.477722635447621968e+01,3.703086316856891713e+00
3.535533905932737753e+01,3.535533905932737753e+01,3.014962686336266984e+01,2.137755832643194864e+01,3.178049716414140846e+01,4.525483399593904466e+01,4.295346318982905842e+01,4.341658669218482203e+01,3.730049836998464929e+00
3.401470270338990076e+01,2.968164415931165934e+01,2.906888370749726747e+01,2.061552812808830382e+01,3.324154027718932269e+01,4.669047011971500893e+01,4.308131845707602992e+01,4.382921400162225467e+01,3.673404470936123545e+00
2.668332812825266842e+01,1.931320791582796659e+01,2.816025568065744622e+01,2.236067977499789805e+01,3.313608305156178346e+01,4.810405388322277531e+01,4.308131845707602992e+01,4.565084884205330695e+01,3.614353514849618421e+00
2.580697580112788003e+01,1.166190378969060149e+01,2.596150997149434048e+01,2.200000000000000000e+01,3.634556369077249371e+01,4.455333881989092504e+01,3.891015291668743714e+01,4.472135954999579610e+01,3.317184815539973464e+00
2.334523505985750447e+01,9.486832980505138124e+00,2.657066051117284644e+01,2.202271554554523902e+01,3.551056180912940619e+01,4.384062043356594529e+01,4.024922359499621649e+01,4.428317965096906050e+01,3.283863819661726691e+00
2.385372088375312671e+01,1.208304597359457233e+01,2.692582403567251959e+01,2.209072203437452231e+01,3.905124837953326988e+01,4.750789408087881327e+01,4.031128874149274566e+01,4.661544808322666000e+01,3.351706675092313237e+00
1.746424919657297892e+01,1.300000000000000000e+01,2.601922366251537611e+01,2.325940669922601600e+01,3.522782990761707111e+01,4.854894437575342181e+01,4.081666326391709987e+01,4.681879964287850271e+01,3.740568753548553449e+00
1.702938636592640265e+01,1.341640786499873883e+01,2.607680962081059661e+01,2.469817807045693669e+01,3.354101966249684352e+01,4.964876634922563881e+01,3.940812099047606409e+01,4.459820624195551630e+01,3.752318617979002013e+00
1.513274595042155646e+01,1.272792206135785520e+01,2.473863375370596174e+01,2.220360331117451835e+01,3.423448553724738019e+01,4.785394445602159408e+01,3.962322551231790158e+01,4.368065933568311010e+01,3.866791993830080987e+00
1.300000000000000000e+01,1.360147050873544394e+01,2.668332812825266842e+01,2.545584412271571040e+01,3.224903099319419653e+01,4.651881339845203200e+01,3.969886648255841521e+01,4.368065933568311010e+01,3.998732922623136954e+00
1.403566884761819900e+01,1.360147050873544394e+01,2.720294101747088789e+01,2.549509756796392423e+01,3.395585369269929288e+01,5.056678751908212632e+01,4.045985664828781836e+01,4.464302857109942835e+01,4.005386083454341772e+00
1.334166406412633421e+01,1.442220510185595650e+01,2.624880949681337583e+01,2.624880949681337583e+01,3.298484500494128469e+01,5.056678751908212632e+01,4.045985664828781836e+01,4.368065933568311010e+01,4.040792681883578652e+00
1.315294643796590535e+01,1.442220510185595650e+01,2.624880949681337583e+01,2.549509756796392423e+01,3.298484500494128469e+01,5.056678751908212632e+01,4.045985664828781836e+01,4.368065933568311010e+01,4.034390720691131804e+00
1.315294643796590535e+01,1.442220510185595650e+01,2.624880949681337583e+01,2.549509756796392423e+01,3.298484500494128469e+01,5.056678751908212632e+01,4.045985664828781836e+01,4.368065933568311010e+01,4.034390720691131804e+00
1.303840481040529831e+01,1.389244398944980396e+01,2.624880949681337583e+01,2.549509756796392423e+01,3.298484500494128469e+01,5.056678751908212632e+01,4.045985664828781836e+01,4.368065933568311010e+01,4.027513250034900238e+00
1.303840481040529831e+01,1.389244398944980396e+01,2.624880949681337583e+01,2.549509756796392423e+01,3.298484500494128469e+01,5.056678751908212632e+01,4.045985664828781836e+01,4.368065933568311010e+01,4.027513250034900238e+00
1.303840481040529831e+01,1.389244398944980396e+01,2.624880949681337583e+01,2.549509756796392423e+01,3.298484500494128469e+01,5.056678751908212632e+01,4.045985664828781836e+01,4.368065933568311010e+01,4.027513250034900238e+00
1.315294643796590535e+01,1.526433752247374720e+01,2.624880949681337583e+01,2.617250465660480074e+01,3.298484500494128469e+01,5.056678751908212632e+01,4.045985664828781836e+01,4.368065933568311010e+01,4.034390720691131804e+00
1.303840481040529831e+01,1.476482306023340030e+01,2.624880949681337583e+01,2.617250465660480074e+01,3.298484500494128469e+01,5.056678751908212632e+01,4.045985664828781836e+01,4.368065933568311010e+01,4.027513250034900238e+00
1.303840481040529831e+01,1.476482306023340030e+01,2.624880949681337583e+01,2.617250465660480074e+01,3.298484500494128469e+01,5.056678751908212632e+01,4.045985664828781836e+01,4.368065933568311010e+01,4.027513250034900238e+00
1.303840481040529831e+01,1.476482306023340030e+01,2.624880949681337583e+01,2.617250465660480074e+01,3.298484500494128469e+01,5.056678751908212632e+01,4.045985664828781836e+01,4.368065933568311010e+01,4.027513250034900238e+00
1.303840481040529831e+01,1.476482306023340030e+01,2.624880949681337583e+01,2.617250465660480074e+01,3.298484500494128469e+01,5.056678751908212632e+01,4.045985664828781836e+01,4.368065933568311010e+01,4.027513250034900238e+00
1.315294643796590535e+01,1.526433752247374720e+01,2.624880949681337583e+01,2.617250465660480074e+01,3.298484500494128469e+01,5.056678751908212632e+01,4.045985664828781836e+01,4.368065933568311010e+01,4.034390720691131804e+00
1.315294643796590535e+01,1.526433752247374720e+01,2.624880949681337583e+01,2.617250465660480074e+01,3.298484500494128469e+01,5.056678751908212632e+01,4.045985664828781836e+01,4.368065933568311010e+01,4.034390720691131804e+00
1.315294643796590535e+01,1.526433752247374720e+01,2.624880949681337583e+01,2.617250465660480074e+01,3.298484500494128469e+01,5.056678751908212632e+01,4.045985664828781836e+01,4.368065933568311010e+01,4.034390720691131804e+00
1.204159457879229578e+01,1.476482306023340030e+01,2.596150997149434048e+01,2.617250465660480074e+01,3.298484500494128469e+01,5.056678751908212632e+01,4.045985664828781836e+01,4.368065933568311010e+01,4.027513250034900238e+00
1.216552506059643868e+01,1.526433752247374720e+01,2.624880949681337583e+01,2.549509756796392423e+01,3.395585369269929288e+01,5.099019513592784847e+01,4.045985664828781836e+01,4.368065933568311010e+01,4.076976673939881834e+00
1.216552506059643868e+01,1.526433752247374720e+01,2.624880949681337583e+01,2.549509756796392423e+01,3.395585369269929288e+01,5.099019513592784847e+01,4.045985664828781836e+01,4.368065933568311010e+01,4.076976673939881834e+00
1.216552506059643868e+01,1.476482306023340030e+01,2.624880949681337583e+01,2.624880949681337583e+01,3.395585369269929288e+01,5.099019513592784847e+01,4.045985664828781836e+01,4.368065933568311010e+01,4.076976673939881834e+00
1.204159457879229578e+01,1.476482306023340030e+01,2.624880949681337583e+01,2.549509756796392423e+01,3.395585369269929288e+01,5.099019513592784847e+01,4.045985664828781836e+01,4.368065933568311010e+01,4.071405700933018679e+00
1.216552506059643868e+01,1.476482306023340030e+01,2.624880949681337583e+01,2.624880949681337583e+01,3.395585369269929288e+01,5.099019513592784847e+01,4.045985664828781836e+01,4.368065933568311010e+01,4.076976673939881834e+00
1.216552506059643868e+01,1.526433752247374720e+01,2.596150997149434048e+01,2.617250465660480074e+01,3.298484500494128469e+01,5.056678751908212632e+01,4.045985664828781836e+01,4.368065933568311010e+01,4.034390720691131804e+00
1.216552506059643868e+01,1.526433752247374720e+01,2.596150997149434048e+01,2.617250465660480074e+01,3.298484500494128469e+01,5.056678751908212632e+01,4.045985664828781836e+01,4.368065933568311010e+01,4.034390720691131804e+00
1.216552506059643868e+01,1.526433752247374720e+01,2.596150997149434048e+01,2.617250465660480074e+01,3.298484500494128469e+01,5.056678751908212632e+01,4.045985664828781836e+01,4.368065933568311010e+01,4.034390720691131804e+00
1.216552506059643868e+01,1.526433752247374720e+01,2.596150997149434048e+01,2.617250465660480074e+01,3.298484500494128469e+01,5.056678751908212632e+01,4.045985664828781836e+01,4.368065933568311010e+01,4.034390720691131804e+00
1.315294643796590535e+01,1.442220510185595650e+01,2.624880949681337583e+01,2.549509756796392423e+01,3.298484500494128469e+01,5.056678751908212632e+01,4.045985664828781836e+01,4.368065933568311010e+01,4.034390720691131804e+00
1.315294643796590535e+01,1.442220510185595650e+01,2.657066051117284644e+01,2.483948469674844262e+01,3.395585369269929288e+01,5.099019513592784847e+01,4.045985664828781836e+01,4.368065933568311010e+01,4.076976673939881834e+00
1.315294643796590535e+01,1.442220510185595650e+01,2.657066051117284644e+01,2.483948469674844262e+01,3.395585369269929288e+01,5.099019513592784847e+01,4.045985664828781836e+01,4.368065933568311010e+01,4.076976673939881834e+00
1.315294643796590535e+01,1.442220510185595650e+01,2.624880949681337583e+01,2.549509756796392423e+01,3.298484500494128469e+01,5.056678751908212632e+01,4.045985664828781836e+01,4.368065933568311010e+01,4.034390720691131804e+00
1.403566884761819900e+01,1.360147050873544394e+01,2.624880949681337583e+01,2.475883680627989492e+01,3.298484500494128469e+01,5.056678751908212632e+01,4.045985664828781836e+01,4.368065933568311010e+01,3.990702689899729538e+00
1.303840481040529831e+01,1.360147050873544394e+01,2.596150997149434048e+01,2.475883680627989492e+01,3.298484500494128469e+01,5.056678751908212632e+01,4.045985664828781836e+01,4.368065933568311010e+01,3.990702689899729538e+00
1.315294643796590535e+01,1.486606874731850603e+01,2.596150997149434048e+01,2.404163056034261459e+01,3.298484500494128469e+01,5.056678751908212632e+01,4.045985664828781836e+01,4.368065933568311010e+01,3.998832592079673454e+00
2.236067977499789805e+01,1.118033988749894903e+01,2.801785145224380003e+01,2.024845673131658685e+01,3.214031735997639316e+01,4.792702786528703740e+01,4.031128874149274566e+01,4.272001872658765365e+01,3.360261599463735482e+00
2.202271554554523902e+01,2.158703314492290204e+01,2.630589287593181069e+01,2.137755832643194864e+01,3.400000000000000000e+01,4.477722635447621968e+01,4.242640687119285303e+01,4.295346318982905842e+01,3.469048926272078948e+00
2.692582403567251959e+01,2.408318915758459156e+01,2.507987240796890660e+01,2.370653918225939449e+01,3.569313659514949677e+01,5.099019513592784847e+01,4.313930922024598402e+01,4.373785545725807822e+01,3.601978325500141853e+00
2.600000000000000000e+01,2.402082429892862692e+01,2.617250465660480074e+01,2.332380757938120297e+01,3.807886552931954327e+01,5.412947441089742995e+01,4.459820624195551630e+01,4.455333881989092504e+01,3.624374734843941681e+00
2.640075756488817049e+01,2.402082429892862692e+01,2.617250465660480074e+01,2.555386467836127551e+01,3.794733192202055250e+01,5.515432893255070468e+01,4.318564576337836769e+01,4.455333881989092504e+01,3.601088686067400957e+00
2.657066051117284644e+01,2.402082429892862692e+01,2.617250465660480074e+01,2.370653918225939449e+01,3.900000000000000000e+01,5.646237685397241535e+01,4.386342439892261780e+01,4.428317965096906050e+01,3.532410801358652819e+00
2.529822128134703618e+01,2.300000000000000000e+01,2.617250465660480074e+01,2.370653918225939449e+01,3.992492955535426091e+01,5.738466694161429160e+01,4.318564576337836769e+01,4.440720662234903671e+01,3.540279888324712410e+00
2.640075756488817049e+01,2.402082429892862692e+01,2.531797780234432693e+01,2.418677324489564739e+01,3.939543120718441571e+01,5.738466694161429160e+01,4.313930922024598402e+01,4.440720662234903671e+01,3.586475709254667965e+00
2.692582403567251959e+01,2.209072203437452231e+01,2.707397274136176790e+01,2.505992817228333536e+01,4.071854614300466579e+01,5.793962374748389976e+01,4.244997055358224713e+01,4.539823785126466760e+01,3.468929742047091480e+00
3.008321791298264714e+01,2.473863375370596174e+01,2.701851217221259205e+01,2.459674775249768786e+01,4.031128874149274566e+01,5.738466694161429160e+01,4.244997055358224713e+01,4.440720662234903671e+01,3.418833271423451947e+00
2.668332812825266842e+01,2.236067977499789805e+01,2.701851217221259205e+01,2.370653918225939449e+01,4.162931659299729859e+01,5.869412236331675814e+01,4.244997055358224713e+01,4.440720662234903671e+01,3.442397069014340172e+00
2.983286778035259701e+01,2.473863375370596174e+01,2.801785145224380003e+01,2.459674775249768786e+01,4.031128874149274566e+01,5.700877125495689768e+01,4.244997055358224713e+01,4.539823785126466760e+01,3.418833271423451947e+00
3.138470965295043058e+01,2.886173937932362321e+01,2.701851217221259205e+01,2.370653918225939449e+01,3.956008088970496317e+01,5.515432893255070468e+01,4.177319714841084419e+01,4.440720662234903671e+01,3.484173528022652455e+00
3.195309061734091571e+01,2.765863337187866122e+01,2.816025568065744622e+01,2.418677324489564739e+01,3.956008088970496317e+01,5.594640292279746063e+01,4.244997055358224713e+01,4.341658669218482203e+01,3.508425423301182455e+00
3.264965543462901820e+01,2.844292530665578411e+01,2.517935662402834396e+01,2.418677324489564739e+01,3.939543120718441571e+01,5.700877125495689768e+01,4.318564576337836769e+01,4.428317965096906050e+01,3.499938257089755034e+00
3.354101966249684352e+01,3.059411708155671050e+01,2.617250465660480074e+01,2.370653918225939449e+01,3.900000000000000000e+01,5.571355310873647682e+01,4.393176527297759293e+01,4.517742799230607176e+01,3.493960531536955294e+00
2.701851217221259205e+01,2.184032966784155505e+01,3.000000000000000000e+01,2.247220505424423109e+01,4.386342439892261780e+01,6.041522986797286165e+01,4.455333881989092504e+01,4.627094120503709718e+01,3.349133784154648907e+00
2.570992026436488231e+01,1.708800749063506075e+01,2.906888370749726747e+01,2.213594362117865444e+01,4.531004303683676682e+01,5.993329625508678760e+01,4.244997055358224713e+01,4.539823785126466760e+01,3.252685826200141239e+00
2.308679276123039159e+01,1.200000000000000000e+01,3.000000000000000000e+01,2.459674775249768786e+01,4.743416490252568707e+01,5.993329625508678760e+01,4.440720662234903671e+01,4.509988913511872255e+01,3.326300328133715567e+00
2.308679276123039159e+01,1.702938636592640265e+01,2.901723625709381693e+01,2.507987240796890660e+01,4.919349550499537571e+01,6.315853069855251078e+01,4.161730409336962566e+01,4.304648650006176780e+01,3.296822251488102928e+00
2.707397274136176790e+01,1.824828759089465890e+01,3.000000000000000000e+01,2.600000000000000000e+01,5.283937925449162520e+01,6.369458375717671572e+01,4.081666326391709987e+01,4.304648650006176780e+01,3.206613181578741312e+00
2.927456233660889495e+01,1.931320791582796659e+01,3.106444913401813324e+01,2.563201123595259290e+01,5.283937925449162520e+01,6.500000000000000000e+01,4.134005321718877468e+01,4.301162633521313694e+01,3.126946563763412179e+00
3.101612483854164637e+01,1.920937271229854559e+01,3.157530680769388809e+01,2.353720459187963954e+01,5.366563145999495532e+01,6.488451279003334093e+01,4.134005321718877468e+01,4.300000000000000000e+01,2.960406144407512929e+00
2.996664812754339380e+01,1.838477631085023489e+01,3.101612483854164637e+01,2.517935662402834396e+01,5.220153254455274805e+01,6.177378084592200480e+01,4.134005321718877468e+01,4.101219330881975367e+01,2.898871322971919184e+00
3.492849839314595783e+01,2.758622844826744469e+01,3.101612483854164637e+01,2.507987240796890660e+01,5.186520991955976001e+01,5.953990258641678679e+01,4.081666326391709987e+01,4.100000000000000000e+01,2.939305828399447318e+00
3.395585369269929288e+01,2.617250465660480074e+01,2.973213749463701205e+01,2.408318915758459156e+01,5.314132102234569288e+01,6.140032573203500732e+01,4.134005321718877468e+01,4.100000000000000000e+01,2.942393126965586969e+00
3.337663853655727308e+01,2.831960451701259274e+01,3.036445290137795183e+01,2.319482700948640286e+01,5.314132102234569288e+01,6.140032573203500732e+01,4.134005321718877468e+01,4.100000000000000000e+01,3.026185966059807608e+00
3.324154027718932269e+01,2.842534080710379030e+01,3.036445290137795183e+01,2.418677324489564739e+01,5.314132102234569288e+01,6.140032573203500732e+01,4.134005321718877468e+01,4.100000000000000000e+01,3.043950594553330280e+00
3.337663853655727308e+01,2.765863337187866122e+01,3.036445290137795183e+01,2.418677324489564739e+01,5.442425929675111007e+01,6.140032573203500732e+01,4.081666326391709987e+01,4.101219330881975367e+01,3.017237659043031872e+00
3.306055050963308162e+01,2.941088233970548416e+01,2.983286778035259701e+01,2.319482700948640286e+01,5.442425929675111007e+01,6.140032573203500732e+01,4.081666326391709987e+01,4.101219330881975367e+01,3.091841211507279752e+00
3.206243908376279705e+01,2.801785145224380003e+01,2.961418578992169515e+01,2.236067977499789805e+01,5.442425929675111007e+01,6.140032573203500732e+01,4.081666326391709987e+01,4.101219330881975367e+01,3.115847270362741561e+00
3.006659275674581622e+01,2.954657340538831534e+01,3.059411708155671050e+01,2.451530134426252516e+01,5.220153254455274805e+01,5.994163828258283644e+01,4.219004621945797595e+01,4.301162633521313694e+01,3.218007529523079224e+00
3.006659275674581622e+01,2.692582403567251959e+01,2.915475947422650194e+01,2.376972864800942631e+01,5.385164807134503917e+01,6.264982043070833839e+01,4.219004621945797595e+01,4.201190307520000999e+01,3.234707814706286655e+00
2.927456233660889495e+01,2.751363298439520833e+01,3.014962686336266984e+01,2.435159132377184221e+01,5.255473337388364996e+01,6.129437168288782090e+01,4.219004621945797595e+01,4.201190307520000999e+01,3.298194530571808336e+00
3.104834939252004844e+01,3.228002478313794654e+01,3.006659275674581622e+01,2.404163056034261459e+01,5.069516742254630515e+01,6.037383539249432118e+01,4.219004621945797595e+01,4.201190307520000999e+01,3.339525078098187993e+00
3.000000000000000000e+01,2.731300056749532601e+01,3.114482300479487265e+01,2.280350850198275836e+01,5.292447448959696743e+01,6.217716622683925465e+01,4.304648650006176780e+01,4.204759208325727826e+01,3.219294777149390718e+00
3.106444913401813324e+01,2.863564212655270680e+01,3.026549190084311292e+01,2.376972864800942631e+01,5.200000000000000000e+01,6.171709649683788967e+01,4.304648650006176780e+01,4.204759208325727826e+01,3.198853340045289873e+00
3.106444913401813324e+01,2.996664812754339380e+01,3.041381265149109936e+01,2.353720459187963954e+01,5.200000000000000000e+01,6.126989472816156024e+01,4.167733196834941367e+01,4.201190307520000999e+01,3.186464290870941962e+00
3.125699921617556853e+01,3.178049716414140846e+01,3.224903099319419653e+01,2.308679276123039159e+01,5.069516742254630515e+01,6.037383539249432118e+01,4.188078318274384770e+01,4.300000000000000000e+01,3.283999457098448538e+00
3.101612483854164637e+01,2.731300056749532601e+01,3.214031735997639316e+01,2.376972864800942631e+01,5.515432893255070468e+01,6.400781202322103525e+01,4.134005321718877468e+01,4.200000000000000000e+01,3.226499455002175942e+00
3.300000000000000000e+01,2.729468812791236232e+01,3.026549190084311292e+01,2.473863375370596174e+01,5.646237685397241535e+01,6.536818798161687027e+01,4.031128874149274566e+01,4.000000000000000000e+01,3.153251933201004498e+00
2.983286778035259701e+01,1.972308292331602075e+01,2.863564212655270680e+01,2.531797780234432693e+01,5.793962374748389976e+01,6.586349520030044857e+01,4.114608122288196768e+01,3.901281840626231912e+01,3.003892846111331671e+00
2.729468812791236232e+01,1.252996408614166768e+01,2.912043955712207222e+01,2.630589287593181069e+01,5.632051136131489244e+01,6.351377803280166745e+01,4.024922359499621649e+01,3.701351104664349378e+01,2.954444173208521818e+00
2.863564212655270680e+01,1.442220510185595650e+01,2.941088233970548416e+01,2.729468812791236232e+01,5.578530272392541178e+01,6.242595614005443139e+01,4.024922359499621649e+01,3.601388621073821383e+01,2.963383016989401764e+00
2.886173937932362321e+01,1.972308292331602075e+01,2.983286778035259701e+01,2.549509756796392423e+01,5.661271941887264347e+01,6.212889826803626647e+01,3.848376280978771291e+01,3.600000000000000000e+01,3.063842080874258578e+00
3.114482300479487265e+01,2.236067977499789805e+01,2.828427124746190202e+01,2.549509756796392423e+01,5.793962374748389976e+01,6.129437168288782090e+01,3.939543120718441571e+01,4.110960958218893069e+01,3.078450894085278389e+00
3.401470270338990076e+01,2.865309756378880479e+01,2.915475947422650194e+01,2.353720459187963954e+01,5.830951894845300387e+01,6.082762530298219872e+01,4.031128874149274566e+01,4.229657196511320194e+01,3.122558255448838693e+00
2.801785145224380003e+01,2.435159132377184221e+01,2.807133769523639799e+01,2.236067977499789805e+01,5.462600113499065202e+01,6.041522986797286165e+01,4.204759208325727826e+01,4.328972164382672361e+01,3.151428401974809113e+00
2.915475947422650194e+01,2.507987240796890660e+01,2.376972864800942631e+01,2.469817807045693669e+01,4.875448697299562184e+01,5.664803615307418738e+01,4.024922359499621649e+01,4.219004621945797595e+01,3.505335315207804836e+00
3.041381265149109936e+01,2.816025568065744622e+01,2.340939982143925135e+01,2.701851217221259205e+01,4.788527957525151635e+01,5.787054518492114852e+01,4.248529157249600274e+01,4.341658669218482203e+01,3.639709363590107216e+00
3.264965543462901820e+01,3.008321791298264714e+01,2.376972864800942631e+01,2.690724809414741969e+01,4.664761515876240594e+01,5.700877125495689768e+01,4.114608122288196768e+01,4.341658669218482203e+01,3.651807450199477501e+00
3.397057550292606010e+01,3.114482300479487265e+01,2.473863375370596174e+01,2.720294101747088789e+01,4.788527957525151635e+01,5.756735185849701963e+01,4.204759208325727826e+01,4.341658669218482203e+01,3.534557177934990690e+00
3.330165161069342616e+01,3.106444913401813324e+01,2.451530134426252516e+01,2.662705391138869615e+01,4.741307836451878899e+01,5.692099788303082875e+01,4.114608122288196768e+01,4.229657196511320194e+01,3.525266639993397177e+00
3.000000000000000000e+01,2.729468812791236232e+01,2.570992026436488231e+01,2.720294101747088789e+01,4.876474136094643796e+01,5.852349955359812839e+01,4.248529157249600274e+01,4.242640687119285303e+01,3.538679435948743901e+00
2.202271554554523902e+01,1.702938636592640265e+01,2.807133769523639799e+01,2.147091055358388800e+01,4.494441010848846219e+01,5.292447448959696743e+01,4.390899680020029905e+01,4.428317965096906050e+01,3.373985774361547119e+00
1.972308292331602075e+01,1.000000000000000000e+01,2.601922366251537611e+01,1.897366596101027625e+01,3.905124837953326988e+01,4.648655719667783615e+01,4.477722635447621968e+01,4.517742799230607176e+01,3.193494052047966214e+00
1.612451549659709826e+01,1.044030650891055068e+01,2.402082429892862692e+01,1.708800749063506075e+01,3.945883931389771959e+01,4.205948168962618183e+01,4.382921400162225467e+01,4.627094120503709718e+01,3.378485239587084354e+00
1.565247584249852864e+01,1.044030650891055068e+01,2.300000000000000000e+01,1.802775637731994607e+01,3.847076812334268681e+01,4.301162633521313694e+01,4.472135954999579610e+01,4.527692569068708650e+01,3.323037422782515904e+00
1.802775637731994607e+01,9.219544457292887074e+00,2.400000000000000000e+01,1.772004514666934938e+01,3.962322551231790158e+01,4.396589587396121601e+01,4.338202392696772591e+01,4.517742799230607176e+01,3.222000158007184201e+00
1.802775637731994607e+01,9.055385138137417300e+00,2.400000000000000000e+01,1.676305461424021104e+01,3.962322551231790158e+01,4.396589587396121601e+01,4.428317965096906050e+01,4.527692569068708650e+01,3.211504705540615401e+00
1.802775637731994607e+01,9.219544457292887074e+00,2.400000000000000000e+01,1.772004514666934938e+01,3.962322551231790158e+01,4.396589587396121601e+01,4.428317965096906050e+01,4.527692569068708650e+01,3.211504705540615401e+00
1.749285568453590045e+01,1.004987562112088995e+01,2.400000000000000000e+01,1.676305461424021104e+01,3.981205847478876336e+01,4.396589587396121601e+01,4.338202392696772591e+01,4.527692569068708650e+01,3.245973806540123352e+00
1.700000000000000000e+01,1.104536101718726115e+01,2.400000000000000000e+01,1.676305461424021104e+01,3.945883931389771959e+01,4.301162633521313694e+01,4.428317965096906050e+01,4.527692569068708650e+01,3.288716141441946128e+00
1.700000000000000000e+01,1.104536101718726115e+01,2.400000000000000000e+01,1.676305461424021104e+01,3.962322551231790158e+01,4.301162633521313694e+01,4.338202392696772591e+01,4.527692569068708650e+01,3.288716141441946128e+00
1.700000000000000000e+01,1.118033988749894903e+01,2.400000000000000000e+01,1.772004514666934938e+01,3.962322551231790158e+01,4.301162633521313694e+01,4.338202392696772591e+01,4.527692569068708650e+01,3.288716141441946128e+00
1.655294535724684835e+01,1.140175425099137918e+01,2.402082429892862692e+01,1.802775637731994607e+01,3.962322551231790158e+01,4.272001872658765365e+01,4.338202392696772591e+01,4.627094120503709718e+01,3.352943034189279192e+00
1.708800749063506075e+01,1.216552506059643868e+01,2.402082429892862692e+01,1.802775637731994607e+01,3.962322551231790158e+01,4.272001872658765365e+01,4.338202392696772591e+01,4.627094120503709718e+01,3.347129146207437067e+00
1.612451549659709826e+01,1.264911064067351809e+01,2.319482700948640286e+01,1.923538406167134340e+01,3.962322551231790158e+01,4.522167621838005402e+01,4.517742799230607176e+01,4.617358552246078318e+01,3.493586085088381754e+00
1.931320791582796659e+01,1.838477631085023489e+01,2.256102834535695578e+01,2.332380757938120297e+01,4.176122603564220270e+01,5.000000000000000000e+01,4.517742799230607176e+01,4.716990566028302112e+01,3.585049854707643924e+00
1.711724276862369010e+01,1.562049935181330795e+01,2.473863375370596174e+01,2.523885892824792521e+01,4.272001872658765365e+01,5.220153254455274805e+01,4.429446918070020445e+01,4.617358552246078318e+01,3.587544715828056230e+00
1.838477631085023489e+01,1.788854381999831844e+01,2.549509756796392423e+01,2.561249694973139412e+01,4.569463863518345192e+01,5.661271941887264347e+01,4.518849411078001310e+01,4.428317965096906050e+01,3.584885270430610227e+00
1.711724276862369010e+01,1.486606874731850603e+01,2.942787793912432193e+01,2.720294101747088789e+01,4.887739763939974580e+01,6.016643582596529427e+01,4.123105625617660763e+01,4.229657196511320194e+01,3.467467669038406086e+00
1.902629759044044633e+01,1.442220510185595650e+01,3.140063693621516450e+01,2.842534080710379030e+01,5.060632371551997721e+01,5.990826320300063657e+01,4.272001872658765365e+01,4.177319714841084419e+01,3.408579276555704141e+00
2.002498439450078749e+01,1.476482306023340030e+01,3.059411708155671050e+01,2.640075756488817049e+01,5.408326913195983821e+01,6.403124237432848531e+01,4.295346318982905842e+01,3.929376540877699853e+01,3.335334149313238683e+00
2.000000000000000000e+01,1.565247584249852864e+01,2.942787793912432193e+01,2.662705391138869615e+01,5.440588203494177577e+01,6.476109943476870967e+01,4.220189569201838253e+01,4.026164427839479032e+01,3.301140546669292242e+00
1.941648783894759944e+01,1.360147050873544394e+01,3.059411708155671050e+01,2.580697580112788003e+01,5.464430436925700008e+01,6.403124237432848531e+01,4.197618372363071160e+01,3.929376540877699853e+01,3.321446153382271227e+00
1.676305461424021104e+01,1.486606874731850603e+01,3.026549190084311292e+01,2.607680962081059661e+01,5.024937810560444973e+01,5.990826320300063657e+01,4.220189569201838253e+01,3.905124837953326988e+01,3.363329214950081525e+00
1.486606874731850603e+01,1.421267040355189515e+01,2.647640458974745314e+01,2.332380757938120297e+01,4.924428900898052319e+01,5.748912940721923803e+01,4.177319714841084419e+01,3.905124837953326988e+01,3.401990295135245201e+00
1.486606874731850603e+01,1.360147050873544394e+01,2.549509756796392423e+01,2.332380757938120297e+01,4.837354648979129479e+01,5.727128425310541360e+01,4.100000000000000000e+01,3.981205847478876336e+01,3.391571275050615952e+00
1.360147050873544394e+01,1.442220510185595650e+01,2.549509756796392423e+01,2.385372088375312671e+01,4.837354648979129479e+01,5.748912940721923803e+01,4.197618372363071160e+01,3.905124837953326988e+01,3.442903124910684731e+00
1.486606874731850603e+01,1.360147050873544394e+01,2.570992026436488231e+01,2.247220505424423109e+01,4.924428900898052319e+01,5.748912940721923803e+01,4.177319714841084419e+01,3.905124837953326988e+01,3.426375704307963677e+00
1.486606874731850603e+01,1.421267040355189515e+01,2.549509756796392423e+01,2.282542442102665348e+01,4.837354648979129479e+01,5.727128425310541360e+01,4.177319714841084419e+01,3.905124837953326988e+01,3.374434353698388733e+00
1.360147050873544394e+01,1.562049935181330795e+01,2.473863375370596174e+01,2.147091055358388800e+01,4.973932046178354938e+01,5.748912940721923803e+01,4.100000000000000000e+01,4.002499219237900263e+01,3.479658776426618694e+00
1.360147050873544394e+01,1.500000000000000000e+01,2.473863375370596174e+01,2.195449840010014952e+01,4.973932046178354938e+01,5.748912940721923803e+01,4.100000000000000000e+01,4.002499219237900263e+01,3.479658776426618694e+00
1.360147050873544394e+01,1.500000000000000000e+01,2.473863375370596174e+01,2.195449840010014952e+01,4.973932046178354938e+01,5.748912940721923803e+01,4.100000000000000000e+01,4.002499219237900263e+01,3.479658776426618694e+00
1.456021977856103611e+01,1.500000000000000000e+01,2.473863375370596174e+01,2.282542442102665348e+01,4.887739763939974580e+01,5.727128425310541360e+01,4.100000000000000000e+01,4.002499219237900263e+01,3.426375704307963677e+00
1.456021977856103611e+01,1.500000000000000000e+01,2.473863375370596174e+01,2.282542442102665348e+01,4.887739763939974580e+01,5.727128425310541360e+01,4.079215610874227593e+01,3.905124837953326988e+01,3.416781902718964314e+00
1.615549442140351033e+01,1.345362404707370985e+01,2.549509756796392423e+01,2.236067977499789805e+01,4.973932046178354938e+01,5.772347875864724642e+01,4.100000000000000000e+01,3.905124837953326988e+01,3.331855666776323055e+00
1.486606874731850603e+01,1.486606874731850603e+01,2.418677324489564739e+01,2.247220505424423109e+01,5.100000000000000000e+01,5.700877125495689768e+01,4.100000000000000000e+01,4.002499219237900263e+01,3.317651289824135930e+00
1.655294535724684835e+01,1.421267040355189515e+01,2.707397274136176790e+01,2.376972864800942631e+01,5.147815070493500400e+01,5.824087911424414443e+01,4.220189569201838253e+01,4.026164427839479032e+01,3.259955709195312856e+00
1.612451549659709826e+01,1.442220510185595650e+01,2.601922366251537611e+01,2.184032966784155505e+01,5.147815070493500400e+01,5.948108943185220454e+01,4.368065933568311010e+01,4.123105625617660763e+01,3.221034765482551521e+00
1.664331697709323876e+01,1.431782106327635340e+01,2.600000000000000000e+01,2.039607805437113797e+01,5.011985634456667071e+01,5.604462507680821659e+01,4.341658669218482203e+01,4.176122603564220270e+01,3.147406541571635241e+00
1.720465053408525335e+01,1.334166406412633421e+01,2.807133769523639799e+01,1.964688270438849926e+01,4.695742752749558235e+01,5.360037313302958495e+01,4.341658669218482203e+01,4.148493702538308270e+01,3.114354185111275264e+00
2.801785145224380003e+01,1.272792206135785520e+01,2.765863337187866122e+01,2.009975124224177989e+01,4.346262762420145975e+01,5.166236541235795698e+01,4.438468204234429493e+01,3.929376540877699853e+01,2.637834628301622075e+00
2.906888370749726747e+01,1.140175425099137918e+01,2.844292530665578411e+01,1.811077027627483460e+01,4.401136216933077350e+01,5.000000000000000000e+01,4.438468204234429493e+01,3.956008088970496317e+01,2.614965382156042573e+00
2.920616373302046753e+01,1.140175425099137918e+01,2.745906043549196340e+01,1.910497317454279909e+01,4.438468204234429493e+01,5.069516742254630515e+01,4.438468204234429493e+01,4.052159917870962147e+01,2.595885306012595706e+00
2.920616373302046753e+01,1.204159457879229578e+01,2.745906043549196340e+01,1.902629759044044633e+01,4.438468204234429493e+01,5.069516742254630515e+01,4.438468204234429493e+01,4.052159917870962147e+01,2.595885306012595706e+00
3.000000000000000000e+01,1.280624847486569706e+01,2.745906043549196340e+01,1.902629759044044633e+01,4.438468204234429493e+01,5.166236541235795698e+01,4.438468204234429493e+01,4.026164427839479032e+01,2.585807259767479493e+00
2.920616373302046753e+01,1.280624847486569706e+01,2.745906043549196340e+01,1.802775637731994607e+01,4.531004303683676682e+01,5.192301994298868095e+01,4.438468204234429493e+01,4.026164427839479032e+01,2.605324924933506203e+00
2.941088233970548416e+01,1.360147050873544394e+01,2.647640458974745314e+01,1.802775637731994607e+01,4.531004303683676682e+01,5.192301994298868095e+01,4.438468204234429493e+01,4.026164427839479032e+01,2.595246878688389991e+00
3.023243291566194912e+01,1.360147050873544394e+01,2.630589287593181069e+01,1.802775637731994607e+01,4.531004303683676682e+01,5.192301994298868095e+01,4.438468204234429493e+01,4.026164427839479032e+01,2.595246878688389991e+00
3.023243291566194912e+01,1.421267040355189515e+01,2.745906043549196340e+01,1.902629759044044633e+01,4.401136216933077350e+01,5.069516742254630515e+01,4.438468204234429493e+01,4.026164427839479032e+01,2.614965382156042573e+00
3.023243291566194912e+01,1.421267040355189515e+01,2.745906043549196340e+01,1.902629759044044633e+01,4.401136216933077350e+01,5.096076922496362727e+01,4.438468204234429493e+01,3.929376540877699853e+01,2.614965382156042573e+00
2.941088233970548416e+01,1.421267040355189515e+01,2.765863337187866122e+01,1.902629759044044633e+01,4.365775990588614519e+01,5.000000000000000000e+01,4.438468204234429493e+01,3.929376540877699853e+01,2.623453588348255927e+00
2.860069929215018192e+01,1.220655561573370207e+01,2.668332812825266842e+01,1.910497317454279909e+01,4.401136216933077350e+01,5.000000000000000000e+01,4.341658669218482203e+01,3.929376540877699853e+01,2.602623268312038718e+00
2.860069929215018192e+01,1.220655561573370207e+01,2.570992026436488231e+01,1.902629759044044633e+01,4.438468204234429493e+01,5.069516742254630515e+01,4.317406628984580408e+01,3.929376540877699853e+01,2.552762529247551093e+00
2.920616373302046753e+01,1.220655561573370207e+01,2.668332812825266842e+01,1.902629759044044633e+01,4.438468204234429493e+01,5.069516742254630515e+01,4.341658669218482203e+01,4.026164427839479032e+01,2.562382320545101067e+00
2.920616373302046753e+01,1.220655561573370207e+01,2.668332812825266842e+01,1.902629759044044633e+01,4.438468204234429493e+01,5.069516742254630515e+01,4.341658669218482203e+01,4.026164427839479032e+01,2.562382320545101067e+00
2.920616373302046753e+01,1.220655561573370207e+01,2.668332812825266842e+01,1.902629759044044633e+01,4.401136216933077350e+01,5.069516742254630515e+01,4.438468204234429493e+01,4.026164427839479032e+01,2.562382320545101067e+00
3.000000000000000000e+01,1.220655561573370207e+01,2.647640458974745314e+01,1.902629759044044633e+01,4.401136216933077350e+01,5.069516742254630515e+01,4.438468204234429493e+01,4.026164427839479032e+01,2.562382320545101067e+00
3.000000000000000000e+01,1.220655561573370207e+01,2.647640458974745314e+01,1.902629759044044633e+01,4.438468204234429493e+01,5.069516742254630515e+01,4.317406628984580408e+01,3.929376540877699853e+01,2.552762529247551093e+00
3.000000000000000000e+01,1.220655561573370207e+01,2.647640458974745314e+01,1.902629759044044633e+01,4.438468204234429493e+01,5.069516742254630515e+01,4.317406628984580408e+01,3.929376540877699853e+01,2.552762529247551093e+00
3.000000000000000000e+01,1.220655561573370207e+01,2.647640458974745314e+01,1.902629759044044633e+01,4.438468204234429493e+01,5.069516742254630515e+01,4.317406628984580408e+01,3.929376540877699853e+01,2.552762529247551093e+00
2.920616373302046753e+01,1.220655561573370207e+01,2.647640458974745314e+01,1.802775637731994607e+01,4.531004303683676682e+01,5.096076922496362727e+01,4.317406628984580408e+01,3.929376540877699853e+01,2.571514486764511886e+00
2.920616373302046753e+01,1.220655561573370207e+01,2.647640458974745314e+01,1.802775637731994607e+01,4.531004303683676682e+01,5.096076922496362727e+01,4.317406628984580408e+01,3.929376540877699853e+01,2.571514486764511886e+00
3.000000000000000000e+01,1.220655561573370207e+01,2.630589287593181069e+01,1.802775637731994607e+01,4.494441010848846219e+01,5.096076922496362727e+01,4.414748010928823163e+01,3.929376540877699853e+01,2.571514486764511886e+00
2.404163056034261459e+01,1.334166406412633421e+01,2.507987240796890660e+01,1.868154169226940553e+01,4.494441010848846219e+01,5.096076922496362727e+01,4.438468204234429493e+01,4.026164427839479032e+01,3.011300493860700200e+00
2.408318915758459156e+01,1.824828759089465890e+01,2.707397274136176790e+01,2.024845673131658685e+01,4.438468204234429493e+01,5.192301994298868095e+01,4.464302857109942835e+01,4.026164427839479032e+01,3.143468120258100296e+00
2.607680962081059661e+01,2.121320343559642652e+01,2.816025568065744622e+01,2.193171219946130890e+01,4.785394445602159408e+01,5.440588203494177577e+01,4.464302857109942835e+01,4.080441152620633005e+01,3.197421547638957584e+00
2.408318915758459156e+01,2.002498439450078749e+01,2.816025568065744622e+01,2.236067977499789805e+01,4.785394445602159408e+01,5.536244214266563546e+01,4.492215489043240240e+01,4.148493702538308270e+01,3.249696688822209190e+00
2.501999200639360765e+01,1.910497317454279909e+01,2.828427124746190202e+01,2.147091055358388800e+01,4.876474136094643796e+01,5.632051136131489244e+01,4.396589587396121601e+01,4.148493702538308270e+01,3.226004464124613502e+00
2.501999200639360765e+01,1.910497317454279909e+01,2.828427124746190202e+01,2.147091055358388800e+01,4.876474136094643796e+01,5.632051136131489244e+01,4.396589587396121601e+01,4.148493702538308270e+01,3.226004464124613502e+00
2.500000000000000000e+01,1.811077027627483460e+01,2.828427124746190202e+01,2.147091055358388800e+01,4.876474136094643796e+01,5.632051136131489244e+01,4.396589587396121601e+01,4.148493702538308270e+01,3.209246256542376052e+00
2.501999200639360765e+01,1.811077027627483460e+01,2.828427124746190202e+01,2.102379604162863913e+01,4.876474136094643796e+01,5.632051136131489244e+01,4.396589587396121601e+01,4.148493702538308270e+01,3.191704196484973721e+00
2.501999200639360765e+01,1.711724276862369010e+01,2.828427124746190202e+01,2.147091055358388800e+01,4.876474136094643796e+01,5.661271941887264347e+01,4.396589587396121601e+01,4.052159917870962147e+01,3.191704196484973721e+00
2.501999200639360765e+01,1.811077027627483460e+01,2.828427124746190202e+01,2.102379604162863913e+01,4.876474136094643796e+01,5.661271941887264347e+01,4.396589587396121601e+01,4.052159917870962147e+01,3.191704196484973721e+00
2.517935662402834396e+01,1.711724276862369010e+01,2.927456233660889495e+01,2.102379604162863913e+01,4.876474136094643796e+01,5.661271941887264347e+01,4.396589587396121601e+01,4.052159917870962147e+01,3.173333559927812075e+00
2.517935662402834396e+01,1.711724276862369010e+01,2.927456233660889495e+01,2.102379604162863913e+01,4.876474136094643796e+01,5.661271941887264347e+01,4.396589587396121601e+01,4.052159917870962147e+01,3.173333559927812075e+00
2.308679276123039159e+01,1.300000000000000000e+01,2.915475947422650194e+01,2.102379604162863913e+01,4.788527957525151635e+01,5.632051136131489244e+01,4.396589587396121601e+01,4.052159917870962147e+01,3.131491987004471067e+00
1.702938636592640265e+01,1.216552506059643868e+01,2.617250465660480074e+01,1.824828759089465890e+01,4.365775990588614519e+01,4.947726750741192348e+01,4.438468204234429493e+01,4.123105625617660763e+01,3.054854314913808100e+00
1.910497317454279909e+01,1.004987562112088995e+01,2.531797780234432693e+01,1.802775637731994607e+01,4.401136216933077350e+01,4.972926703662542280e+01,4.464302857109942835e+01,4.148493702538308270e+01,2.876979051907731844e+00
1.910497317454279909e+01,9.055385138137417300e+00,2.433105012119287736e+01,1.802775637731994607e+01,4.494441010848846219e+01,4.972926703662542280e+01,4.464302857109942835e+01,4.244997055358224713e+01,2.843699613055497899e+00
2.302172886644267535e+01,1.170469991071962568e+01,2.531797780234432693e+01,1.902629759044044633e+01,4.494441010848846219e+01,5.096076922496362727e+01,4.560701700396551672e+01,4.148493702538308270e+01,2.784498708776739218e+00
2.641968962724581260e+01,1.360147050873544394e+01,2.549509756796392423e+01,2.002498439450078749e+01,4.459820624195551630e+01,5.124451190127582834e+01,4.560701700396551672e+01,4.026164427839479032e+01,2.716867332081775555e+00
2.657066051117284644e+01,1.700000000000000000e+01,2.517935662402834396e+01,2.002498439450078749e+01,4.681879964287850271e+01,5.154609587543949090e+01,4.560701700396551672e+01,4.148493702538308270e+01,2.840871503439359902e+00
2.280350850198275836e+01,1.676305461424021104e+01,2.517935662402834396e+01,2.022374841615668473e+01,4.554119014694280310e+01,5.059644256269407236e+01,4.588027898781784586e+01,4.148493702538308270e+01,2.979983898313540269e+00
2.517935662402834396e+01,2.158703314492290204e+01,2.501999200639360765e+01,2.024845673131658685e+01,4.623851208678756564e+01,5.249761899362675166e+01,4.588027898781784586e+01,4.148493702538308270e+01,3.175655489094567407e+00
2.692582403567251959e+01,2.433105012119287736e+01,2.617250465660480074e+01,2.102379604162863913e+01,4.792702786528703740e+01,5.408326913195983821e+01,4.522167621838005402e+01,4.148493702538308270e+01,3.284980513781582623e+00
2.549509756796392423e+01,2.209072203437452231e+01,2.617250465660480074e+01,2.193171219946130890e+01,4.924428900898052319e+01,5.502726596879041665e+01,4.522167621838005402e+01,4.244997055358224713e+01,3.277024281042803189e+00
2.657066051117284644e+01,2.302172886644267535e+01,2.531797780234432693e+01,2.282542442102665348e+01,4.965883607174054504e+01,5.597320787662611963e+01,4.522167621838005402e+01,4.244997055358224713e+01,3.333068453983575985e+00
2.954657340538831534e+01,2.617250465660480074e+01,2.549509756796392423e+01,2.195449840010014952e+01,4.965883607174054504e+01,5.597320787662611963e+01,4.427188724235730888e+01,4.220189569201838253e+01,3.357780214978434152e+00
2.720294101747088789e+01,2.308679276123039159e+01,2.630589287593181069e+01,2.282542442102665348e+01,5.008991914547277702e+01,5.692099788303082875e+01,4.492215489043240240e+01,4.148493702538308270e+01,3.295836739479702349e+00
2.751363298439520833e+01,2.408318915758459156e+01,2.630589287593181069e+01,2.282542442102665348e+01,5.008991914547277702e+01,5.692099788303082875e+01,4.492215489043240240e+01,4.148493702538308270e+01,3.308978157366051498e+00
2.879236009777593708e+01,2.517935662402834396e+01,2.647640458974745314e+01,2.195449840010014952e+01,5.008991914547277702e+01,5.724508712544684386e+01,4.492215489043240240e+01,4.052159917870962147e+01,3.321592167203875956e+00
2.915475947422650194e+01,2.507987240796890660e+01,2.647640458974745314e+01,2.332380757938120297e+01,5.008991914547277702e+01,5.692099788303082875e+01,4.492215489043240240e+01,4.148493702538308270e+01,3.333706112049672932e+00
2.563201123595259290e+01,2.209072203437452231e+01,2.647640458974745314e+01,2.469817807045693669e+01,5.053711507397311209e+01,5.787054518492114852e+01,4.492215489043240240e+01,4.148493702538308270e+01,3.365221261214865311e+00
2.500000000000000000e+01,2.009975124224177989e+01,2.668332812825266842e+01,2.385372088375312671e+01,5.100000000000000000e+01,5.818934610390461870e+01,4.396589587396121601e+01,4.052159917870962147e+01,3.363217255881557843e+00
2.500000000000000000e+01,2.022374841615668473e+01,2.668332812825266842e+01,2.469817807045693669e+01,5.100000000000000000e+01,5.818934610390461870e+01,4.427188724235730888e+01,4.148493702538308270e+01,3.371702524073550755e+00
2.500000000000000000e+01,2.022374841615668473e+01,2.668332812825266842e+01,2.469817807045693669e+01,5.100000000000000000e+01,5.818934610390461870e+01,4.396589587396121601e+01,4.052159917870962147e+01,3.363217255881557843e+00
2.500000000000000000e+01,2.009975124224177989e+01,2.647640458974745314e+01,2.469817807045693669e+01,5.053711507397311209e+01,5.818934610390461870e+01,4.492215489043240240e+01,4.052159917870962147e+01,3.340160545845159312e+00
2.596150997149434048e+01,2.100000000000000000e+01,2.647640458974745314e+01,2.332380757938120297e+01,5.053711507397311209e+01,5.818934610390461870e+01,4.492215489043240240e+01,4.052159917870962147e+01,3.317700062110144010e+00
2.915475947422650194e+01,2.517935662402834396e+01,2.647640458974745314e+01,2.247220505424423109e+01,5.053711507397311209e+01,5.724508712544684386e+01,4.396589587396121601e+01,4.052159917870962147e+01,3.333706112049672932e+00
3.001666203960726875e+01,2.707397274136176790e+01,2.531797780234432693e+01,2.385372088375312671e+01,4.919349550499537571e+01,5.661271941887264347e+01,4.492215489043240240e+01,4.148493702538308270e+01,3.358667581135915903e+00
3.328663395418647752e+01,3.114482300479487265e+01,2.647640458974745314e+01,2.385372088375312671e+01,4.876474136094643796e+01,5.728001396647874088e+01,4.396589587396121601e+01,4.123105625617660763e+01,3.371083687780799032e+00
3.220248437620923454e+01,3.014962686336266984e+01,2.927456233660889495e+01,2.555386467836127551e+01,5.053711507397311209e+01,5.882176467941096831e+01,4.396589587396121601e+01,4.100000000000000000e+01,3.343514298220653380e+00
3.401470270338990076e+01,3.157530680769388809e+01,3.026549190084311292e+01,2.469817807045693669e+01,5.277309920783504538e+01,5.977457653551382322e+01,4.317406628984580408e+01,4.002499219237900263e+01,3.303564304007331032e+00
3.448187929913333249e+01,3.436568055487916240e+01,2.707397274136176790e+01,2.507987240796890660e+01,5.110772935672255102e+01,5.869412236331675814e+01,4.317406628984580408e+01,4.148493702538308270e+01,3.246007271502295399e+00
3.361547262794321966e+01,3.522782990761707111e+01,2.915475947422650194e+01,2.459674775249768786e+01,5.011985634456667071e+01,5.700877125495689768e+01,4.341658669218482203e+01,4.148493702538308270e+01,3.321879616727468676e+00
3.088689042296100240e+01,3.125699921617556853e+01,2.716615541441224835e+01,2.282542442102665348e+01,4.695742752749558235e+01,5.632051136131489244e+01,4.332435804486893716e+01,4.079215610874227593e+01,3.357040998682497168e+00
2.376972864800942631e+01,2.061552812808830382e+01,2.435159132377184221e+01,2.247220505424423109e+01,4.517742799230607176e+01,5.385164807134503917e+01,4.308131845707602992e+01,4.295346318982905842e+01,3.471871319624850294e+00
1.835755975068581947e+01,1.843908891458577415e+01,2.109502310972898798e+01,2.420743687382040932e+01,4.167733196834941367e+01,5.178802950489620827e+01,4.295346318982905842e+01,4.589117562233506220e+01,3.691296938113815873e+00
1.403566884761819900e+01,1.341640786499873883e+01,2.376972864800942631e+01,2.404163056034261459e+01,3.827531841800927737e+01,4.687216658103186262e+01,4.494441010848846219e+01,4.393176527297759293e+01,3.684900093463573612e+00
1.303840481040529831e+01,1.341640786499873883e+01,2.340939982143925135e+01,2.404163056034261459e+01,4.031128874149274566e+01,4.883646178829911833e+01,4.494441010848846219e+01,4.512205669071391156e+01,3.667915517648892898e+00
1.216552506059643868e+01,1.476482306023340030e+01,2.624880949681337583e+01,2.624880949681337583e+01,4.167733196834941367e+01,5.375872022286245056e+01,4.401136216933077350e+01,4.393176527297759293e+01,3.692417120796447350e+00
1.500000000000000000e+01,1.341640786499873883e+01,2.720294101747088789e+01,2.758622844826744469e+01,4.254409477236529824e+01,5.474486277268398027e+01,4.522167621838005402e+01,4.317406628984580408e+01,3.551430469502637077e+00
1.303840481040529831e+01,1.526433752247374720e+01,2.647640458974745314e+01,2.701851217221259205e+01,4.614108798023730884e+01,5.805170109479996654e+01,4.396589587396121601e+01,4.275511665286389729e+01,3.515941369179117260e+00
1.400000000000000000e+01,1.562049935181330795e+01,2.745906043549196340e+01,2.701851217221259205e+01,4.882622246293480828e+01,5.943904440685432178e+01,4.049691346263317371e+01,4.177319714841084419e+01,3.505571610099437407e+00
1.403566884761819900e+01,1.421267040355189515e+01,2.745906043549196340e+01,2.624880949681337583e+01,4.882622246293480828e+01,6.041522986797286165e+01,4.143669871020131978e+01,4.177319714841084419e+01,3.486719042826194492e+00
1.500000000000000000e+01,1.486606874731850603e+01,2.863564212655270680e+01,2.690724809414741969e+01,4.909175083453430943e+01,5.943904440685432178e+01,4.143669871020131978e+01,4.275511665286389729e+01,3.525332649180955791e+00
1.600000000000000000e+01,1.414213562373095101e+01,2.765863337187866122e+01,2.624880949681337583e+01,4.964876634922563881e+01,6.063827174318213054e+01,4.143669871020131978e+01,4.177319714841084419e+01,3.474239887682462502e+00
1.600000000000000000e+01,1.414213562373095101e+01,2.765863337187866122e+01,2.624880949681337583e+01,4.964876634922563881e+01,6.063827174318213054e+01,4.143669871020131978e+01,4.177319714841084419e+01,3.474239887682462502e+00
1.500000000000000000e+01,1.414213562373095101e+01,2.745906043549196340e+01,2.624880949681337583e+01,4.882622246293480828e+01,6.041522986797286165e+01,4.143669871020131978e+01,4.177319714841084419e+01,3.465257691926926675e+00
1.414213562373095101e+01,1.360147050873544394e+01,2.863564212655270680e+01,2.617250465660480074e+01,4.909175083453430943e+01,5.966573556070519402e+01,4.143669871020131978e+01,4.177319714841084419e+01,3.537831998200317241e+00
1.431782106327635340e+01,1.389244398944980396e+01,2.844292530665578411e+01,2.765863337187866122e+01,4.716990566028302112e+01,5.748912940721923803e+01,4.143669871020131978e+01,4.177319714841084419e+01,3.496891480892531323e+00
1.334166406412633421e+01,1.500000000000000000e+01,2.630589287593181069e+01,2.523885892824792521e+01,4.802082881417187821e+01,5.748912940721923803e+01,4.143669871020131978e+01,4.275511665286389729e+01,3.478516550253257122e+00
1.486606874731850603e+01,1.421267040355189515e+01,2.507987240796890660e+01,2.549509756796392423e+01,4.606517122512408235e+01,5.651548460377916427e+01,4.396589587396121601e+01,4.177319714841084419e+01,3.309799425446879440e+00
1.486606874731850603e+01,1.414213562373095101e+01,2.408318915758459156e+01,2.376972864800942631e+01,4.924428900898052319e+01,5.632051136131489244e+01,4.205948168962618183e+01,4.242640687119285303e+01,3.346727025688868373e+00
1.486606874731850603e+01,1.414213562373095101e+01,2.408318915758459156e+01,2.376972864800942631e+01,4.939635614091387339e+01,5.536244214266563546e+01,4.341658669218482203e+01,4.159326868617084472e+01,3.338039146973596161e+00
1.565247584249852864e+01,1.345362404707370985e+01,2.302172886644267535e+01,2.280350850198275836e+01,4.964876634922563881e+01,5.345091205957106695e+01,4.197618372363071160e+01,4.044749683231336945e+01,3.235824935596235630e+00
1.708800749063506075e+01,1.166190378969060149e+01,2.300000000000000000e+01,2.308679276123039159e+01,4.997999599839919682e+01,5.470831746635972337e+01,4.220189569201838253e+01,4.044749683231336945e+01,3.163190980496789706e+00
1.802775637731994607e+01,1.118033988749894903e+01,2.400000000000000000e+01,2.340939982143925135e+01,5.092150822589606207e+01,5.408326913195983821e+01,4.197618372363071160e+01,3.962322551231790158e+01,3.161460878416774811e+00
1.802775637731994607e+01,1.166190378969060149e+01,2.501999200639360765e+01,2.376972864800942631e+01,5.107837115648853654e+01,5.692099788303082875e+01,4.244997055358224713e+01,4.060788100849390503e+01,3.201893201941056422e+00
1.824828759089465890e+01,1.389244398944980396e+01,2.630589287593181069e+01,2.370653918225939449e+01,5.100000000000000000e+01,5.787054518492114852e+01,4.110960958218893069e+01,4.079215610874227593e+01,3.338903157728387860e+00
1.513274595042155646e+01,1.500000000000000000e+01,2.647640458974745314e+01,2.662705391138869615e+01,4.701063709417263681e+01,5.481788029466298440e+01,4.143669871020131978e+01,4.197618372363071160e+01,3.472441870899082517e+00
2.126029162546929996e+01,9.000000000000000000e+00,2.668332812825266842e+01,2.002498439450078749e+01,4.396589587396121601e+01,4.838388161361177708e+01,4.204759208325727826e+01,4.527692569068708650e+01,2.900746198348381544e+00
2.884441020371191300e+01,8.544003745317530374e+00,2.549509756796392423e+01,1.941648783894759944e+01,3.905124837953326988e+01,4.695742752749558235e+01,4.527692569068708650e+01,4.101219330881975367e+01,2.520301260134954369e+00
2.906888370749726747e+01,1.216552506059643868e+01,2.561249694973139412e+01,1.878829422805593552e+01,3.605551275463989214e+01,4.294182110716777601e+01,4.161730409336962566e+01,4.044749683231336945e+01,2.447617347743516358e+00
2.983286778035259701e+01,1.456021977856103611e+01,2.195449840010014952e+01,1.843908891458577415e+01,3.785498646149540036e+01,3.883297567789519888e+01,4.022437072223753063e+01,3.863935817272331263e+01,2.141256870285061620e+00
3.298484500494128469e+01,1.878829422805593552e+01,2.284731931759172596e+01,1.920937271229854559e+01,3.794733192202055250e+01,3.612478373637688378e+01,4.123105625617660763e+01,3.863935817272331263e+01,2.159028974046710569e+00
3.505709628591620941e+01,2.267156809750926882e+01,2.418677324489564739e+01,1.923538406167134340e+01,3.827531841800927737e+01,3.465544690232691494e+01,4.045985664828781836e+01,3.863935817272331263e+01,1.970557929200057234e+00
3.800000000000000000e+01,2.831960451701259274e+01,2.501999200639360765e+01,1.708800749063506075e+01,3.841874542459709119e+01,3.244996147917590434e+01,4.201190307520000999e+01,3.939543120718441571e+01,2.133274657066872582e+00
3.911521443121588959e+01,2.842534080710379030e+01,2.617250465660480074e+01,2.061552812808830382e+01,3.889730067755344578e+01,3.605551275463989214e+01,4.401136216933077350e+01,4.188078318274384770e+01,4.053285622459414483e+00
3.705401462729781059e+01,2.765863337187866122e+01,2.647640458974745314e+01,2.184032966784155505e+01,4.110960958218893069e+01,3.590264614203248072e+01,4.464302857109942835e+01,4.420407221060068537e+01,3.928200006240712305e+00
3.920459156782531807e+01,2.720294101747088789e+01,2.630589287593181069e+01,2.184032966784155505e+01,4.140048308896890461e+01,3.649657518178931781e+01,3.911521443121588959e+01,4.560701700396551672e+01,3.801145816863802374e+00
3.224903099319419653e+01,2.193171219946130890e+01,2.507987240796890660e+01,1.964688270438849926e+01,3.667424164178449786e+01,3.551056180912940619e+01,3.801315561749642313e+01,4.248529157249600274e+01,3.624139581276300426e+00
3.224903099319419653e+01,2.126029162546929996e+01,2.400000000000000000e+01,1.843908891458577415e+01,3.667424164178449786e+01,3.649657518178931781e+01,3.805259518088089266e+01,4.114608122288196768e+01,3.632651521557009211e+00
3.436568055487916240e+01,2.267156809750926882e+01,2.507987240796890660e+01,1.964688270438849926e+01,3.577708763999663688e+01,3.667424164178449786e+01,3.805259518088089266e+01,4.114608122288196768e+01,3.698191971600016004e+00
3.373425558686599857e+01,2.202271554554523902e+01,2.517935662402834396e+01,1.941648783894759944e+01,3.624913792078371699e+01,3.649657518178931781e+01,3.805259518088089266e+01,4.071854614300466579e+01,3.719494590552038904e+00
3.736308338453881106e+01,2.641968962724581260e+01,2.596150997149434048e+01,2.009975124224177989e+01,3.667424164178449786e+01,3.535533905932737753e+01,3.700000000000000000e+01,4.204759208325727826e+01,3.819848905951494622e+00
4.016217125604640614e+01,2.915475947422650194e+01,2.731300056749532601e+01,2.202271554554523902e+01,4.049691346263317371e+01,3.401470270338990076e+01,3.701351104664349378e+01,4.346262762420145975e+01,3.819371341423742461e+00
3.956008088970496317e+01,2.954657340538831534e+01,2.549509756796392423e+01,2.200000000000000000e+01,4.427188724235730888e+01,3.423448553724738019e+01,3.612478373637688378e+01,4.401136216933077350e+01,3.739402870738010254e+00
4.123105625617660763e+01,3.130495168499705727e+01,2.683281572999747766e+01,2.400000000000000000e+01,4.301162633521313694e+01,3.238826948140329165e+01,3.634556369077249371e+01,4.438468204234429493e+01,3.695564541794100322e+00
3.764306044943742080e+01,2.683281572999747766e+01,2.416609194718914466e+01,2.202271554554523902e+01,4.491102314577123877e+01,3.862641583165593318e+01,4.049691346263317371e+01,4.535416188179426911e+01,3.587887051551714279e+00
3.860051813123756403e+01,2.996664812754339380e+01,2.376972864800942631e+01,1.910497317454279909e+01,4.119465984809195902e+01,3.676955262170046979e+01,3.900000000000000000e+01,4.242640687119285303e+01,3.527119527087417161e+00
3.478505426185217431e+01,2.607680962081059661e+01,2.469817807045693669e+01,2.009975124224177989e+01,3.721558813185679071e+01,3.668787265568828104e+01,3.640054944640259293e+01,3.911521443121588959e+01,3.513163443996629276e+00
3.157530680769388809e+01,2.267156809750926882e+01,2.039607805437113797e+01,1.802775637731994607e+01,3.811823710509183627e+01,3.921734310225515685e+01,3.544009029333869876e+01,3.500000000000000000e+01,3.417787938596862585e+00
3.140063693621516450e+01,2.262741699796952233e+01,2.220360331117451835e+01,1.802775637731994607e+01,4.019950248448355978e+01,3.862641583165593318e+01,3.700000000000000000e+01,3.811823710509183627e+01,3.321446153382271227e+00
3.337663853655727308e+01,2.262741699796952233e+01,2.209072203437452231e+01,1.902629759044044633e+01,4.031128874149274566e+01,3.956008088970496317e+01,3.827531841800927737e+01,3.920459156782531807e+01,3.347864165087386823e+00
3.300000000000000000e+01,2.561249694973139412e+01,2.200000000000000000e+01,1.711724276862369010e+01,4.130375285612676350e+01,3.921734310225515685e+01,3.862641583165593318e+01,4.219004621945797595e+01,3.194175715200735066e+00
3.206243908376279705e+01,2.469817807045693669e+01,2.209072203437452231e+01,1.726267650163206824e+01,3.945883931389771959e+01,4.080441152620633005e+01,3.827531841800927737e+01,4.011234224026316042e+01,3.146265516774088944e+00
3.140063693621516450e+01,2.683281572999747766e+01,2.220360331117451835e+01,1.627882059609970611e+01,3.962322551231790158e+01,4.080441152620633005e+01,3.827531841800927737e+01,4.019950248448355978e+01,3.065317533267724937e+00
3.125699921617556853e+01,2.416609194718914466e+01,2.220360331117451835e+01,1.843908891458577415e+01,3.847076812334268681e+01,4.052159917870962147e+01,3.794733192202055250e+01,3.911521443121588959e+01,3.091874430787738159e+00
3.041381265149109936e+01,2.507987240796890660e+01,2.209072203437452231e+01,1.843908891458577415e+01,3.863935817272331263e+01,4.052159917870962147e+01,3.827531841800927737e+01,4.019950248448355978e+01,3.074870675213049687e+00
3.201562118716424266e+01,2.692582403567251959e+01,2.236067977499789805e+01,1.772004514666934938e+01,3.883297567789519888e+01,4.080441152620633005e+01,3.769615364994152884e+01,4.019950248448355978e+01,2.994554656583805041e+00
3.140063693621516450e+01,2.507987240796890660e+01,2.334523505985750447e+01,1.772004514666934938e+01,3.733630940518894192e+01,3.984971769034255118e+01,3.862641583165593318e+01,3.911521443121588959e+01,3.015142247656358965e+00
3.214031735997639316e+01,2.325940669922601600e+01,2.353720459187963954e+01,1.772004514666934938e+01,3.721558813185679071e+01,3.984971769034255118e+01,3.827531841800927737e+01,3.805259518088089266e+01,3.049801118437568626e+00
3.114482300479487265e+01,2.193171219946130890e+01,2.256102834535695578e+01,1.772004514666934938e+01,3.733630940518894192e+01,4.080441152620633005e+01,3.827531841800927737e+01,3.805259518088089266e+01,3.062617470808194575e+00
3.014962686336266984e+01,2.118962010041709121e+01,2.256102834535695578e+01,1.868154169226940553e+01,3.733630940518894192e+01,4.080441152620633005e+01,3.827531841800927737e+01,3.805259518088089266e+01,3.043012139950989958e+00
3.114482300479487265e+01,2.193171219946130890e+01,2.353720459187963954e+01,1.802775637731994607e+01,3.721558813185679071e+01,3.984971769034255118e+01,3.733630940518894192e+01,3.801315561749642313e+01,3.018620784025495940e+00
3.114482300479487265e+01,2.193171219946130890e+01,2.334523505985750447e+01,1.897366596101027625e+01,3.622154055254966920e+01,3.956008088970496317e+01,3.733630940518894192e+01,3.801315561749642313e+01,3.047307358020979517e+00
3.114482300479487265e+01,2.284731931759172596e+01,2.353720459187963954e+01,1.772004514666934938e+01,3.622154055254966920e+01,3.984971769034255118e+01,3.769615364994152884e+01,3.801315561749642313e+01,3.018620784025495940e+00
3.114482300479487265e+01,2.284731931759172596e+01,2.353720459187963954e+01,1.772004514666934938e+01,3.622154055254966920e+01,3.984971769034255118e+01,3.769615364994152884e+01,3.801315561749642313e+01,3.018620784025495940e+00
3.114482300479487265e+01,2.284731931759172596e+01,2.353720459187963954e+01,1.772004514666934938e+01,3.622154055254966920e+01,3.984971769034255118e+01,3.769615364994152884e+01,3.801315561749642313e+01,3.018620784025495940e+00
3.114482300479487265e+01,2.284731931759172596e+01,2.353720459187963954e+01,1.772004514666934938e+01,3.622154055254966920e+01,3.984971769034255118e+01,3.769615364994152884e+01,3.801315561749642313e+01,3.018620784025495940e+00
3.114482300479487265e+01,2.284731931759172596e+01,2.353720459187963954e+01,1.772004514666934938e+01,3.721558813185679071e+01,3.984971769034255118e+01,3.733630940518894192e+01,3.801315561749642313e+01,3.018620784025495940e+00
3.224903099319419653e+01,2.416609194718914466e+01,2.334523505985750447e+01,1.868154169226940553e+01,3.622154055254966920e+01,3.956008088970496317e+01,3.733630940518894192e+01,3.801315561749642313e+01,3.046621487072286971e+00
3.125699921617556853e+01,2.376972864800942631e+01,2.353720459187963954e+01,1.772004514666934938e+01,3.721558813185679071e+01,3.984971769034255118e+01,3.733630940518894192e+01,3.801315561749642313e+01,2.999755098003825005e+00
3.125699921617556853e+01,2.376972864800942631e+01,2.353720459187963954e+01,1.772004514666934938e+01,3.622154055254966920e+01,3.984971769034255118e+01,3.769615364994152884e+01,3.801315561749642313e+01,2.999755098003825005e+00
3.114482300479487265e+01,2.284731931759172596e+01,2.353720459187963954e+01,1.772004514666934938e+01,3.622154055254966920e+01,3.984971769034255118e+01,3.769615364994152884e+01,3.801315561749642313e+01,3.018620784025495940e+00
3.125699921617556853e+01,2.376972864800942631e+01,2.334523505985750447e+01,1.868154169226940553e+01,3.622154055254966920e+01,3.956008088970496317e+01,3.733630940518894192e+01,3.801315561749642313e+01,3.028441671999308582e+00
3.224903099319419653e+01,2.376972864800942631e+01,2.353720459187963954e+01,1.868154169226940553e+01,3.622154055254966920e+01,3.956008088970496317e+01,3.733630940518894192e+01,3.801315561749642313e+01,3.028441671999308582e+00
3.125699921617556853e+01,2.376972864800942631e+01,2.353720459187963954e+01,1.772004514666934938e+01,3.622154055254966920e+01,3.984971769034255118e+01,3.769615364994152884e+01,3.801315561749642313e+01,2.999755098003825005e+00
3.125699921617556853e+01,2.376972864800942631e+01,2.353720459187963954e+01,1.772004514666934938e+01,3.721558813185679071e+01,3.984971769034255118e+01,3.733630940518894192e+01,3.801315561749642313e+01,2.999755098003825005e+00
3.125699921617556853e+01,2.376972864800942631e+01,2.353720459187963954e+01,1.772004514666934938e+01,3.622154055254966920e+01,3.984971769034255118e+01,3.769615364994152884e+01,3.801315561749642313e+01,2.999755098003825005e+00
3.125699921617556853e+01,2.376972864800942631e+01,2.353720459187963954e+01,1.772004514666934938e+01,3.622154055254966920e+01,3.984971769034255118e+01,3.769615364994152884e+01,3.801315561749642313e+01,2.999755098003825005e+00
3.125699921617556853e+01,2.376972864800942631e+01,2.353720459187963954e+01,1.772004514666934938e+01,3.622154055254966920e+01,3.984971769034255118e+01,3.862641583165593318e+01,3.805259518088089266e+01,3.012069746394226755e+00
3.140063693621516450e+01,2.469817807045693669e+01,2.353720459187963954e+01,1.772004514666934938e+01,3.622154055254966920e+01,3.984971769034255118e+01,3.769615364994152884e+01,3.801315561749642313e+01,2.981600668151565880e+00
3.140063693621516450e+01,2.469817807045693669e+01,2.353720459187963954e+01,1.772004514666934938e+01,3.622154055254966920e+01,3.984971769034255118e+01,3.769615364994152884e+01,3.801315561749642313e+01,2.981600668151565880e+00
3.238826948140329165e+01,2.507987240796890660e+01,2.353720459187963954e+01,1.772004514666934938e+01,3.622154055254966920e+01,3.984971769034255118e+01,3.769615364994152884e+01,3.801315561749642313e+01,3.000440968952517551e+00
3.238826948140329165e+01,2.469817807045693669e+01,2.353720459187963954e+01,1.868154169226940553e+01,3.522782990761707111e+01,3.956008088970496317e+01,3.769615364994152884e+01,3.801315561749642313e+01,3.010261856926330193e+00
3.255764119219941222e+01,2.469817807045693669e+01,2.256102834535695578e+01,1.868154169226940553e+01,3.522782990761707111e+01,3.956008088970496317e+01,3.769615364994152884e+01,3.801315561749642313e+01,3.010261856926330193e+00
3.238826948140329165e+01,2.416609194718914466e+01,2.256102834535695578e+01,1.772004514666934938e+01,3.622154055254966920e+01,3.984971769034255118e+01,3.769615364994152884e+01,3.801315561749642313e+01,3.018620784025495940e+00
3.255764119219941222e+01,2.469817807045693669e+01,2.280350850198275836e+01,1.772004514666934938e+01,3.622154055254966920e+01,3.984971769034255118e+01,3.769615364994152884e+01,3.801315561749642313e+01,2.981600668151565880e+00
3.354101966249684352e+01,2.507987240796890660e+01,2.256102834535695578e+01,1.868154169226940553e+01,3.522782990761707111e+01,3.956008088970496317e+01,3.769615364994152884e+01,3.801315561749642313e+01,3.028441671999308582e+00
3.337663853655727308e+01,2.416609194718914466e+01,2.256102834535695578e+01,1.868154169226940553e+01,3.522782990761707111e+01,3.956008088970496317e+01,3.769615364994152884e+01,3.801315561749642313e+01,3.046621487072286971e+00
3.337663853655727308e+01,2.416609194718914466e+01,2.280350850198275836e+01,1.772004514666934938e+01,3.622154055254966920e+01,3.984971769034255118e+01,3.769615364994152884e+01,3.801315561749642313e+01,3.018620784025495940e+00
3.337663853655727308e+01,2.416609194718914466e+01,2.280350850198275836e+01,1.772004514666934938e+01,3.622154055254966920e+01,3.984971769034255118e+01,3.769615364994152884e+01,3.801315561749642313e+01,3.018620784025495940e+00
3.238826948140329165e+01,2.416609194718914466e+01,2.256102834535695578e+01,1.772004514666934938e+01,3.622154055254966920e+01,3.984971769034255118e+01,3.769615364994152884e+01,3.801315561749642313e+01,3.018620784025495940e+00
3.140063693621516450e+01,2.376972864800942631e+01,2.256102834535695578e+01,1.772004514666934938e+01,3.622154055254966920e+01,3.984971769034255118e+01,3.769615364994152884e+01,3.801315561749642313e+01,2.999755098003825005e+00
3.238826948140329165e+01,2.376972864800942631e+01,2.280350850198275836e+01,1.772004514666934938e+01,3.622154055254966920e+01,3.984971769034255118e+01,3.769615364994152884e+01,3.801315561749642313e+01,2.999755098003825005e+00
3.238826948140329165e+01,2.469817807045693669e+01,2.280350850198275836e+01,1.746424919657297892e+01,3.622154055254966920e+01,3.984971769034255118e+01,3.769615364994152884e+01,3.801315561749642313e+01,2.999755098003825005e+00
3.324154027718932269e+01,2.416609194718914466e+01,2.280350850198275836e+01,1.746424919657297892e+01,3.622154055254966920e+01,3.984971769034255118e+01,3.769615364994152884e+01,3.801315561749642313e+01,3.037486470047166875e+00
3.337663853655727308e+01,2.507987240796890660e+01,2.280350850198275836e+01,1.746424919657297892e+01,3.622154055254966920e+01,3.984971769034255118e+01,3.769615364994152884e+01,3.801315561749642313e+01,3.018620784025495940e+00
3.337663853655727308e+01,2.600000000000000000e+01,2.280350850198275836e+01,1.726267650163206824e+01,3.622154055254966920e+01,3.984971769034255118e+01,3.769615364994152884e+01,3.801315561749642313e+01,3.018620784025495940e+00
3.337663853655727308e+01,2.416609194718914466e+01,2.280350850198275836e+01,1.772004514666934938e+01,3.622154055254966920e+01,3.984971769034255118e+01,3.769615364994152884e+01,3.801315561749642313e+01,3.018620784025495940e+00
3.337663853655727308e+01,2.416609194718914466e+01,2.280350850198275836e+01,1.772004514666934938e+01,3.622154055254966920e+01,3.984971769034255118e+01,3.769615364994152884e+01,3.801315561749642313e+01,3.018620784025495940e+00
3.337663853655727308e+01,2.416609194718914466e+01,2.280350850198275836e+01,1.772004514666934938e+01,3.622154055254966920e+01,3.984971769034255118e+01,3.769615364994152884e+01,3.801315561749642313e+01,3.018620784025495940e+00
3.337663853655727308e+01,2.416609194718914466e+01,2.280350850198275836e+01,1.772004514666934938e+01,3.622154055254966920e+01,3.984971769034255118e+01,3.769615364994152884e+01,3.801315561749642313e+01,3.018620784025495940e+00
3.238826948140329165e+01,2.416609194718914466e+01,2.256102834535695578e+01,1.772004514666934938e+01,3.612478373637688378e+01,3.984971769034255118e+01,3.827531841800927737e+01,3.701351104664349378e+01,3.028441671999308582e+00
3.125699921617556853e+01,2.247220505424423109e+01,2.280350850198275836e+01,1.772004514666934938e+01,3.622154055254966920e+01,3.984971769034255118e+01,3.769615364994152884e+01,3.801315561749642313e+01,2.999015453168291323e+00
2.900000000000000000e+01,1.802775637731994607e+01,2.256102834535695578e+01,1.868154169226940553e+01,3.522782990761707111e+01,3.956008088970496317e+01,3.733630940518894192e+01,3.701351104664349378e+01,3.081961940458623594e+00
3.001666203960726875e+01,1.788854381999831844e+01,2.220360331117451835e+01,1.964688270438849926e+01,3.535533905932737753e+01,3.883297567789519888e+01,3.668787265568828104e+01,3.805259518088089266e+01,3.196293074407986268e+00
3.100000000000000000e+01,1.923538406167134340e+01,2.209072203437452231e+01,2.061552812808830382e+01,3.436568055487916240e+01,3.863935817272331263e+01,3.668787265568828104e+01,3.805259518088089266e+01,3.219239435275017769e+00
3.200000000000000000e+01,1.972308292331602075e+01,2.121320343559642652e+01,1.941648783894759944e+01,3.535533905932737753e+01,3.883297567789519888e+01,3.640054944640259293e+01,3.705401462729781059e+01,3.241492093060471813e+00
3.201562118716424266e+01,2.109502310972898798e+01,2.209072203437452231e+01,1.964688270438849926e+01,3.423448553724738019e+01,3.883297567789519888e+01,3.700000000000000000e+01,3.801315561749642313e+01,3.190740570211181293e+00
3.301514803843835466e+01,2.109502310972898798e+01,2.220360331117451835e+01,1.964688270438849926e+01,3.423448553724738019e+01,3.905124837953326988e+01,3.668787265568828104e+01,3.601388621073821383e+01,3.201600627787590803e+00
3.301514803843835466e+01,2.109502310972898798e+01,2.220360331117451835e+01,1.964688270438849926e+01,3.423448553724738019e+01,3.883297567789519888e+01,3.668787265568828104e+01,3.701351104664349378e+01,3.201600627787590803e+00
3.301514803843835466e+01,2.109502310972898798e+01,2.220360331117451835e+01,1.964688270438849926e+01,3.423448553724738019e+01,3.883297567789519888e+01,3.668787265568828104e+01,3.701351104664349378e+01,3.201600627787590803e+00
3.301514803843835466e+01,2.109502310972898798e+01,2.220360331117451835e+01,1.964688270438849926e+01,3.423448553724738019e+01,3.883297567789519888e+01,3.668787265568828104e+01,3.701351104664349378e+01,3.201600627787590803e+00
3.301514803843835466e+01,2.109502310972898798e+01,2.220360331117451835e+01,1.964688270438849926e+01,3.423448553724738019e+01,3.883297567789519888e+01,3.700000000000000000e+01,3.801315561749642313e+01,3.190740570211181293e+00
3.301514803843835466e+01,2.109502310972898798e+01,2.220360331117451835e+01,1.964688270438849926e+01,3.423448553724738019e+01,3.883297567789519888e+01,3.668787265568828104e+01,3.701351104664349378e+01,3.201600627787590803e+00
3.306055050963308162e+01,2.195449840010014952e+01,2.220360331117451835e+01,1.964688270438849926e+01,3.423448553724738019e+01,3.883297567789519888e+01,3.668787265568828104e+01,3.701351104664349378e+01,3.180942409978398722e+00
3.206243908376279705e+01,2.147091055358388800e+01,2.220360331117451835e+01,1.964688270438849926e+01,3.423448553724738019e+01,3.883297567789519888e+01,3.668787265568828104e+01,3.701351104664349378e+01,3.164346423432489175e+00
3.206243908376279705e+01,2.147091055358388800e+01,2.220360331117451835e+01,1.964688270438849926e+01,3.423448553724738019e+01,3.883297567789519888e+01,3.668787265568828104e+01,3.701351104664349378e+01,3.164346423432489175e+00
3.206243908376279705e+01,2.147091055358388800e+01,2.220360331117451835e+01,1.964688270438849926e+01,3.423448553724738019e+01,3.883297567789519888e+01,3.668787265568828104e+01,3.701351104664349378e+01,3.164346423432489175e+00
3.206243908376279705e+01,2.195449840010014952e+01,2.220360331117451835e+01,1.868154169226940553e+01,3.423448553724738019e+01,3.883297567789519888e+01,3.668787265568828104e+01,3.701351104664349378e+01,3.164346423432489175e+00
3.206243908376279705e+01,2.195449840010014952e+01,2.220360331117451835e+01,1.868154169226940553e+01,3.423448553724738019e+01,3.883297567789519888e+01,3.668787265568828104e+01,3.701351104664349378e+01,3.164346423432489175e+00
3.206243908376279705e+01,2.195449840010014952e+01,2.220360331117451835e+01,1.868154169226940553e+01,3.423448553724738019e+01,3.883297567789519888e+01,3.668787265568828104e+01,3.701351104664349378e+01,3.164346423432489175e+00
3.306055050963308162e+01,2.247220505424423109e+01,2.220360331117451835e+01,1.868154169226940553e+01,3.423448553724738019e+01,3.883297567789519888e+01,3.668787265568828104e+01,3.701351104664349378e+01,3.180942409978398722e+00
3.306055050963308162e+01,2.195449840010014952e+01,2.220360331117451835e+01,1.964688270438849926e+01,3.423448553724738019e+01,3.883297567789519888e+01,3.668787265568828104e+01,3.701351104664349378e+01,3.180942409978398722e+00
3.206243908376279705e+01,2.147091055358388800e+01,2.220360331117451835e+01,1.964688270438849926e+01,3.423448553724738019e+01,3.883297567789519888e+01,3.668787265568828104e+01,3.701351104664349378e+01,3.164346423432489175e+00
3.206243908376279705e+01,2.195449840010014952e+01,2.220360331117451835e+01,1.868154169226940553e+01,3.522782990761707111e+01,3.905124837953326988e+01,3.668787265568828104e+01,3.701351104664349378e+01,3.153486365856079665e+00
3.201562118716424266e+01,2.109502310972898798e+01,2.209072203437452231e+01,1.964688270438849926e+01,3.423448553724738019e+01,3.883297567789519888e+01,3.700000000000000000e+01,3.801315561749642313e+01,3.190740570211181293e+00
3.300000000000000000e+01,2.080865204668481283e+01,2.209072203437452231e+01,1.964688270438849926e+01,3.423448553724738019e+01,3.883297567789519888e+01,3.700000000000000000e+01,3.801315561749642313e+01,3.227631903085179665e+00
3.544009029333869876e+01,2.469817807045693669e+01,2.334523505985750447e+01,1.700000000000000000e+01,3.522782990761707111e+01,3.785498646149540036e+01,3.492849839314595783e+01,3.501428280002319582e+01,3.535716238927239630e+00
3.827531841800927737e+01,2.983286778035259701e+01,2.418677324489564739e+01,1.655294535724684835e+01,3.413209633175202384e+01,3.905124837953326988e+01,3.395585369269929288e+01,3.306055050963308162e+01,3.850218925717463492e+00
3.883297567789519888e+01,3.452535300326413648e+01,2.561249694973139412e+01,1.612451549659709826e+01,3.301514803843835466e+01,3.640054944640259293e+01,3.324154027718932269e+01,3.206243908376279705e+01,3.849204470067491446e+00
4.000000000000000000e+01,3.522782990761707111e+01,2.617250465660480074e+01,1.886796226411320632e+01,3.224903099319419653e+01,3.417601498127012150e+01,3.289376840679705083e+01,3.140063693621516450e+01,3.819388393139463211e+00
3.471310991541956525e+01,3.301514803843835466e+01,2.459674775249768786e+01,1.843908891458577415e+01,3.448187929913333249e+01,3.940812099047606409e+01,3.201562118716424266e+01,3.448187929913333249e+01,3.739149106574958026e+00
2.968164415931165934e+01,3.041381265149109936e+01,2.308679276123039159e+01,2.012461179749810825e+01,2.701851217221259205e+01,3.612478373637688378e+01,3.757658845611187104e+01,3.764306044943742080e+01,3.576709633850463366e+00
3.087069808086626210e+01,3.162277660168379256e+01,2.402082429892862692e+01,2.024845673131658685e+01,2.906888370749726747e+01,3.488552708502481892e+01,4.205948168962618183e+01,3.640054944640259293e+01,3.565832900461234356e+00
2.915475947422650194e+01,3.101612483854164637e+01,2.451530134426252516e+01,2.184032966784155505e+01,2.941088233970548416e+01,3.436568055487916240e+01,4.019950248448355978e+01,3.264965543462901820e+01,3.426793514281732733e+00
3.008321791298264714e+01,3.067572330035593353e+01,2.236067977499789805e+01,2.236067977499789805e+01,3.417601498127012150e+01,3.847076812334268681e+01,4.130375285612676350e+01,3.443835071544512516e+01,3.302148877261726234e+00
2.973213749463701205e+01,3.138470965295043058e+01,2.158703314492290204e+01,2.109502310972898798e+01,3.492849839314595783e+01,4.080441152620633005e+01,4.110960958218893069e+01,3.590264614203248072e+01,3.172832487020061265e+00
3.264965543462901820e+01,3.352610922848042208e+01,2.236067977499789805e+01,2.353720459187963954e+01,3.201562118716424266e+01,3.935733730830885690e+01,4.565084884205330695e+01,3.622154055254966920e+01,2.924598748025309281e+00
2.954657340538831534e+01,3.257299494980465937e+01,2.256102834535695578e+01,2.220360331117451835e+01,3.721558813185679071e+01,4.477722635447621968e+01,4.204759208325727826e+01,3.313608305156178346e+01,2.978072142030639746e+00
2.915475947422650194e+01,3.008321791298264714e+01,2.334523505985750447e+01,2.353720459187963954e+01,4.257933771208753626e+01,4.909175083453430943e+01,4.248529157249600274e+01,3.423448553724738019e+01,2.945659081002384383e+00
3.041381265149109936e+01,3.471310991541956525e+01,2.531797780234432693e+01,2.451530134426252516e+01,4.373785545725807822e+01,4.741307836451878899e+01,4.295346318982905842e+01,3.931920650267500150e+01,2.898889874762093477e+00
3.361547262794321966e+01,3.785498646149540036e+01,2.517935662402834396e+01,2.451530134426252516e+01,4.368065933568311010e+01,4.386342439892261780e+01,4.215447781671598193e+01,4.148493702538308270e+01,2.943139096635393415e+00
3.466987164671942878e+01,3.883297567789519888e+01,2.507987240796890660e+01,2.376972864800942631e+01,4.554119014694280310e+01,4.386342439892261780e+01,4.049691346263317371e+01,4.110960958218893069e+01,2.933616964189892595e+00
2.778488797889960793e+01,2.901723625709381693e+01,2.501999200639360765e+01,2.416609194718914466e+01,5.200000000000000000e+01,5.056678751908212632e+01,3.860051813123756403e+01,3.956008088970496317e+01,2.871798706617203933e+00
2.247220505424423109e+01,2.507987240796890660e+01,2.400000000000000000e+01,2.370653918225939449e+01,5.015974481593781320e+01,5.331041174104736058e+01,4.016217125604640614e+01,3.905124837953326988e+01,2.833269783057201785e+00
2.459674775249768786e+01,2.800000000000000000e+01,2.801785145224380003e+01,2.370653918225939449e+01,5.147815070493500400e+01,5.554277630799526122e+01,3.956008088970496317e+01,3.687817782917154830e+01,2.858682659544537152e+00
2.801785145224380003e+01,3.201562118716424266e+01,2.701851217221259205e+01,2.370653918225939449e+01,5.107837115648853654e+01,5.546169849544818931e+01,4.110960958218893069e+01,3.710795063055894616e+01,2.820697930307627388e+00
2.640075756488817049e+01,3.206243908376279705e+01,2.807133769523639799e+01,2.418677324489564739e+01,5.069516742254630515e+01,5.679788728465170777e+01,4.143669871020131978e+01,3.667424164178449786e+01,2.738621250323030054e+00
1.910497317454279909e+01,2.418677324489564739e+01,2.596150997149434048e+01,2.549509756796392423e+01,5.011985634456667071e+01,5.887274411814010477e+01,4.080441152620633005e+01,3.590264614203248072e+01,2.597118623380831437e+00
1.500000000000000000e+01,1.500000000000000000e+01,2.751363298439520833e+01,2.475883680627989492e+01,4.887739763939974580e+01,5.882176467941096831e+01,4.148493702538308270e+01,3.613862199918530393e+01,2.684339841511898417e+00
1.552417469626002422e+01,1.208304597359457233e+01,2.596150997149434048e+01,2.483948469674844262e+01,4.750789408087881327e+01,5.824087911424414443e+01,4.220189569201838253e+01,3.613862199918530393e+01,2.840282182268901945e+00
1.552417469626002422e+01,1.220655561573370207e+01,2.570992026436488231e+01,2.360084744241189370e+01,4.788527957525151635e+01,5.632051136131489244e+01,4.148493702538308270e+01,3.807886552931954327e+01,2.847080567671668838e+00
1.746424919657297892e+01,1.204159457879229578e+01,2.692582403567251959e+01,2.360084744241189370e+01,4.924428900898052319e+01,5.661271941887264347e+01,4.176122603564220270e+01,3.929376540877699853e+01,2.858308528253144409e+00
1.726267650163206824e+01,1.204159457879229578e+01,2.692582403567251959e+01,2.420743687382040932e+01,4.924428900898052319e+01,5.692099788303082875e+01,4.205948168962618183e+01,3.929376540877699853e+01,2.832889994509659726e+00
1.676305461424021104e+01,1.204159457879229578e+01,2.531797780234432693e+01,2.418677324489564739e+01,4.964876634922563881e+01,5.470831746635972337e+01,4.148493702538308270e+01,3.956008088970496317e+01,2.964307013156897597e+00
1.838477631085023489e+01,1.140175425099137918e+01,2.707397274136176790e+01,2.459674775249768786e+01,4.919349550499537571e+01,5.502726596879041665e+01,4.176122603564220270e+01,3.929376540877699853e+01,3.050499303043850752e+00
2.334523505985750447e+01,1.702938636592640265e+01,2.701851217221259205e+01,2.376972864800942631e+01,4.742362280551750331e+01,5.255473337388364996e+01,4.162931659299729859e+01,4.197618372363071160e+01,3.145918509807449581e+00
2.334523505985750447e+01,2.184032966784155505e+01,2.863564212655270680e+01,2.319482700948640286e+01,4.080441152620633005e+01,4.531004303683676682e+01,4.294182110716777601e+01,4.275511665286389729e+01,3.153271957626088806e+00
2.022374841615668473e+01,2.109502310972898798e+01,2.617250465660480074e+01,2.109502310972898798e+01,3.590264614203248072e+01,4.237924020083418242e+01,4.428317965096906050e+01,4.079215610874227593e+01,3.082836830874070344e+00
1.941648783894759944e+01,2.256102834535695578e+01,2.692582403567251959e+01,2.100000000000000000e+01,3.535533905932737753e+01,4.085339643163099055e+01,4.428317965096906050e+01,3.962322551231790158e+01,3.134073998277489004e+00
2.459674775249768786e+01,2.545584412271571040e+01,2.385372088375312671e+01,1.923538406167134340e+01,3.206243908376279705e+01,3.862641583165593318e+01,4.254409477236529824e+01,3.501428280002319582e+01,3.536661108094896644e+00
2.441311123146740414e+01,2.500000000000000000e+01,1.984943324127920761e+01,2.193171219946130890e+01,3.448187929913333249e+01,3.534119409414458346e+01,4.049691346263317371e+01,3.224903099319419653e+01,2.575744281450261575e+00
2.202271554554523902e+01,2.247220505424423109e+01,1.886796226411320632e+01,2.195449840010014952e+01,3.801315561749642313e+01,3.612478373637688378e+01,4.031128874149274566e+01,3.132091952673165025e+01,2.590610165916155783e+00
2.193171219946130890e+01,2.158703314492290204e+01,1.824828759089465890e+01,2.280350850198275836e+01,4.360045871318327926e+01,3.671511950137163893e+01,4.110960958218893069e+01,3.269556544854363267e+01,2.499200080067517149e+00
2.376972864800942631e+01,2.408318915758459156e+01,2.100000000000000000e+01,2.473863375370596174e+01,4.455333881989092504e+01,3.668787265568828104e+01,4.140048308896890461e+01,3.448187929913333249e+01,2.600890667451016824e+00
2.102379604162863913e+01,2.236067977499789805e+01,2.109502310972898798e+01,2.624880949681337583e+01,5.099019513592784847e+01,4.110960958218893069e+01,3.758989225842500304e+01,3.471310991541956525e+01,2.820953621521612664e+00
1.923538406167134340e+01,2.256102834535695578e+01,2.100000000000000000e+01,2.340939982143925135e+01,4.272001872658765365e+01,4.101219330881975367e+01,4.229657196511320194e+01,3.841874542459709119e+01,3.071059870886355903e+00
2.102379604162863913e+01,2.236067977499789805e+01,2.102379604162863913e+01,2.529822128134703618e+01,4.205948168962618183e+01,4.318564576337836769e+01,4.301162633521313694e+01,3.773592452822641263e+01,3.072736164288748739e+00
1.964688270438849926e+01,2.202271554554523902e+01,2.137755832643194864e+01,2.433105012119287736e+01,4.875448697299562184e+01,4.560701700396551672e+01,4.410215414239988974e+01,4.081666326391709987e+01,3.043389175335177832e+00
1.843908891458577415e+01,2.200000000000000000e+01,2.184032966784155505e+01,2.418677324489564739e+01,5.412947441089742995e+01,4.554119014694280310e+01,4.310452412450461424e+01,4.356604182158393002e+01,3.043905955857237444e+00
1.923538406167134340e+01,2.102379604162863913e+01,2.184032966784155505e+01,2.617250465660480074e+01,5.646237685397241535e+01,4.785394445602159408e+01,4.159326868617084472e+01,4.294182110716777601e+01,3.088412178499179372e+00
1.843908891458577415e+01,2.220360331117451835e+01,2.256102834535695578e+01,2.630589287593181069e+01,5.818075283115542362e+01,5.053711507397311209e+01,4.177319714841084419e+01,4.294182110716777601e+01,3.171005442710636668e+00
1.746424919657297892e+01,2.451530134426252516e+01,2.376972864800942631e+01,2.765863337187866122e+01,5.769748694700662384e+01,5.232590180780452016e+01,4.100000000000000000e+01,4.204759208325727826e+01,3.262506608456600787e+00
1.878829422805593552e+01,2.280350850198275836e+01,2.531797780234432693e+01,2.915475947422650194e+01,5.682429058070148642e+01,5.546169849544818931e+01,3.883297567789519888e+01,3.716180835212409050e+01,3.303412352130897567e+00
2.236067977499789805e+01,2.418677324489564739e+01,2.319482700948640286e+01,2.751363298439520833e+01,5.456189146281496249e+01,5.590169943749474157e+01,4.244997055358224713e+01,3.807886552931954327e+01,3.278322822536539949e+00
2.193171219946130890e+01,2.531797780234432693e+01,2.517935662402834396e+01,2.846049894151541437e+01,5.636488268416781011e+01,5.682429058070148642e+01,4.244997055358224713e+01,3.807886552931954327e+01,3.308613904498938219e+00
1.835755975068581947e+01,2.435159132377184221e+01,2.408318915758459156e+01,2.785677655436823841e+01,5.903388857258176614e+01,5.953990258641678679e+01,4.123105625617660763e+01,3.676955262170046979e+01,3.404392472496648558e+00
1.897366596101027625e+01,2.433105012119287736e+01,2.433105012119287736e+01,2.668332812825266842e+01,6.177378084592200480e+01,6.264982043070833839e+01,4.002499219237900263e+01,3.584689665786984136e+01,3.248818702563481597e+00
2.433105012119287736e+01,2.517935662402834396e+01,2.745906043549196340e+01,2.668332812825266842e+01,6.171709649683788967e+01,5.456189146281496249e+01,3.962322551231790158e+01,4.204759208325727826e+01,3.136173351804560916e+00
2.517935662402834396e+01,2.668332812825266842e+01,2.529822128134703618e+01,2.701851217221259205e+01,6.574191965557440653e+01,5.866856057549051684e+01,3.981205847478876336e+01,4.162931659299729859e+01,3.034516729167466398e+00
1.941648783894759944e+01,2.353720459187963954e+01,2.683281572999747766e+01,2.617250465660480074e+01,6.621178142898739338e+01,5.883026432033091169e+01,4.002499219237900263e+01,4.162931659299729859e+01,2.943865455458902325e+00
2.024845673131658685e+01,2.193171219946130890e+01,2.720294101747088789e+01,2.647640458974745314e+01,6.592419889539803535e+01,5.768882040742382600e+01,4.002499219237900263e+01,4.123105625617660763e+01,2.805832507932043640e+00
2.469817807045693669e+01,2.640075756488817049e+01,2.640075756488817049e+01,2.469817807045693669e+01,6.706713054842886379e+01,5.860034129593444874e+01,4.026164427839479032e+01,4.085339643163099055e+01,2.735995293386920491e+00
2.683281572999747766e+01,2.690724809414741969e+01,2.690724809414741969e+01,2.683281572999747766e+01,6.673080248281148386e+01,5.622277118748238678e+01,4.052159917870962147e+01,4.254409477236529824e+01,2.640416285866601154e+00
2.745906043549196340e+01,2.941088233970548416e+01,2.860069929215018192e+01,2.662705391138869615e+01,6.552098900352466160e+01,5.326349594234309848e+01,4.026164427839479032e+01,4.215447781671598193e+01,2.522106443001217002e+00
2.952964612046680060e+01,2.941088233970548416e+01,2.780287754891568852e+01,2.778488797889960793e+01,6.552098900352466160e+01,5.390732788777421547e+01,3.956008088970496317e+01,4.178516483155235761e+01,2.556200036658652142e+00
2.441311123146740414e+01,2.624880949681337583e+01,2.780287754891568852e+01,2.607680962081059661e+01,6.676076692189806749e+01,5.390732788777421547e+01,3.929376540877699853e+01,4.215447781671598193e+01,2.556551750711892002e+00
1.941648783894759944e+01,2.262741699796952233e+01,3.052867504494749440e+01,2.640075756488817049e+01,6.484597134749390079e+01,5.403702434442518410e+01,4.026164427839479032e+01,4.123105625617660763e+01,2.463473345840747619e+00
2.109502310972898798e+01,1.280624847486569706e+01,3.052867504494749440e+01,2.500000000000000000e+01,5.977457653551382322e+01,5.021951811795887721e+01,4.079215610874227593e+01,3.981205847478876336e+01,2.236334881455146029e+00
1.811077027627483460e+01,1.421267040355189515e+01,2.906888370749726747e+01,2.483948469674844262e+01,5.728001396647874088e+01,4.743416490252568707e+01,4.060788100849390503e+01,3.891015291668743714e+01,2.230289338180529768e+00
2.009975124224177989e+01,1.000000000000000000e+01,2.941088233970548416e+01,2.475883680627989492e+01,5.346026561849463832e+01,4.534313619501853765e+01,4.071854614300466579e+01,4.123105625617660763e+01,2.180188584267466645e+00
2.002498439450078749e+01,1.208304597359457233e+01,3.080584360149872580e+01,2.545584412271571040e+01,4.904079934095691584e+01,4.951767361255978983e+01,4.420407221060068537e+01,4.001249804748510996e+01,2.310527338077151160e+00
2.000000000000000000e+01,1.081665382639196871e+01,3.036445290137795183e+01,2.624880949681337583e+01,5.124451190127582834e+01,5.300943312279428454e+01,4.313930922024598402e+01,3.832753579347360073e+01,2.468449815954257609e+00
2.100000000000000000e+01,1.081665382639196871e+01,2.973213749463701205e+01,2.549509756796392423e+01,5.277309920783504538e+01,5.385164807134503917e+01,4.318564576337836769e+01,3.883297567789519888e+01,2.533515856713307812e+00
2.236067977499789805e+01,8.544003745317530374e+00,2.983286778035259701e+01,2.475883680627989492e+01,5.119570294468081784e+01,5.247856705360770491e+01,4.327817001676480402e+01,3.929376540877699853e+01,2.399147996915616865e+00
2.823118842698620767e+01,7.615773105863908654e+00,3.014962686336266984e+01,2.332380757938120297e+01,5.154609587543949090e+01,5.011985634456667071e+01,4.244997055358224713e+01,3.764306044943742080e+01,2.100150879312008279e+00
2.745906043549196340e+01,8.544003745317530374e+00,3.206243908376279705e+01,2.376972864800942631e+01,5.053711507397311209e+01,4.681879964287850271e+01,4.301162633521313694e+01,3.862641583165593318e+01,2.142978191268654076e+00
2.523885892824792521e+01,7.280109889280518054e+00,2.901723625709381693e+01,2.154065922853801496e+01,4.701063709417263681e+01,4.569463863518345192e+01,4.382921400162225467e+01,3.848376280978771291e+01,2.143247033061877360e+00
2.282542442102665348e+01,8.062257748298549132e+00,2.807133769523639799e+01,2.102379604162863913e+01,4.441846462902562109e+01,4.248529157249600274e+01,4.440720662234903671e+01,3.939543120718441571e+01,2.287112479875238247e+00
2.459674775249768786e+01,8.062257748298549132e+00,2.901723625709381693e+01,2.236067977499789805e+01,4.441846462902562109e+01,4.338202392696772591e+01,4.382921400162225467e+01,3.891015291668743714e+01,2.252402149735301951e+00
3.606937759374286401e+01,1.118033988749894903e+01,2.844292530665578411e+01,1.941648783894759944e+01,4.664761515876240594e+01,4.386342439892261780e+01,4.301162633521313694e+01,3.891015291668743714e+01,1.624031947276574739e+00
3.612478373637688378e+01,1.303840481040529831e+01,2.773084924772409465e+01,2.302172886644267535e+01,4.904079934095691584e+01,4.205948168962618183e+01,4.522167621838005402e+01,3.935733730830885690e+01,1.581865985325003665e+00
3.397057550292606010e+01,1.529705854077835525e+01,2.773084924772409465e+01,2.202271554554523902e+01,5.020956084253276686e+01,4.079215610874227593e+01,4.632493928760187885e+01,3.894868418830089496e+01,1.772365898484859592e+00
3.482814953453599571e+01,1.649242250247064234e+01,2.641968962724581260e+01,2.418677324489564739e+01,5.185556864985669279e+01,4.210700654285459876e+01,4.652956049652736681e+01,3.827531841800927737e+01,1.834400442922017760e+00
3.482814953453599571e+01,1.746424919657297892e+01,2.778488797889960793e+01,2.408318915758459156e+01,5.360037313302958495e+01,4.301162633521313694e+01,4.494441010848846219e+01,4.045985664828781836e+01,1.969393779961926327e+00
3.361547262794321966e+01,1.802775637731994607e+01,2.731300056749532601e+01,2.308679276123039159e+01,5.300943312279428454e+01,4.428317965096906050e+01,4.368065933568311010e+01,3.894868418830089496e+01,2.169772426753656891e+00
3.440930106817050671e+01,1.581138830084189628e+01,2.594224354214569317e+01,2.507987240796890660e+01,5.575840743780259601e+01,4.632493928760187885e+01,4.356604182158393002e+01,4.031128874149274566e+01,2.146920439377245859e+00
3.140063693621516450e+01,1.676305461424021104e+01,2.607680962081059661e+01,2.308679276123039159e+01,5.547071299343465256e+01,4.522167621838005402e+01,4.004996878900157498e+01,4.022437072223753063e+01,2.266382984802359335e+00
3.623534186398687496e+01,1.923538406167134340e+01,2.662705391138869615e+01,2.433105012119287736e+01,4.964876634922563881e+01,4.588027898781784586e+01,4.455333881989092504e+01,4.162931659299729859e+01,2.280359805770940440e+00
3.584689665786984136e+01,1.868154169226940553e+01,2.580697580112788003e+01,2.370653918225939449e+01,5.021951811795887721e+01,4.565084884205330695e+01,4.535416188179426911e+01,4.085339643163099055e+01,2.010328663750735156e+00
3.577708763999663688e+01,2.088061301782110135e+01,2.555386467836127551e+01,2.220360331117451835e+01,5.147815070493500400e+01,4.522167621838005402e+01,4.492215489043240240e+01,4.016217125604640614e+01,2.014742051882894014e+00
3.400000000000000000e+01,2.158703314492290204e+01,2.549509756796392423e+01,2.280350850198275836e+01,5.308483775994798748e+01,4.468780594300866227e+01,4.215447781671598193e+01,4.079215610874227593e+01,2.141465116845982841e+00
3.312099032335839155e+01,2.137755832643194864e+01,2.549509756796392423e+01,2.280350850198275836e+01,5.614267539047279598e+01,4.545327270945404763e+01,3.858756276314947797e+01,4.100000000000000000e+01,2.344658875612320781e+00
3.280243893371345365e+01,2.302172886644267535e+01,2.549509756796392423e+01,2.441311123146740414e+01,5.445181356024792763e+01,4.720169488482378739e+01,3.780211634287159939e+01,3.931920650267500150e+01,2.515689203333139723e+00
3.394112549695427816e+01,2.600000000000000000e+01,2.594224354214569317e+01,2.418677324489564739e+01,5.522680508593630577e+01,4.720169488482378739e+01,3.394112549695427816e+01,4.197618372363071160e+01,2.655590353503073597e+00
3.465544690232691494e+01,2.816025568065744622e+01,2.692582403567251959e+01,2.385372088375312671e+01,5.731491952362839726e+01,4.743416490252568707e+01,3.397057550292606010e+01,4.414748010928823163e+01,2.731776059022879455e+00
3.612478373637688378e+01,3.101612483854164637e+01,2.683281572999747766e+01,2.202271554554523902e+01,5.445181356024792763e+01,4.661544808322666000e+01,3.546829570193639825e+01,4.438468204234429493e+01,2.643687517809900633e+00
3.661966684720110976e+01,3.140063693621516450e+01,2.731300056749532601e+01,2.051828452868319275e+01,5.360037313302958495e+01,4.604345773288535071e+01,3.471310991541956525e+01,4.244997055358224713e+01,2.562252942348003160e+00
3.605551275463989214e+01,3.157530680769388809e+01,2.657066051117284644e+01,2.051828452868319275e+01,5.295280917949490629e+01,4.494441010848846219e+01,3.471310991541956525e+01,4.148493702538308270e+01,2.539816816361625040e+00
3.721558813185679071e+01,3.298484500494128469e+01,2.657066051117284644e+01,1.920937271229854559e+01,4.827007354458868349e+01,4.243819034784588951e+01,3.612478373637688378e+01,4.052159917870962147e+01,2.486027786897045289e+00
3.858756276314947797e+01,3.275667870831839679e+01,2.692582403567251959e+01,2.061552812808830382e+01,4.876474136094643796e+01,4.219004621945797595e+01,3.687817782917154830e+01,4.052159917870962147e+01,2.523467337501906549e+00
3.417601498127012150e+01,2.624880949681337583e+01,2.816025568065744622e+01,2.126029162546929996e+01,4.964876634922563881e+01,4.201190307520000999e+01,3.969886648255841521e+01,4.219004621945797595e+01,2.304608250879111253e+00
3.206243908376279705e+01,2.109502310972898798e+01,2.607680962081059661e+01,2.147091055358388800e+01,4.669047011971500893e+01,4.177319714841084419e+01,4.080441152620633005e+01,3.911521443121588959e+01,1.978701448772133720e+00
3.301514803843835466e+01,2.140093455903269515e+01,2.601922366251537611e+01,2.147091055358388800e+01,4.712748667179271678e+01,4.104875150354758517e+01,4.110960958218893069e+01,3.847076812334268681e+01,2.039786073829957580e+00
3.634556369077249371e+01,2.549509756796392423e+01,2.942787793912432193e+01,2.308679276123039159e+01,4.070626487409523975e+01,4.031128874149274566e+01,3.801315561749642313e+01,3.758989225842500304e+01,4.154235723763853194e+00
3.535533905932737753e+01,2.624880949681337583e+01,2.745906043549196340e+01,2.061552812808830382e+01,3.764306044943742080e+01,3.905124837953326988e+01,4.295346318982905842e+01,4.031128874149274566e+01,3.915311204345641727e+00
3.301514803843835466e+01,2.617250465660480074e+01,2.549509756796392423e+01,2.061552812808830382e+01,3.883297567789519888e+01,4.104875150354758517e+01,4.200000000000000000e+01,4.104875150354758517e+01,3.685425109891915518e+00
3.436568055487916240e+01,2.780287754891568852e+01,2.751363298439520833e+01,2.137755832643194864e+01,3.807886552931954327e+01,4.219004621945797595e+01,4.356604182158393002e+01,4.118252056394800320e+01,3.685120750802667544e+00
3.255764119219941222e+01,2.701851217221259205e+01,2.863564212655270680e+01,2.319482700948640286e+01,4.162931659299729859e+01,4.220189569201838253e+01,4.438468204234429493e+01,4.338202392696772591e+01,3.600940241315213175e+00
3.354101966249684352e+01,2.701851217221259205e+01,2.773084924772409465e+01,2.408318915758459156e+01,4.875448697299562184e+01,4.272001872658765365e+01,3.921734310225515685e+01,4.569463863518345192e+01,3.536170755999645365e+00
3.535533905932737753e+01,2.701851217221259205e+01,2.692582403567251959e+01,2.137755832643194864e+01,5.462600113499065202e+01,4.741307836451878899e+01,3.733630940518894192e+01,4.365775990588614519e+01,3.413384812264492751e+00
3.501428280002319582e+01,3.041381265149109936e+01,2.915475947422650194e+01,2.531797780234432693e+01,5.412947441089742995e+01,4.661544808322666000e+01,3.417601498127012150e+01,4.464302857109942835e+01,3.360861419445783760e+00
3.337663853655727308e+01,2.617250465660480074e+01,2.879236009777593708e+01,2.433105012119287736e+01,5.124451190127582834e+01,4.973932046178354938e+01,4.070626487409523975e+01,4.373785545725807822e+01,3.312187158720147906e+00
3.059411708155671050e+01,2.334523505985750447e+01,2.731300056749532601e+01,2.418677324489564739e+01,5.096076922496362727e+01,5.300000000000000000e+01,4.254409477236529824e+01,4.242640687119285303e+01,3.337284466842052488e+00
2.800000000000000000e+01,2.109502310972898798e+01,2.500000000000000000e+01,2.473863375370596174e+01,5.096076922496362727e+01,5.300000000000000000e+01,4.219004621945797595e+01,4.328972164382672361e+01,3.154075044603960709e+00
2.927456233660889495e+01,2.376972864800942631e+01,2.630589287593181069e+01,2.529822128134703618e+01,4.939635614091387339e+01,4.833218389437828932e+01,4.071854614300466579e+01,4.438468204234429493e+01,3.121482734172807749e+00
2.624880949681337583e+01,2.236067977499789805e+01,2.501999200639360765e+01,2.459674775249768786e+01,4.884669896727925220e+01,4.924428900898052319e+01,4.071854614300466579e+01,4.341658669218482203e+01,2.972696921112477408e+00
2.731300056749532601e+01,2.517935662402834396e+01,2.600000000000000000e+01,2.505992817228333536e+01,4.833218389437828932e+01,4.904079934095691584e+01,4.031128874149274566e+01,4.438468204234429493e+01,2.924772785471101422e+00
2.996664812754339380e+01,2.745906043549196340e+01,2.601922366251537611e+01,2.418677324489564739e+01,4.785394445602159408e+01,4.870318264754368442e+01,3.900000000000000000e+01,4.341658669218482203e+01,2.935501660728133899e+00
3.088689042296100240e+01,2.915475947422650194e+01,2.630589287593181069e+01,2.332380757938120297e+01,4.695742752749558235e+01,4.712748667179271678e+01,3.900000000000000000e+01,4.464302857109942835e+01,2.867425202470134327e+00
3.440930106817050671e+01,3.206243908376279705e+01,2.500000000000000000e+01,2.247220505424423109e+01,4.472135954999579610e+01,4.617358552246078318e+01,3.900000000000000000e+01,4.272001872658765365e+01,2.810504299370447434e+00
3.342154993413680586e+01,3.201562118716424266e+01,2.435159132377184221e+01,2.247220505424423109e+01,4.219004621945797595e+01,4.535416188179426911e+01,3.716180835212409050e+01,4.176122603564220270e+01,2.791208212408141431e+00
3.330165161069342616e+01,3.206243908376279705e+01,2.469817807045693669e+01,2.220360331117451835e+01,4.049691346263317371e+01,4.373785545725807822e+01,3.676955262170046979e+01,4.205948168962618183e+01,2.774581872109930458e+00
3.471310991541956525e+01,3.436568055487916240e+01,2.507987240796890660e+01,2.343074902771996193e+01,3.940812099047606409e+01,4.455333881989092504e+01,3.807886552931954327e+01,4.237924020083418242e+01,2.719907387543360144e+00
3.466987164671942878e+01,3.710795063055894616e+01,2.594224354214569317e+01,2.262741699796952233e+01,4.140048308896890461e+01,4.638965401897280572e+01,3.769615364994152884e+01,4.332435804486893716e+01,2.610908231969626847e+00
3.264965543462901820e+01,3.059411708155671050e+01,2.731300056749532601e+01,2.561249694973139412e+01,4.327817001676480402e+01,4.825971404805461873e+01,3.769615364994152884e+01,4.459820624195551630e+01,2.698031628416869943e+00
3.275667870831839679e+01,3.162277660168379256e+01,2.641968962724581260e+01,2.523885892824792521e+01,4.186884283091664116e+01,4.716990566028302112e+01,3.769615364994152884e+01,4.459820624195551630e+01,2.581543986102025734e+00
3.220248437620923454e+01,3.584689665786984136e+01,2.640075756488817049e+01,2.080865204668481283e+01,4.201190307520000999e+01,4.627094120503709718e+01,3.700000000000000000e+01,4.272001872658765365e+01,2.466028259641952491e+00
3.176476034853718033e+01,3.624913792078371699e+01,2.624880949681337583e+01,1.984943324127920761e+01,3.982461550347975532e+01,4.428317965096906050e+01,3.676955262170046979e+01,4.272001872658765365e+01,2.448362888568347273e+00
3.312099032335839155e+01,3.584689665786984136e+01,2.624880949681337583e+01,2.061552812808830382e+01,4.060788100849390503e+01,4.428317965096906050e+01,3.640054944640259293e+01,4.272001872658765365e+01,2.469600136980397931e+00
3.264965543462901820e+01,3.577708763999663688e+01,2.561249694973139412e+01,2.267156809750926882e+01,3.920459156782531807e+01,4.318564576337836769e+01,3.640054944640259293e+01,4.272001872658765365e+01,2.472191763906754325e+00
3.264965543462901820e+01,3.535533905932737753e+01,2.549509756796392423e+01,2.267156809750926882e+01,3.920459156782531807e+01,4.418144406874904462e+01,3.640054944640259293e+01,4.237924020083418242e+01,2.450954515494703667e+00
3.046309242345563462e+01,3.635931792539568619e+01,2.343074902771996193e+01,2.193171219946130890e+01,3.860051813123756403e+01,4.310452412450461424e+01,3.605551275463989214e+01,4.237924020083418242e+01,2.430165268340030771e+00
3.269556544854363267e+01,3.667424164178449786e+01,2.549509756796392423e+01,2.000000000000000000e+01,3.780211634287159939e+01,4.410215414239988974e+01,3.827531841800927737e+01,4.272001872658765365e+01,2.430337273863503622e+00
3.231098884280702066e+01,3.635931792539568619e+01,2.545584412271571040e+01,2.140093455903269515e+01,3.720215047547655018e+01,4.204759208325727826e+01,3.764306044943742080e+01,4.215447781671598193e+01,2.401898117237640129e+00
2.915475947422650194e+01,3.721558813185679071e+01,2.475883680627989492e+01,1.838477631085023489e+01,3.827531841800927737e+01,4.210700654285459876e+01,3.736308338453881106e+01,4.178516483155235761e+01,2.374014385902805113e+00
2.996664812754339380e+01,3.623534186398687496e+01,2.500000000000000000e+01,2.121320343559642652e+01,3.801315561749642313e+01,4.210700654285459876e+01,3.794733192202055250e+01,4.308131845707602992e+01,2.461104119700498583e+00
3.354101966249684352e+01,3.640054944640259293e+01,2.640075756488817049e+01,2.080865204668481283e+01,4.045985664828781836e+01,4.509988913511872255e+01,3.700000000000000000e+01,4.308131845707602992e+01,2.507968285724647917e+00
3.546829570193639825e+01,4.162931659299729859e+01,2.780287754891568852e+01,2.140093455903269515e+01,4.110960958218893069e+01,4.601086828130936368e+01,3.668787265568828104e+01,4.401136216933077350e+01,2.473583324380566051e+00
3.488552708502481892e+01,3.573513677041127323e+01,2.662705391138869615e+01,2.247220505424423109e+01,4.177319714841084419e+01,4.800000000000000000e+01,3.860051813123756403e+01,4.531004303683676682e+01,2.586791671443303464e+00
3.224903099319419653e+01,3.383784863137726262e+01,2.607680962081059661e+01,2.220360331117451835e+01,4.172529209005013229e+01,4.801041553663121420e+01,3.860051813123756403e+01,4.569463863518345192e+01,2.625700531558925022e+00
3.400000000000000000e+01,3.668787265568828104e+01,2.662705391138869615e+01,2.080865204668481283e+01,4.201190307520000999e+01,4.604345773288535071e+01,3.832753579347360073e+01,4.438468204234429493e+01,2.561909790959268740e+00
3.189043743820394994e+01,3.452535300326413648e+01,2.640075756488817049e+01,2.126029162546929996e+01,4.123105625617660763e+01,4.509988913511872255e+01,3.700000000000000000e+01,4.401136216933077350e+01,2.722101804863971353e+00
3.008321791298264714e+01,2.308679276123039159e+01,2.729468812791236232e+01,2.220360331117451835e+01,3.883297567789519888e+01,4.455333881989092504e+01,4.031128874149274566e+01,4.365775990588614519e+01,3.078887829682290800e+00
2.300000000000000000e+01,1.600000000000000000e+01,2.601922366251537611e+01,2.416609194718914466e+01,3.935733730830885690e+01,4.177319714841084419e+01,3.862641583165593318e+01,4.301162633521313694e+01,3.106957033941735613e+00
2.202271554554523902e+01,1.431782106327635340e+01,2.507987240796890660e+01,2.507987240796890660e+01,3.891015291668743714e+01,4.060788100849390503e+01,3.921734310225515685e+01,4.332435804486893716e+01,3.109688589104770529e+00
2.400000000000000000e+01,1.500000000000000000e+01,2.607680962081059661e+01,2.459674775249768786e+01,3.981205847478876336e+01,4.079215610874227593e+01,3.921734310225515685e+01,4.332435804486893716e+01,3.106957033941735613e+00
2.000000000000000000e+01,1.303840481040529831e+01,2.529822128134703618e+01,2.302172886644267535e+01,3.807886552931954327e+01,4.060788100849390503e+01,3.992492955535426091e+01,4.464302857109942835e+01,2.839447430050355603e+00
2.002498439450078749e+01,1.280624847486569706e+01,2.500000000000000000e+01,2.469817807045693669e+01,3.827531841800927737e+01,3.847076812334268681e+01,4.016217125604640614e+01,4.492215489043240240e+01,2.890643137224523151e+00
2.088061301782110135e+01,1.655294535724684835e+01,2.469817807045693669e+01,2.280350850198275836e+01,3.769615364994152884e+01,4.060788100849390503e+01,4.049691346263317371e+01,4.368065933568311010e+01,2.748432967063761723e+00
2.059126028197400160e+01,1.843908891458577415e+01,2.617250465660480074e+01,2.061552812808830382e+01,3.716180835212409050e+01,4.119465984809195902e+01,4.016217125604640614e+01,4.464302857109942835e+01,2.380423532634229122e+00
2.080865204668481283e+01,1.562049935181330795e+01,2.343074902771996193e+01,2.024845673131658685e+01,3.584689665786984136e+01,4.201190307520000999e+01,3.860051813123756403e+01,4.492215489043240240e+01,2.452401125958793227e+00
2.418677324489564739e+01,2.404163056034261459e+01,2.302172886644267535e+01,1.972308292331602075e+01,3.400000000000000000e+01,4.044749683231336945e+01,3.863935817272331263e+01,4.522167621838005402e+01,2.337833653025334080e+00
2.418677324489564739e+01,2.334523505985750447e+01,2.195449840010014952e+01,1.749285568453590045e+01,3.312099032335839155e+01,4.060788100849390503e+01,3.847076812334268681e+01,4.427188724235730888e+01,2.351162664159664573e+00
2.657066051117284644e+01,2.687005768508880621e+01,2.549509756796392423e+01,1.772004514666934938e+01,3.310589071449369669e+01,3.945883931389771959e+01,3.920459156782531807e+01,4.237924020083418242e+01,2.200318083127188906e+00
2.630589287593181069e+01,2.941088233970548416e+01,2.500000000000000000e+01,1.649242250247064234e+01,3.244996147917590434e+01,4.123105625617660763e+01,3.811823710509183627e+01,4.308131845707602992e+01,2.104919562149551115e+00
2.433105012119287736e+01,2.641968962724581260e+01,2.435159132377184221e+01,1.941648783894759944e+01,3.080584360149872580e+01,4.176122603564220270e+01,3.832753579347360073e+01,4.494441010848846219e+01,2.113972239640631301e+00
2.256102834535695578e+01,2.325940669922601600e+01,2.529822128134703618e+01,2.009975124224177989e+01,3.140063693621516450e+01,4.110960958218893069e+01,3.811823710509183627e+01,4.477722635447621968e+01,2.120417788029199446e+00
2.154065922853801496e+01,1.838477631085023489e+01,2.570992026436488231e+01,1.900000000000000000e+01,3.114482300479487265e+01,4.401136216933077350e+01,3.801315561749642313e+01,4.386342439892261780e+01,2.176181169400748239e+00
2.376972864800942631e+01,2.024845673131658685e+01,2.647640458974745314e+01,2.102379604162863913e+01,3.061045573002793319e+01,4.606517122512408235e+01,3.801315561749642313e+01,4.429446918070020445e+01,2.238788215137384352e+00
2.451530134426252516e+01,2.012461179749810825e+01,2.473863375370596174e+01,2.102379604162863913e+01,2.906888370749726747e+01,4.780167361086847677e+01,3.613862199918530393e+01,4.022437072223753063e+01,2.511543234998228513e+00
2.716615541441224835e+01,2.195449840010014952e+01,2.451530134426252516e+01,2.109502310972898798e+01,2.886173937932362321e+01,3.982461550347975532e+01,3.801315561749642313e+01,4.254409477236529824e+01,3.562435883999244268e+00
2.300000000000000000e+01,2.061552812808830382e+01,2.418677324489564739e+01,2.137755832643194864e+01,2.807133769523639799e+01,4.326661530556787483e+01,3.891015291668743714e+01,4.429446918070020445e+01,3.653268948995050280e+00
2.202271554554523902e+01,1.824828759089465890e+01,2.517935662402834396e+01,2.280350850198275836e+01,2.408318915758459156e+01,4.031128874149274566e+01,3.935733730830885690e+01,4.623851208678756564e+01,3.579758833370763060e+00
1.711724276862369010e+01,1.431782106327635340e+01,2.501999200639360765e+01,2.284731931759172596e+01,3.088689042296100240e+01,2.906888370749726747e+01,4.219004621945797595e+01,3.753664875824691904e+01,3.664815301601013431e+00
1.726267650163206824e+01,1.523154621172781731e+01,2.418677324489564739e+01,2.385372088375312671e+01,3.584689665786984136e+01,3.106444913401813324e+01,4.210700654285459876e+01,3.753664875824691904e+01,3.742227373017334102e+00
1.902629759044044633e+01,1.300000000000000000e+01,2.451530134426252516e+01,2.302172886644267535e+01,3.862641583165593318e+01,4.535416188179426911e+01,4.001249804748510996e+01,4.393176527297759293e+01,3.626828368735523611e+00
2.000000000000000000e+01,1.414213562373095101e+01,2.617250465660480074e+01,2.247220505424423109e+01,3.862641583165593318e+01,3.114482300479487265e+01,4.104875150354758517e+01,3.920459156782531807e+01,3.579633388809961403e+00
2.102379604162863913e+01,1.603121954188139853e+01,2.607680962081059661e+01,2.282542442102665348e+01,3.676955262170046979e+01,4.464302857109942835e+01,4.004996878900157498e+01,4.341658669218482203e+01,3.564226557724083921e+00
2.209072203437452231e+01,1.800000000000000000e+01,2.507987240796890660e+01,2.193171219946130890e+01,3.716180835212409050e+01,4.492215489043240240e+01,4.004996878900157498e+01,4.341658669218482203e+01,3.547896955056567325e+00
2.209072203437452231e+01,1.702938636592640265e+01,2.507987240796890660e+01,2.325940669922601600e+01,3.716180835212409050e+01,4.492215489043240240e+01,4.004996878900157498e+01,4.341658669218482203e+01,3.547896955056567325e+00
2.334523505985750447e+01,1.902629759044044633e+01,2.507987240796890660e+01,2.236067977499789805e+01,3.716180835212409050e+01,4.492215489043240240e+01,4.004996878900157498e+01,4.341658669218482203e+01,3.558702851984213211e+00
2.302172886644267535e+01,1.702938636592640265e+01,2.607680962081059661e+01,2.236067977499789805e+01,3.769615364994152884e+01,4.368065933568311010e+01,4.110960958218893069e+01,4.414748010928823163e+01,3.524402584344572986e+00
2.209072203437452231e+01,1.700000000000000000e+01,2.507987240796890660e+01,2.236067977499789805e+01,3.676955262170046979e+01,4.368065933568311010e+01,4.104875150354758517e+01,4.414748010928823163e+01,3.547896955056567325e+00
2.202271554554523902e+01,1.700000000000000000e+01,2.607680962081059661e+01,2.236067977499789805e+01,3.676955262170046979e+01,4.368065933568311010e+01,4.104875150354758517e+01,4.414748010928823163e+01,3.547896955056567325e+00
2.308679276123039159e+01,1.700000000000000000e+01,2.507987240796890660e+01,2.325940669922601600e+01,3.640054944640259293e+01,4.341658669218482203e+01,4.104875150354758517e+01,4.414748010928823163e+01,3.516390737747906670e+00
2.209072203437452231e+01,1.700000000000000000e+01,2.507987240796890660e+01,2.236067977499789805e+01,3.676955262170046979e+01,4.368065933568311010e+01,4.104875150354758517e+01,4.414748010928823163e+01,3.547896955056567325e+00
2.308679276123039159e+01,1.700000000000000000e+01,2.517935662402834396e+01,2.236067977499789805e+01,3.676955262170046979e+01,4.368065933568311010e+01,4.104875150354758517e+01,4.414748010928823163e+01,3.547896955056567325e+00
2.202271554554523902e+01,1.700000000000000000e+01,2.607680962081059661e+01,2.236067977499789805e+01,3.676955262170046979e+01,4.368065933568311010e+01,4.104875150354758517e+01,4.414748010928823163e+01,3.547896955056567325e+00
2.209072203437452231e+01,1.702938636592640265e+01,2.507987240796890660e+01,2.325940669922601600e+01,3.640054944640259293e+01,4.368065933568311010e+01,4.104875150354758517e+01,4.317406628984580408e+01,3.539885108459900565e+00
2.418677324489564739e+01,1.802775637731994607e+01,2.517935662402834396e+01,2.236067977499789805e+01,3.676955262170046979e+01,4.396589587396121601e+01,4.104875150354758517e+01,4.317406628984580408e+01,3.541944644401975761e+00
2.319482700948640286e+01,1.800000000000000000e+01,2.517935662402834396e+01,2.236067977499789805e+01,3.676955262170046979e+01,4.368065933568311010e+01,4.104875150354758517e+01,4.414748010928823163e+01,3.565196267212438652e+00
2.209072203437452231e+01,1.702938636592640265e+01,2.517935662402834396e+01,2.236067977499789805e+01,3.676955262170046979e+01,4.368065933568311010e+01,4.104875150354758517e+01,4.414748010928823163e+01,3.572238404320750682e+00
2.102379604162863913e+01,1.612451549659709826e+01,2.607680962081059661e+01,2.370653918225939449e+01,3.676955262170046979e+01,4.368065933568311010e+01,4.104875150354758517e+01,4.414748010928823163e+01,3.572238404320750682e+00
2.308679276123039159e+01,1.702938636592640265e+01,2.617250465660480074e+01,2.370653918225939449e+01,3.676955262170046979e+01,4.368065933568311010e+01,4.104875150354758517e+01,4.414748010928823163e+01,3.565196267212438652e+00
2.209072203437452231e+01,1.702938636592640265e+01,2.607680962081059661e+01,2.370653918225939449e+01,3.584689665786984136e+01,4.368065933568311010e+01,4.101219330881975367e+01,4.414748010928823163e+01,3.565196267212438652e+00
2.209072203437452231e+01,1.802775637731994607e+01,2.607680962081059661e+01,2.325940669922601600e+01,3.640054944640259293e+01,4.368065933568311010e+01,4.204759208325727826e+01,4.414748010928823163e+01,3.565196267212438652e+00
2.209072203437452231e+01,1.702938636592640265e+01,2.607680962081059661e+01,2.370653918225939449e+01,3.676955262170046979e+01,4.368065933568311010e+01,4.104875150354758517e+01,4.414748010928823163e+01,3.565196267212438652e+00
2.209072203437452231e+01,1.802775637731994607e+01,2.607680962081059661e+01,2.325940669922601600e+01,3.676955262170046979e+01,4.464302857109942835e+01,4.104875150354758517e+01,4.438468204234429493e+01,3.565196267212438652e+00
2.209072203437452231e+01,1.702938636592640265e+01,2.607680962081059661e+01,2.370653918225939449e+01,3.640054944640259293e+01,4.368065933568311010e+01,4.204759208325727826e+01,4.414748010928823163e+01,3.565196267212438652e+00
2.209072203437452231e+01,1.802775637731994607e+01,2.607680962081059661e+01,2.325940669922601600e+01,3.584689665786984136e+01,4.464302857109942835e+01,4.101219330881975367e+01,4.438468204234429493e+01,3.565196267212438652e+00
2.109502310972898798e+01,1.711724276862369010e+01,2.607680962081059661e+01,2.370653918225939449e+01,3.640054944640259293e+01,4.464302857109942835e+01,4.204759208325727826e+01,4.438468204234429493e+01,3.589246611897779715e+00
2.209072203437452231e+01,1.711724276862369010e+01,2.617250465660480074e+01,2.370653918225939449e+01,3.716180835212409050e+01,4.492215489043240240e+01,4.004996878900157498e+01,4.341658669218482203e+01,3.589246611897779715e+00
2.109502310972898798e+01,1.711724276862369010e+01,2.607680962081059661e+01,2.370653918225939449e+01,2.630589287593181069e+01,4.464302857109942835e+01,4.031128874149274566e+01,4.438468204234429493e+01,3.589246611897779715e+00
2.109502310972898798e+01,1.711724276862369010e+01,2.607680962081059661e+01,2.370653918225939449e+01,2.630589287593181069e+01,4.492215489043240240e+01,4.031128874149274566e+01,4.341658669218482203e+01,3.589246611897779715e+00
2.109502310972898798e+01,1.711724276862369010e+01,2.607680962081059661e+01,2.370653918225939449e+01,2.630589287593181069e+01,4.492215489043240240e+01,4.031128874149274566e+01,4.341658669218482203e+01,3.589246611897779715e+00
2.121320343559642652e+01,1.711724276862369010e+01,2.507987240796890660e+01,2.370653918225939449e+01,2.630589287593181069e+01,4.492215489043240240e+01,4.031128874149274566e+01,4.341658669218482203e+01,3.589246611897779715e+00
2.109502310972898798e+01,1.811077027627483460e+01,2.607680962081059661e+01,2.325940669922601600e+01,2.630589287593181069e+01,4.368065933568311010e+01,4.031128874149274566e+01,4.414748010928823163e+01,3.589246611897779715e+00
2.308679276123039159e+01,1.800000000000000000e+01,2.617250465660480074e+01,2.236067977499789805e+01,2.729468812791236232e+01,4.396589587396121601e+01,4.031128874149274566e+01,4.414748010928823163e+01,3.572993380155345289e+00
2.209072203437452231e+01,1.802775637731994607e+01,2.607680962081059661e+01,2.325940669922601600e+01,2.630589287593181069e+01,4.368065933568311010e+01,4.031128874149274566e+01,4.414748010928823163e+01,3.565196267212438652e+00
2.220360331117451835e+01,1.802775637731994607e+01,2.507987240796890660e+01,2.325940669922601600e+01,2.729468812791236232e+01,4.368065933568311010e+01,3.959797974644666141e+01,4.414748010928823163e+01,3.565196267212438652e+00
2.334523505985750447e+01,1.900000000000000000e+01,2.507987240796890660e+01,2.325940669922601600e+01,2.729468812791236232e+01,4.492215489043240240e+01,3.959797974644666141e+01,4.341658669218482203e+01,3.558702851984213211e+00
2.220360331117451835e+01,1.802775637731994607e+01,2.507987240796890660e+01,2.325940669922601600e+01,3.676955262170046979e+01,4.368065933568311010e+01,4.104875150354758517e+01,4.414748010928823163e+01,3.565196267212438652e+00
2.256102834535695578e+01,1.902629759044044633e+01,2.517935662402834396e+01,2.282542442102665348e+01,2.729468812791236232e+01,4.396589587396121601e+01,4.031128874149274566e+01,4.414748010928823163e+01,3.628673472470066663e+00
2.370653918225939449e+01,2.158703314492290204e+01,2.353720459187963954e+01,2.469817807045693669e+01,2.529822128134703618e+01,4.522167621838005402e+01,4.000000000000000000e+01,4.341658669218482203e+01,3.753400283322430475e+00
2.915475947422650194e+01,2.507987240796890660e+01,2.451530134426252516e+01,2.607680962081059661e+01,2.879236009777593708e+01,5.124451190127582834e+01,4.244997055358224713e+01,4.414748010928823163e+01,3.646566807203328597e+00
3.023243291566194912e+01,2.707397274136176790e+01,2.647640458974745314e+01,2.720294101747088789e+01,3.401470270338990076e+01,5.186520991955976001e+01,4.534313619501853765e+01,4.401136216933077350e+01,3.610342878978116232e+00
2.920616373302046753e+01,2.729468812791236232e+01,2.668332812825266842e+01,2.701851217221259205e+01,3.940812099047606409e+01,5.772347875864724642e+01,4.280186911806539030e+01,4.401136216933077350e+01,3.566990347340970757e+00
2.765863337187866122e+01,2.507987240796890660e+01,2.549509756796392423e+01,2.690724809414741969e+01,4.242640687119285303e+01,6.100000000000000000e+01,4.360045871318327926e+01,4.527692569068708650e+01,3.613515765372000033e+00
2.758622844826744469e+01,2.549509756796392423e+01,2.416609194718914466e+01,2.758622844826744469e+01,4.313930922024598402e+01,6.082762530298219872e+01,4.326661530556787483e+01,4.455333881989092504e+01,3.608870010715120813e+00
3.041381265149109936e+01,2.624880949681337583e+01,2.507987240796890660e+01,2.758622844826744469e+01,4.313930922024598402e+01,6.118823416311342100e+01,4.410215414239988974e+01,4.356604182158393002e+01,3.562693490542477193e+00
2.831960451701259274e+01,2.469817807045693669e+01,2.563201123595259290e+01,2.900000000000000000e+01,4.318564576337836769e+01,6.161168720299745161e+01,4.382921400162225467e+01,4.328972164382672361e+01,3.589364901532589691e+00
2.002498439450078749e+01,1.664331697709323876e+01,2.789265136196270589e+01,2.607680962081059661e+01,4.459820624195551630e+01,6.236986451805070431e+01,4.243819034784588951e+01,4.418144406874904462e+01,3.426840576914532033e+00
1.788854381999831844e+01,1.526433752247374720e+01,3.001666203960726875e+01,2.469817807045693669e+01,3.827531841800927737e+01,5.508175741568164341e+01,4.140048308896890461e+01,4.201190307520000999e+01,3.355592372695969328e+00
1.749285568453590045e+01,1.565247584249852864e+01,2.901723625709381693e+01,2.376972864800942631e+01,4.304648650006176780e+01,5.565968020030298646e+01,4.049691346263317371e+01,4.210700654285459876e+01,3.278330916054440713e+00
1.802775637731994607e+01,1.486606874731850603e+01,2.816025568065744622e+01,2.334523505985750447e+01,4.527692569068708650e+01,5.818934610390461870e+01,3.966106403010387993e+01,4.201190307520000999e+01,3.184301709354797172e+00
1.979898987322333070e+01,1.170469991071962568e+01,2.789265136196270589e+01,2.507987240796890660e+01,4.695742752749558235e+01,5.664803615307418738e+01,3.944616584663204151e+01,4.204759208325727826e+01,2.970259812782293452e+00
1.941648783894759944e+01,1.236931687685298087e+01,2.823118842698620767e+01,2.507987240796890660e+01,4.743416490252568707e+01,5.322593352868505434e+01,3.996248240537617136e+01,4.301162633521313694e+01,2.929585179562684605e+00
1.838477631085023489e+01,1.204159457879229578e+01,2.640075756488817049e+01,2.529822128134703618e+01,5.063595560468865386e+01,5.110772935672255102e+01,3.935733730830885690e+01,4.201190307520000999e+01,2.749914109332031842e+00
2.061552812808830382e+01,1.004987562112088995e+01,2.549509756796392423e+01,2.785677655436823841e+01,5.162363799656122865e+01,4.887739763939974580e+01,3.848376280978771291e+01,4.201190307520000999e+01,2.571009890594003533e+00
2.184032966784155505e+01,8.246211251235321171e+00,2.687005768508880621e+01,2.879236009777593708e+01,4.904079934095691584e+01,4.382921400162225467e+01,3.577708763999663688e+01,4.004996878900157498e+01,2.579824415919929503e+00
1.910497317454279909e+01,1.104536101718726115e+01,2.830194339616981125e+01,3.088689042296100240e+01,4.504442251822083421e+01,4.022437072223753063e+01,3.623534186398687496e+01,3.911521443121588959e+01,2.538281999113894738e+00
2.102379604162863913e+01,1.004987562112088995e+01,2.745906043549196340e+01,2.968164415931165934e+01,4.900000000000000000e+01,4.420407221060068537e+01,3.807886552931954327e+01,4.104875150354758517e+01,2.444800148565273723e+00
2.121320343559642652e+01,9.000000000000000000e+00,2.662705391138869615e+01,2.915475947422650194e+01,4.901020301937138157e+01,4.468780594300866227e+01,3.996248240537617136e+01,4.101219330881975367e+01,2.465517332252416871e+00
2.039607805437113797e+01,1.019803902718556898e+01,2.720294101747088789e+01,2.778488797889960793e+01,5.000000000000000000e+01,4.601086828130936368e+01,4.022437072223753063e+01,4.201190307520000999e+01,2.564381944830170568e+00
1.868154169226940553e+01,1.403566884761819900e+01,2.828427124746190202e+01,2.683281572999747766e+01,5.135172830587107029e+01,4.841487374764081864e+01,4.080441152620633005e+01,4.501110973970759943e+01,2.741903347309434302e+00
2.061552812808830382e+01,1.118033988749894903e+01,2.900000000000000000e+01,2.640075756488817049e+01,4.936598018878993344e+01,4.780167361086847677e+01,4.220189569201838253e+01,4.504442251822083421e+01,2.646040980103964824e+00
2.158703314492290204e+01,1.019803902718556898e+01,2.758622844826744469e+01,2.459674775249768786e+01,4.949747468305832854e+01,4.801041553663121420e+01,4.243819034784588951e+01,4.509988913511872255e+01,2.577858460662917128e+00
2.137755832643194864e+01,1.019803902718556898e+01,2.900000000000000000e+01,2.416609194718914466e+01,4.837354648979129479e+01,4.720169488482378739e+01,4.220189569201838253e+01,4.504442251822083421e+01,2.640328388718210739e+00
2.158703314492290204e+01,1.077032961426900748e+01,2.828427124746190202e+01,2.370653918225939449e+01,4.627094120503709718e+01,4.604345773288535071e+01,4.243819034784588951e+01,4.404543109109047805e+01,2.582467852219980209e+00
2.901723625709381693e+01,1.004987562112088995e+01,2.692582403567251959e+01,2.126029162546929996e+01,3.811823710509183627e+01,4.248529157249600274e+01,4.219004621945797595e+01,4.101219330881975367e+01,2.006618117655047051e+00
3.214031735997639316e+01,1.431782106327635340e+01,2.594224354214569317e+01,2.080865204668481283e+01,3.800000000000000000e+01,3.858756276314947797e+01,4.167733196834941367e+01,3.911521443121588959e+01,1.938033495846421594e+00
3.101612483854164637e+01,1.456021977856103611e+01,2.692582403567251959e+01,2.080865204668481283e+01,3.712142238654116966e+01,3.721558813185679071e+01,4.272001872658765365e+01,4.101219330881975367e+01,1.959335637254083773e+00
3.301514803843835466e+01,1.565247584249852864e+01,2.529822128134703618e+01,2.012461179749810825e+01,3.492849839314595783e+01,3.920459156782531807e+01,4.186884283091664116e+01,3.765634076752546378e+01,1.939711195738158533e+00
3.324154027718932269e+01,1.941648783894759944e+01,2.729468812791236232e+01,1.941648783894759944e+01,3.275667870831839679e+01,3.471310991541956525e+01,4.123105625617660763e+01,3.676955262170046979e+01,1.826798165470482793e+00
3.807886552931954327e+01,2.507987240796890660e+01,2.765863337187866122e+01,1.811077027627483460e+01,3.342154993413680586e+01,3.310589071449369669e+01,4.294182110716777601e+01,3.522782990761707111e+01,4.326312038596309861e+00
3.733630940518894192e+01,2.641968962724581260e+01,2.720294101747088789e+01,2.000000000000000000e+01,3.101612483854164637e+01,3.324154027718932269e+01,4.554119014694280310e+01,3.920459156782531807e+01,4.044466376968356869e+00
3.769615364994152884e+01,2.505992817228333536e+01,2.668332812825266842e+01,1.900000000000000000e+01,3.104834939252004844e+01,3.395585369269929288e+01,4.001249804748510996e+01,3.992492955535426091e+01,3.884180947148934138e+00
3.801315561749642313e+01,2.765863337187866122e+01,2.549509756796392423e+01,1.581138830084189628e+01,2.961418578992169515e+01,3.373425558686599857e+01,3.801315561749642313e+01,3.668787265568828104e+01,4.121854736676112907e+00
3.182766092567909766e+01,2.906888370749726747e+01,2.580697580112788003e+01,1.720465053408525335e+01,3.201562118716424266e+01,3.667424164178449786e+01,3.765634076752546378e+01,3.206243908376279705e+01,4.097947990604244417e+00
3.420526275297414287e+01,3.114482300479487265e+01,2.469817807045693669e+01,1.984943324127920761e+01,3.206243908376279705e+01,3.640054944640259293e+01,3.733630940518894192e+01,3.201562118716424266e+01,4.162660206764442705e+00
3.244996147917590434e+01,3.041381265149109936e+01,2.473863375370596174e+01,2.000000000000000000e+01,3.471310991541956525e+01,3.773592452822641263e+01,3.312099032335839155e+01,3.162277660168379256e+01,4.019747137175385454e+00
3.106444913401813324e+01,3.255764119219941222e+01,2.308679276123039159e+01,1.969771560359220786e+01,2.758622844826744469e+01,3.471310991541956525e+01,3.546829570193639825e+01,3.252691193458118590e+01,3.747137317194763284e+00
3.001666203960726875e+01,3.080584360149872580e+01,2.300000000000000000e+01,2.061552812808830382e+01,2.720294101747088789e+01,3.397057550292606010e+01,3.640054944640259293e+01,3.047950130825634218e+01,3.741642866991546690e+00
2.773084924772409465e+01,2.912043955712207222e+01,2.319482700948640286e+01,2.118962010041709121e+01,2.729468812791236232e+01,3.328663395418647752e+01,3.935733730830885690e+01,3.124099870362661591e+01,3.691978601266584725e+00
2.942787793912432193e+01,2.884441020371191300e+01,2.308679276123039159e+01,2.022374841615668473e+01,3.130495168499705727e+01,3.383784863137726262e+01,4.080441152620633005e+01,3.420526275297414287e+01,3.775700975033523310e+00
2.915475947422650194e+01,3.023243291566194912e+01,2.459674775249768786e+01,2.300000000000000000e+01,3.448187929913333249e+01,3.101612483854164637e+01,4.197618372363071160e+01,3.201562118716424266e+01,3.713947082225391050e+00
3.080584360149872580e+01,3.312099032335839155e+01,2.340939982143925135e+01,2.200000000000000000e+01,3.298484500494128469e+01,3.522782990761707111e+01,4.200000000000000000e+01,3.176476034853718033e+01,3.491206674978450941e+00
3.008321791298264714e+01,3.220248437620923454e+01,2.213594362117865444e+01,2.200000000000000000e+01,3.613862199918530393e+01,3.764306044943742080e+01,4.210700654285459876e+01,3.088689042296100240e+01,3.393913207564801304e+00
2.816025568065744622e+01,3.052867504494749440e+01,2.325940669922601600e+01,2.209072203437452231e+01,3.736308338453881106e+01,3.700000000000000000e+01,4.031128874149274566e+01,3.264965543462901820e+01,3.462255069134076546e+00
2.942787793912432193e+01,3.138470965295043058e+01,2.102379604162863913e+01,2.220360331117451835e+01,3.501428280002319582e+01,3.511409973215887703e+01,4.220189569201838253e+01,3.373425558686599857e+01,3.304918732779550616e+00
2.927456233660889495e+01,3.275667870831839679e+01,2.282542442102665348e+01,2.334523505985750447e+01,3.313608305156178346e+01,3.448187929913333249e+01,4.100000000000000000e+01,3.224903099319419653e+01,3.323364484819196996e+00
3.114482300479487265e+01,3.360059523282288296e+01,2.193171219946130890e+01,2.039607805437113797e+01,3.125699921617556853e+01,3.324154027718932269e+01,4.100000000000000000e+01,3.125699921617556853e+01,3.352573475561889005e+00
3.224903099319419653e+01,3.580502757993631491e+01,2.247220505424423109e+01,1.941648783894759944e+01,3.125699921617556853e+01,3.201562118716424266e+01,4.079215610874227593e+01,3.140063693621516450e+01,3.328412814520389063e+00
3.125699921617556853e+01,3.383784863137726262e+01,2.247220505424423109e+01,2.022374841615668473e+01,3.140063693621516450e+01,3.228002478313794654e+01,4.100000000000000000e+01,3.125699921617556853e+01,3.290382189511707356e+00
3.125699921617556853e+01,3.466987164671942878e+01,2.247220505424423109e+01,2.039607805437113797e+01,3.125699921617556853e+01,3.228002478313794654e+01,4.002499219237900263e+01,3.125699921617556853e+01,3.290382189511707356e+00
3.257299494980465937e+01,3.848376280978771291e+01,2.088061301782110135e+01,2.158703314492290204e+01,3.125699921617556853e+01,3.080584360149872580e+01,3.981205847478876336e+01,3.238826948140329165e+01,3.191691091323424434e+00
3.420526275297414287e+01,3.962322551231790158e+01,1.923538406167134340e+01,2.302172886644267535e+01,2.863564212655270680e+01,3.059411708155671050e+01,4.123105625617660763e+01,3.224903099319419653e+01,2.944197093739912230e+00
3.623534186398687496e+01,3.931920650267500150e+01,1.900000000000000000e+01,2.319482700948640286e+01,3.101612483854164637e+01,3.492849839314595783e+01,4.026164427839479032e+01,3.324154027718932269e+01,2.906240648551597694e+00
3.546829570193639825e+01,4.031128874149274566e+01,2.302172886644267535e+01,2.376972864800942631e+01,3.337663853655727308e+01,3.956008088970496317e+01,4.301162633521313694e+01,3.590264614203248072e+01,2.902983331081592233e+00
3.538361202590826338e+01,4.011234224026316042e+01,2.402082429892862692e+01,2.340939982143925135e+01,4.026164427839479032e+01,4.332435804486893716e+01,4.368065933568311010e+01,3.860051813123756403e+01,2.846077952629980423e+00
3.612478373637688378e+01,4.019950248448355978e+01,2.601922366251537611e+01,2.600000000000000000e+01,3.956008088970496317e+01,4.492215489043240240e+01,4.341658669218482203e+01,3.736308338453881106e+01,2.905878414036175528e+00
3.182766092567909766e+01,3.801315561749642313e+01,2.600000000000000000e+01,2.416609194718914466e+01,4.569463863518345192e+01,4.810405388322277531e+01,4.244997055358224713e+01,3.862641583165593318e+01,2.856557227137423993e+00
2.831960451701259274e+01,3.301514803843835466e+01,2.607680962081059661e+01,2.332380757938120297e+01,4.830113870293328659e+01,5.126402247190518580e+01,4.177319714841084419e+01,3.624913792078371699e+01,2.860586922921953601e+00
3.041381265149109936e+01,3.500000000000000000e+01,2.617250465660480074e+01,2.247220505424423109e+01,4.788527957525151635e+01,5.126402247190518580e+01,4.079215610874227593e+01,3.534119409414458346e+01,2.854904551381626021e+00
3.405877273185280529e+01,3.601388621073821383e+01,2.630589287593181069e+01,2.418677324489564739e+01,4.517742799230607176e+01,4.743416490252568707e+01,4.177319714841084419e+01,3.712142238654116966e+01,2.912548896569005841e+00
3.471310991541956525e+01,3.801315561749642313e+01,2.531797780234432693e+01,2.325940669922601600e+01,4.517742799230607176e+01,4.648655719667783615e+01,4.100000000000000000e+01,3.801315561749642313e+01,2.894617985129621207e+00
3.471310991541956525e+01,3.801315561749642313e+01,2.531797780234432693e+01,2.325940669922601600e+01,4.606517122512408235e+01,4.648655719667783615e+01,3.981205847478876336e+01,3.757658845611187104e+01,2.886533686743881333e+00
3.471310991541956525e+01,3.701351104664349378e+01,2.531797780234432693e+01,2.370653918225939449e+01,4.606517122512408235e+01,4.554119014694280310e+01,4.100000000000000000e+01,3.935733730830885690e+01,2.884733361356696335e+00
3.471310991541956525e+01,3.801315561749642313e+01,2.531797780234432693e+01,2.325940669922601600e+01,4.517742799230607176e+01,4.648655719667783615e+01,4.100000000000000000e+01,3.801315561749642313e+01,2.894617985129621207e+00
3.405877273185280529e+01,3.701351104664349378e+01,2.531797780234432693e+01,2.325940669922601600e+01,4.517742799230607176e+01,4.648655719667783615e+01,4.002499219237900263e+01,3.757658845611187104e+01,2.894562711288739099e+00
3.330165161069342616e+01,3.701351104664349378e+01,2.517935662402834396e+01,2.325940669922601600e+01,4.606517122512408235e+01,4.554119014694280310e+01,3.981205847478876336e+01,3.801315561749642313e+01,2.894562711288739099e+00
3.330165161069342616e+01,3.701351104664349378e+01,2.531797780234432693e+01,2.236067977499789805e+01,4.606517122512408235e+01,4.681879964287850271e+01,4.002499219237900263e+01,3.757658845611187104e+01,2.867051091002365215e+00
3.001666203960726875e+01,3.200000000000000000e+01,2.745906043549196340e+01,2.325940669922601600e+01,4.606517122512408235e+01,4.775981574503821037e+01,4.341658669218482203e+01,4.024922359499621649e+01,2.915204146095559778e+00
2.220360331117451835e+01,2.109502310972898798e+01,2.707397274136176790e+01,2.376972864800942631e+01,4.071854614300466579e+01,4.588027898781784586e+01,4.220189569201838253e+01,3.676955262170046979e+01,3.048578246690242466e+00
2.102379604162863913e+01,1.843908891458577415e+01,2.816025568065744622e+01,2.459674775249768786e+01,3.807886552931954327e+01,4.341658669218482203e+01,4.123105625617660763e+01,3.640054944640259293e+01,3.011356877949050492e+00
2.220360331117451835e+01,2.284731931759172596e+01,2.308679276123039159e+01,2.441311123146740414e+01,3.676955262170046979e+01,4.317406628984580408e+01,4.220189569201838253e+01,3.640054944640259293e+01,2.771362594568353099e+00
2.193171219946130890e+01,2.360084744241189370e+01,2.505992817228333536e+01,2.549509756796392423e+01,3.584689665786984136e+01,4.275511665286389729e+01,4.002499219237900263e+01,3.573513677041127323e+01,2.550254577152440749e+00
2.284731931759172596e+01,2.561249694973139412e+01,2.475883680627989492e+01,2.594224354214569317e+01,3.453983207834108526e+01,4.031128874149274566e+01,3.945883931389771959e+01,3.511409973215887703e+01,2.308191637740160118e+00
2.563201123595259290e+01,2.624880949681337583e+01,2.549509756796392423e+01,2.600000000000000000e+01,3.361547262794321966e+01,4.119465984809195902e+01,3.945883931389771959e+01,3.478505426185217431e+01,2.283933059253613340e+00
2.531797780234432693e+01,2.968164415931165934e+01,2.420743687382040932e+01,2.600000000000000000e+01,3.361547262794321966e+01,4.104875150354758517e+01,3.832753579347360073e+01,3.544009029333869876e+01,2.168159031397055347e+00
2.404163056034261459e+01,2.662705391138869615e+01,2.561249694973139412e+01,2.563201123595259290e+01,3.269556544854363267e+01,4.101219330881975367e+01,3.832753579347360073e+01,3.544009029333869876e+01,2.218387392332878072e+00
2.529822128134703618e+01,2.523885892824792521e+01,2.523885892824792521e+01,2.529822128134703618e+01,3.269556544854363267e+01,4.201190307520000999e+01,3.931920650267500150e+01,3.544009029333869876e+01,2.219540892737172033e+00
2.340939982143925135e+01,2.523885892824792521e+01,2.640075756488817049e+01,2.529822128134703618e+01,3.310589071449369669e+01,4.201190307520000999e+01,3.820994634908559817e+01,3.448187929913333249e+01,2.232893976801319624e+00
2.340939982143925135e+01,2.523885892824792521e+01,2.640075756488817049e+01,2.529822128134703618e+01,3.310589071449369669e+01,4.201190307520000999e+01,3.820994634908559817e+01,3.448187929913333249e+01,2.232893976801319624e+00
2.435159132377184221e+01,2.523885892824792521e+01,2.580697580112788003e+01,2.529822128134703618e+01,3.310589071449369669e+01,4.201190307520000999e+01,3.820994634908559817e+01,3.448187929913333249e+01,2.232893976801319624e+00
2.340939982143925135e+01,2.523885892824792521e+01,2.720294101747088789e+01,2.500000000000000000e+01,3.401470270338990076e+01,4.204759208325727826e+01,3.832753579347360073e+01,3.544009029333869876e+01,2.183057602157912669e+00
2.435159132377184221e+01,2.469817807045693669e+01,2.580697580112788003e+01,2.624880949681337583e+01,3.310589071449369669e+01,4.201190307520000999e+01,3.832753579347360073e+01,3.544009029333869876e+01,2.219540892737172033e+00
2.435159132377184221e+01,2.469817807045693669e+01,2.580697580112788003e+01,2.624880949681337583e+01,3.310589071449369669e+01,4.201190307520000999e+01,3.820994634908559817e+01,3.448187929913333249e+01,2.232893976801319624e+00
2.435159132377184221e+01,2.469817807045693669e+01,2.580697580112788003e+01,2.624880949681337583e+01,3.310589071449369669e+01,4.101219330881975367e+01,3.820994634908559817e+01,3.478505426185217431e+01,2.232893976801319624e+00
2.435159132377184221e+01,2.469817807045693669e+01,2.580697580112788003e+01,2.624880949681337583e+01,3.310589071449369669e+01,4.101219330881975367e+01,3.820994634908559817e+01,3.478505426185217431e+01,2.232893976801319624e+00
2.435159132377184221e+01,2.469817807045693669e+01,2.580697580112788003e+01,2.624880949681337583e+01,3.310589071449369669e+01,4.101219330881975367e+01,3.820994634908559817e+01,3.478505426185217431e+01,2.232893976801319624e+00
2.435159132377184221e+01,2.469817807045693669e+01,2.580697580112788003e+01,2.624880949681337583e+01,3.310589071449369669e+01,4.101219330881975367e+01,3.820994634908559817e+01,3.478505426185217431e+01,2.232893976801319624e+00
2.435159132377184221e+01,2.469817807045693669e+01,2.523885892824792521e+01,2.529822128134703618e+01,3.310589071449369669e+01,4.201190307520000999e+01,3.920459156782531807e+01,3.478505426185217431e+01,2.233331183699573064e+00
2.236067977499789805e+01,2.109502310972898798e+01,2.561249694973139412e+01,2.624880949681337583e+01,3.269556544854363267e+01,4.101219330881975367e+01,3.920459156782531807e+01,3.478505426185217431e+01,2.291571533883641987e+00
2.420743687382040932e+01,2.061552812808830382e+01,2.617250465660480074e+01,2.416609194718914466e+01,3.138470965295043058e+01,4.000000000000000000e+01,3.931920650267500150e+01,3.573513677041127323e+01,2.474806089053081859e+00
2.441311123146740414e+01,2.343074902771996193e+01,2.831960451701259274e+01,2.507987240796890660e+01,3.310589071449369669e+01,4.201190307520000999e+01,3.931920650267500150e+01,3.573513677041127323e+01,2.436604833941868442e+00
2.441311123146740414e+01,2.441311123146740414e+01,2.920616373302046753e+01,2.507987240796890660e+01,3.448187929913333249e+01,4.401136216933077350e+01,4.011234224026316042e+01,3.453983207834108526e+01,2.524040561751542455e+00
2.500000000000000000e+01,1.878829422805593552e+01,3.080584360149872580e+01,2.507987240796890660e+01,3.420526275297414287e+01,4.600000000000000000e+01,4.011234224026316042e+01,3.354101966249684352e+01,2.734482292763946276e+00
2.758622844826744469e+01,2.435159132377184221e+01,3.106444913401813324e+01,2.459674775249768786e+01,3.420526275297414287e+01,4.601086828130936368e+01,4.011234224026316042e+01,3.443835071544512516e+01,2.751092060817827534e+00
2.842534080710379030e+01,2.404163056034261459e+01,3.106444913401813324e+01,2.418677324489564739e+01,3.360059523282288296e+01,4.501110973970759943e+01,4.019950248448355978e+01,3.534119409414458346e+01,2.777851767514742498e+00
2.641968962724581260e+01,1.992485884517127559e+01,3.220248437620923454e+01,2.236067977499789805e+01,3.522782990761707111e+01,4.401136216933077350e+01,4.019950248448355978e+01,3.577708763999663688e+01,2.740956160769186134e+00
2.121320343559642652e+01,1.526433752247374720e+01,2.952964612046680060e+01,2.193171219946130890e+01,3.301514803843835466e+01,4.210700654285459876e+01,4.110960958218893069e+01,3.758989225842500304e+01,2.914793805535907278e+00
2.213594362117865444e+01,1.700000000000000000e+01,2.968164415931165934e+01,2.140093455903269515e+01,3.328663395418647752e+01,4.101219330881975367e+01,4.019950248448355978e+01,3.712142238654116966e+01,2.792423434034581042e+00
2.118962010041709121e+01,1.700000000000000000e+01,2.915475947422650194e+01,2.140093455903269515e+01,3.328663395418647752e+01,4.200000000000000000e+01,4.019950248448355978e+01,3.577708763999663688e+01,2.792423434034581042e+00
1.931320791582796659e+01,1.802775637731994607e+01,2.778488797889960793e+01,2.126029162546929996e+01,3.041381265149109936e+01,3.901281840626231912e+01,4.019950248448355978e+01,3.534119409414458346e+01,2.748777737791469722e+00
2.059126028197400160e+01,1.788854381999831844e+01,2.729468812791236232e+01,2.220360331117451835e+01,3.087069808086626210e+01,3.901281840626231912e+01,4.019950248448355978e+01,3.584689665786984136e+01,2.744415335013240753e+00
2.109502310972898798e+01,1.878829422805593552e+01,2.729468812791236232e+01,2.220360331117451835e+01,2.996664812754339380e+01,3.801315561749642313e+01,4.019950248448355978e+01,3.534119409414458346e+01,2.754242927362112070e+00
2.109502310972898798e+01,1.878829422805593552e+01,2.729468812791236232e+01,2.220360331117451835e+01,2.996664812754339380e+01,3.801315561749642313e+01,4.019950248448355978e+01,3.534119409414458346e+01,2.754242927362112070e+00
2.247220505424423109e+01,2.404163056034261459e+01,2.376972864800942631e+01,2.332380757938120297e+01,2.789265136196270589e+01,3.601388621073821383e+01,4.044749683231336945e+01,3.573513677041127323e+01,2.885076040945469877e+00
2.102379604162863913e+01,2.433105012119287736e+01,2.418677324489564739e+01,2.193171219946130890e+01,2.844292530665578411e+01,3.501428280002319582e+01,4.031128874149274566e+01,3.352610922848042208e+01,2.960296910140164606e+00
2.500000000000000000e+01,2.745906043549196340e+01,2.500000000000000000e+01,1.964688270438849926e+01,2.844292530665578411e+01,3.600000000000000000e+01,4.019950248448355978e+01,3.324154027718932269e+01,3.166949536447890345e+00
2.501999200639360765e+01,2.607680962081059661e+01,2.376972864800942631e+01,2.002498439450078749e+01,2.607680962081059661e+01,3.505709628591620941e+01,3.945883931389771959e+01,3.452535300326413648e+01,3.496365147169405496e+00
2.707397274136176790e+01,2.920616373302046753e+01,2.332380757938120297e+01,2.158703314492290204e+01,2.942787793912432193e+01,3.337663853655727308e+01,3.929376540877699853e+01,3.400000000000000000e+01,3.411441809528262592e+00
2.376972864800942631e+01,2.545584412271571040e+01,2.061552812808830382e+01,2.024845673131658685e+01,3.228002478313794654e+01,3.900000000000000000e+01,4.031128874149274566e+01,3.298484500494128469e+01,3.481481808040684633e+00
2.332380757938120297e+01,2.408318915758459156e+01,2.051828452868319275e+01,2.202271554554523902e+01,3.712142238654116966e+01,3.720215047547655018e+01,3.982461550347975532e+01,3.231098884280702066e+01,3.417756172295201011e+00
2.121320343559642652e+01,2.247220505424423109e+01,2.012461179749810825e+01,2.280350850198275836e+01,4.219004621945797595e+01,3.546829570193639825e+01,4.000000000000000000e+01,3.546829570193639825e+01,2.796590476382688095e+00
2.193171219946130890e+01,2.282542442102665348e+01,2.024845673131658685e+01,2.441311123146740414e+01,4.220189569201838253e+01,3.635931792539568619e+01,3.748332962798262713e+01,3.361547262794321966e+01,2.849500765747848163e+00
1.931320791582796659e+01,1.746424919657297892e+01,1.824828759089465890e+01,2.376972864800942631e+01,4.527692569068708650e+01,3.764306044943742080e+01,3.640054944640259293e+01,3.255764119219941222e+01,2.782492927720699338e+00
1.615549442140351033e+01,2.024845673131658685e+01,1.802775637731994607e+01,2.158703314492290204e+01,3.992492955535426091e+01,3.800000000000000000e+01,4.143669871020131978e+01,3.584689665786984136e+01,3.119099260037638377e+00
2.012461179749810825e+01,2.158703314492290204e+01,1.702938636592640265e+01,2.256102834535695578e+01,3.921734310225515685e+01,3.911521443121588959e+01,4.504442251822083421e+01,3.721558813185679071e+01,3.105469524653655444e+00
1.886796226411320632e+01,2.376972864800942631e+01,1.802775637731994607e+01,2.158703314492290204e+01,4.080441152620633005e+01,3.931920650267500150e+01,4.304648650006176780e+01,3.939543120718441571e+01,3.290369142759604237e+00
2.024845673131658685e+01,2.353720459187963954e+01,1.702938636592640265e+01,2.158703314492290204e+01,4.080441152620633005e+01,3.847076812334268681e+01,4.210700654285459876e+01,3.939543120718441571e+01,3.283489708193957135e+00
2.000000000000000000e+01,2.404163056034261459e+01,1.612451549659709826e+01,2.158703314492290204e+01,4.123105625617660763e+01,3.847076812334268681e+01,4.210700654285459876e+01,3.956008088970496317e+01,3.368888272591388677e+00
2.051828452868319275e+01,2.529822128134703618e+01,1.403566884761819900e+01,2.236067977499789805e+01,4.026164427839479032e+01,3.945883931389771959e+01,4.418144406874904462e+01,3.992492955535426091e+01,3.350423547233832622e+00
2.140093455903269515e+01,2.640075756488817049e+01,1.414213562373095101e+01,2.308679276123039159e+01,3.883297567789519888e+01,3.733630940518894192e+01,4.318564576337836769e+01,3.956008088970496317e+01,3.489538088308305142e+00
2.640075756488817049e+01,3.176476034853718033e+01,1.392838827718411920e+01,2.284731931759172596e+01,3.785498646149540036e+01,3.721558813185679071e+01,4.418144406874904462e+01,3.992492955535426091e+01,3.648495501557313503e+00
2.563201123595259290e+01,3.190611226708763226e+01,1.392838827718411920e+01,2.325940669922601600e+01,3.860051813123756403e+01,3.911521443121588959e+01,4.318564576337836769e+01,4.085339643163099055e+01,3.683303528117036763e+00
2.600000000000000000e+01,3.190611226708763226e+01,1.431782106327635340e+01,2.325940669922601600e+01,3.700000000000000000e+01,4.004996878900157498e+01,4.229657196511320194e+01,4.049691346263317371e+01,3.671451580895665145e+00
2.376972864800942631e+01,3.041381265149109936e+01,1.526433752247374720e+01,2.360084744241189370e+01,3.862641583165593318e+01,4.011234224026316042e+01,4.229657196511320194e+01,4.123105625617660763e+01,2.454119906525472850e+00
2.500000000000000000e+01,2.983286778035259701e+01,1.788854381999831844e+01,2.475883680627989492e+01,3.996248240537617136e+01,4.401136216933077350e+01,4.019950248448355978e+01,4.071854614300466579e+01,2.559473469811477386e+00
2.816025568065744622e+01,3.190611226708763226e+01,1.802775637731994607e+01,2.549509756796392423e+01,4.022437072223753063e+01,4.304648650006176780e+01,4.101219330881975367e+01,4.167733196834941367e+01,3.584503325224621673e+00
2.451530134426252516e+01,3.047950130825634218e+01,2.061552812808830382e+01,2.624880949681337583e+01,4.666904755831213691e+01,4.539823785126466760e+01,3.962322551231790158e+01,4.186884283091664116e+01,2.725399215427283028e+00
2.334523505985750447e+01,2.831960451701259274e+01,2.284731931759172596e+01,2.692582403567251959e+01,4.841487374764081864e+01,5.063595560468865386e+01,4.197618372363071160e+01,4.101219330881975367e+01,2.768627302153470637e+00
2.500000000000000000e+01,2.906888370749726747e+01,2.459674775249768786e+01,2.830194339616981125e+01,4.964876634922563881e+01,5.375872022286245056e+01,4.026164427839479032e+01,3.818376618407356915e+01,2.833539872566016804e+00
2.668332812825266842e+01,3.201562118716424266e+01,2.376972864800942631e+01,2.860069929215018192e+01,5.243090691567331874e+01,5.433231082882449670e+01,4.052159917870962147e+01,3.753664875824691904e+01,2.851484523825180251e+00
2.886173937932362321e+01,3.220248437620923454e+01,2.213594362117865444e+01,2.983286778035259701e+01,4.920365840057017692e+01,5.024937810560444973e+01,4.100000000000000000e+01,3.894868418830089496e+01,3.401407023435631061e+00
2.785677655436823841e+01,3.190611226708763226e+01,2.184032966784155505e+01,2.900000000000000000e+01,4.816637831516918311e+01,4.816637831516918311e+01,4.159326868617084472e+01,4.101219330881975367e+01,3.370629073476612447e+00
2.500000000000000000e+01,3.220248437620923454e+01,1.749285568453590045e+01,2.701851217221259205e+01,4.742362280551750331e+01,4.617358552246078318e+01,4.060788100849390503e+01,4.101219330881975367e+01,2.598527656845359690e+00
1.964688270438849926e+01,2.961418578992169515e+01,2.024845673131658685e+01,2.500000000000000000e+01,4.522167621838005402e+01,4.924428900898052319e+01,3.748332962798262713e+01,4.045985664828781836e+01,2.244880094961905659e+00
1.788854381999831844e+01,2.707397274136176790e+01,2.061552812808830382e+01,2.600000000000000000e+01,4.429446918070020445e+01,5.281098370604357228e+01,3.710795063055894616e+01,3.828837943815329226e+01,2.138783405290220596e+00
1.581138830084189628e+01,2.942787793912432193e+01,2.284731931759172596e+01,2.701851217221259205e+01,4.459820624195551630e+01,5.685947590331799972e+01,3.764306044943742080e+01,3.748332962798262713e+01,2.152307994393661161e+00
1.526433752247374720e+01,1.334166406412633421e+01,2.563201123595259290e+01,2.517935662402834396e+01,4.669047011971500893e+01,6.003332407921453751e+01,3.733630940518894192e+01,3.828837943815329226e+01,2.574446537813619429e+00
1.300000000000000000e+01,1.649242250247064234e+01,2.692582403567251959e+01,2.630589287593181069e+01,4.729693436154187225e+01,5.859180830116100935e+01,3.807886552931954327e+01,3.701351104664349378e+01,2.453120225722298375e+00
1.264911064067351809e+01,1.897366596101027625e+01,2.751363298439520833e+01,2.729468812791236232e+01,4.753945729601885262e+01,5.859180830116100935e+01,3.769615364994152884e+01,3.828837943815329226e+01,2.357629209437481332e+00
1.431782106327635340e+01,2.617250465660480074e+01,2.376972864800942631e+01,2.601922366251537611e+01,4.492215489043240240e+01,5.546169849544818931e+01,3.794733192202055250e+01,3.828837943815329226e+01,2.301894359259704537e+00
1.303840481040529831e+01,2.319482700948640286e+01,2.469817807045693669e+01,2.501999200639360765e+01,4.617358552246078318e+01,5.646237685397241535e+01,3.764306044943742080e+01,3.753664875824691904e+01,2.275261158109152859e+00
1.431782106327635340e+01,1.627882059609970611e+01,2.370653918225939449e+01,2.701851217221259205e+01,4.522167621838005402e+01,5.462600113499065202e+01,3.860051813123756403e+01,3.905124837953326988e+01,2.545510901554569383e+00
1.421267040355189515e+01,1.711724276862369010e+01,2.332380757938120297e+01,2.570992026436488231e+01,4.428317965096906050e+01,4.939635614091387339e+01,4.016217125604640614e+01,4.000000000000000000e+01,2.618715213376611839e+00
1.303840481040529831e+01,2.000000000000000000e+01,2.302172886644267535e+01,2.529822128134703618e+01,4.382921400162225467e+01,4.810405388322277531e+01,3.889730067755344578e+01,3.982461550347975532e+01,2.573068105858753007e+00
1.360147050873544394e+01,1.900000000000000000e+01,2.302172886644267535e+01,2.529822128134703618e+01,4.382921400162225467e+01,4.904079934095691584e+01,3.984971769034255118e+01,3.982461550347975532e+01,2.608305699982560455e+00
1.280624847486569706e+01,1.900000000000000000e+01,2.360084744241189370e+01,2.529822128134703618e+01,4.294182110716777601e+01,4.810405388322277531e+01,3.984971769034255118e+01,3.982461550347975532e+01,2.606953435762870974e+00
1.303840481040529831e+01,2.102379604162863913e+01,2.360084744241189370e+01,2.563201123595259290e+01,4.219004621945797595e+01,4.494441010848846219e+01,4.016217125604640614e+01,4.060788100849390503e+01,2.573045458623418380e+00
1.303840481040529831e+01,2.102379604162863913e+01,2.202271554554523902e+01,2.640075756488817049e+01,4.167733196834941367e+01,4.494441010848846219e+01,3.889730067755344578e+01,3.982461550347975532e+01,2.638417620972971278e+00
1.077032961426900748e+01,2.408318915758459156e+01,2.220360331117451835e+01,2.692582403567251959e+01,4.104875150354758517e+01,4.588027898781784586e+01,3.984971769034255118e+01,3.962322551231790158e+01,2.443198325262272874e+00
1.104536101718726115e+01,2.607680962081059661e+01,2.080865204668481283e+01,2.692582403567251959e+01,4.049691346263317371e+01,4.623851208678756564e+01,3.984971769034255118e+01,3.962322551231790158e+01,2.395784633818313303e+00
1.769180601295413169e+01,3.612478373637688378e+01,1.878829422805593552e+01,2.500000000000000000e+01,4.000000000000000000e+01,4.494441010848846219e+01,3.860051813123756403e+01,3.962322551231790158e+01,2.011316387594801913e+00
2.121320343559642652e+01,3.705401462729781059e+01,2.118962010041709121e+01,2.408318915758459156e+01,3.944616584663204151e+01,4.742362280551750331e+01,3.764306044943742080e+01,3.962322551231790158e+01,2.004089820523248910e+00
1.910497317454279909e+01,2.720294101747088789e+01,2.220360331117451835e+01,2.600000000000000000e+01,4.049691346263317371e+01,5.162363799656122865e+01,3.716180835212409050e+01,3.820994634908559817e+01,2.002908652305092740e+00
1.697056274847713908e+01,2.641968962724581260e+01,2.400000000000000000e+01,2.817800560721074277e+01,3.929376540877699853e+01,5.220153254455274805e+01,3.443835071544512516e+01,3.748332962798262713e+01,1.964884211730133945e+00
1.664331697709323876e+01,2.801785145224380003e+01,2.517935662402834396e+01,2.720294101747088789e+01,3.883297567789519888e+01,5.122499389946278825e+01,3.264965543462901820e+01,3.679673898594819548e+01,1.827545593299761073e+00
2.195449840010014952e+01,2.996664812754339380e+01,2.507987240796890660e+01,2.780287754891568852e+01,3.667424164178449786e+01,4.891829923454003648e+01,3.176476034853718033e+01,3.612478373637688378e+01,1.896913665661945192e+00
1.886796226411320632e+01,2.745906043549196340e+01,2.617250465660480074e+01,2.906888370749726747e+01,3.634556369077249371e+01,5.024937810560444973e+01,3.176476034853718033e+01,3.612478373637688378e+01,1.890941746133464552e+00
1.204159457879229578e+01,2.267156809750926882e+01,2.716615541441224835e+01,3.047950130825634218e+01,3.712142238654116966e+01,5.162363799656122865e+01,3.138470965295043058e+01,3.687817782917154830e+01,1.940973154589113570e+00
1.513274595042155646e+01,1.204159457879229578e+01,2.701851217221259205e+01,2.860069929215018192e+01,4.001249804748510996e+01,5.672741841473133917e+01,3.220248437620923454e+01,3.701351104664349378e+01,2.375519213822860465e+00
1.431782106327635340e+01,1.204159457879229578e+01,2.801785145224380003e+01,2.780287754891568852e+01,4.204759208325727826e+01,5.825804665451803288e+01,3.342154993413680586e+01,3.801315561749642313e+01,2.376471431030945602e+00
1.581138830084189628e+01,1.220655561573370207e+01,2.617250465660480074e+01,2.607680962081059661e+01,4.328972164382672361e+01,6.044005294504630399e+01,3.546829570193639825e+01,3.721558813185679071e+01,2.470448818153784476e+00
1.581138830084189628e+01,1.280624847486569706e+01,2.607680962081059661e+01,2.641968962724581260e+01,4.341658669218482203e+01,6.200806399170998162e+01,3.612478373637688378e+01,3.721558813185679071e+01,2.529995609281531443e+00
1.486606874731850603e+01,1.220655561573370207e+01,2.507987240796890660e+01,2.555386467836127551e+01,4.328972164382672361e+01,6.200806399170998162e+01,3.962322551231790158e+01,3.801315561749642313e+01,2.529440156644709781e+00
1.392838827718411920e+01,1.140175425099137918e+01,2.501999200639360765e+01,2.641968962724581260e+01,4.501110973970759943e+01,5.805170109479996654e+01,3.828837943815329226e+01,3.891015291668743714e+01,2.519400479424383832e+00
1.523154621172781731e+01,1.280624847486569706e+01,2.517935662402834396e+01,2.657066051117284644e+01,4.604345773288535071e+01,5.597320787662611963e+01,3.905124837953326988e+01,4.178516483155235761e+01,2.642051870200474717e+00
1.711724276862369010e+01,1.523154621172781731e+01,2.601922366251537611e+01,2.600000000000000000e+01,4.604345773288535071e+01,5.663920903402518547e+01,3.905124837953326988e+01,4.085339643163099055e+01,2.555653320842027565e+00
1.615549442140351033e+01,1.303840481040529831e+01,2.617250465660480074e+01,2.657066051117284644e+01,4.617358552246078318e+01,5.813776741499453493e+01,3.905124837953326988e+01,4.085339643163099055e+01,2.668137430988338110e+00
1.523154621172781731e+01,1.204159457879229578e+01,2.408318915758459156e+01,2.563201123595259290e+01,4.804164859785725383e+01,5.731491952362839726e+01,3.905124837953326988e+01,4.178516483155235761e+01,2.630682968588294646e+00
1.565247584249852864e+01,1.280624847486569706e+01,2.418677324489564739e+01,2.596150997149434048e+01,4.809365862564419558e+01,5.872818744010409375e+01,3.841874542459709119e+01,4.123105625617660763e+01,2.689438791304017418e+00
1.649242250247064234e+01,1.529705854077835525e+01,2.549509756796392423e+01,2.473863375370596174e+01,5.008991914547277702e+01,5.798275605729689630e+01,3.701351104664349378e+01,4.085339643163099055e+01,2.674142781543636271e+00
1.900000000000000000e+01,2.002498439450078749e+01,2.745906043549196340e+01,2.596150997149434048e+01,4.901020301937138157e+01,5.728001396647874088e+01,3.780211634287159939e+01,4.123105625617660763e+01,2.592375726325428786e+00
1.726267650163206824e+01,1.649242250247064234e+01,2.729468812791236232e+01,2.624880949681337583e+01,5.003998401278721531e+01,5.872818744010409375e+01,3.720215047547655018e+01,4.031128874149274566e+01,2.581083120894388294e+00
1.615549442140351033e+01,1.300000000000000000e+01,2.668332812825266842e+01,2.720294101747088789e+01,5.003998401278721531e+01,5.800000000000000000e+01,3.720215047547655018e+01,4.123105625617660763e+01,2.672036693842930521e+00
1.649242250247064234e+01,1.552417469626002422e+01,2.668332812825266842e+01,2.692582403567251959e+01,4.901020301937138157e+01,5.731491952362839726e+01,3.860051813123756403e+01,4.085339643163099055e+01,2.647651284670212046e+00
1.711724276862369010e+01,1.811077027627483460e+01,2.765863337187866122e+01,2.596150997149434048e+01,5.000000000000000000e+01,5.663920903402518547e+01,3.780211634287159939e+01,4.085339643163099055e+01,2.594501733617547767e+00
1.900000000000000000e+01,2.002498439450078749e+01,2.745906043549196340e+01,2.596150997149434048e+01,5.000999900019994726e+01,5.731491952362839726e+01,3.720215047547655018e+01,4.123105625617660763e+01,2.577388490000413146e+00
1.800000000000000000e+01,1.923538406167134340e+01,2.729468812791236232e+01,2.624880949681337583e+01,5.000000000000000000e+01,5.738466694161429160e+01,3.720215047547655018e+01,4.031128874149274566e+01,2.522871849335174943e+00
1.811077027627483460e+01,2.121320343559642652e+01,2.729468812791236232e+01,2.624880949681337583e+01,5.000000000000000000e+01,5.738466694161429160e+01,3.720215047547655018e+01,4.031128874149274566e+01,2.488158096697304256e+00
1.992485884517127559e+01,2.451530134426252516e+01,2.707397274136176790e+01,2.751363298439520833e+01,4.527692569068708650e+01,5.403702434442518410e+01,3.911521443121588959e+01,4.024922359499621649e+01,2.339847172696706501e+00
1.992485884517127559e+01,2.024845673131658685e+01,2.370653918225939449e+01,2.334523505985750447e+01,3.827531841800927737e+01,4.468780594300866227e+01,4.081666326391709987e+01,4.254409477236529824e+01,2.790147859586241452e+00
1.581138830084189628e+01,2.236067977499789805e+01,2.051828452868319275e+01,2.147091055358388800e+01,3.996248240537617136e+01,4.161730409336962566e+01,3.827531841800927737e+01,4.000000000000000000e+01,2.809533186046907716e+00
2.024845673131658685e+01,2.059126028197400160e+01,1.788854381999831844e+01,2.102379604162863913e+01,4.123105625617660763e+01,3.911521443121588959e+01,3.744329045369811126e+01,3.969886648255841521e+01,2.899041170162602654e+00
1.649242250247064234e+01,1.878829422805593552e+01,1.711724276862369010e+01,2.236067977499789805e+01,4.393176527297759293e+01,3.733630940518894192e+01,3.757658845611187104e+01,4.103656905736638549e+01,2.817153933625263562e+00
2.022374841615668473e+01,2.002498439450078749e+01,2.022374841615668473e+01,2.418677324489564739e+01,4.304648650006176780e+01,3.535533905932737753e+01,4.052159917870962147e+01,4.045985664828781836e+01,2.759106081045860748e+00
2.507987240796890660e+01,2.236067977499789805e+01,1.931320791582796659e+01,2.236067977499789805e+01,4.701063709417263681e+01,3.612478373637688378e+01,4.044749683231336945e+01,4.104875150354758517e+01,2.594565319979095896e+00
2.024845673131658685e+01,1.788854381999831844e+01,2.024845673131658685e+01,2.280350850198275836e+01,5.096076922496362727e+01,3.827531841800927737e+01,4.011234224026316042e+01,4.295346318982905842e+01,2.659079358567316476e+00
1.838477631085023489e+01,1.746424919657297892e+01,1.886796226411320632e+01,2.118962010041709121e+01,4.964876634922563881e+01,4.114608122288196768e+01,4.237924020083418242e+01,4.632493928760187885e+01,2.812266486541955768e+00
1.615549442140351033e+01,1.649242250247064234e+01,2.024845673131658685e+01,2.256102834535695578e+01,4.601086828130936368e+01,4.049691346263317371e+01,4.785394445602159408e+01,4.570557952810575841e+01,2.981893513509379368e+00
1.552417469626002422e+01,1.824828759089465890e+01,1.835755975068581947e+01,2.184032966784155505e+01,4.601086828130936368e+01,4.134005321718877468e+01,4.254409477236529824e+01,4.501110973970759943e+01,3.112189365385788165e+00
1.581138830084189628e+01,1.702938636592640265e+01,1.897366596101027625e+01,2.039607805437113797e+01,4.501110973970759943e+01,4.167733196834941367e+01,4.070626487409523975e+01,4.301162633521313694e+01,3.195459336644050463e+00
1.711724276862369010e+01,1.910497317454279909e+01,1.802775637731994607e+01,2.137755832643194864e+01,4.700000000000000000e+01,4.188078318274384770e+01,4.205948168962618183e+01,4.404543109109047805e+01,3.214934151775793225e+00
1.676305461424021104e+01,1.824828759089465890e+01,1.923538406167134340e+01,2.280350850198275836e+01,4.704253394535630406e+01,4.022437072223753063e+01,4.134005321718877468e+01,4.600000000000000000e+01,3.143007079803559201e+00
1.526433752247374720e+01,1.627882059609970611e+01,2.000000000000000000e+01,2.340939982143925135e+01,4.904079934095691584e+01,4.327817001676480402e+01,4.201190307520000999e+01,4.704253394535630406e+01,3.059348072663736318e+00
1.835755975068581947e+01,1.835755975068581947e+01,2.193171219946130890e+01,2.376972864800942631e+01,5.108815909777920439e+01,4.459820624195551630e+01,3.894868418830089496e+01,4.418144406874904462e+01,3.038032970151986589e+00
1.835755975068581947e+01,2.012461179749810825e+01,2.408318915758459156e+01,2.469817807045693669e+01,5.024937810560444973e+01,4.981967482832460092e+01,4.031128874149274566e+01,4.079215610874227593e+01,3.132452140333997548e+00
1.655294535724684835e+01,1.969771560359220786e+01,2.343074902771996193e+01,2.308679276123039159e+01,5.215361924162119323e+01,5.580322571321482172e+01,4.186884283091664116e+01,4.026164427839479032e+01,3.225778349437433690e+00
1.772004514666934938e+01,2.039607805437113797e+01,2.469817807045693669e+01,2.630589287593181069e+01,5.300943312279428454e+01,5.640035460881429685e+01,4.177319714841084419e+01,3.962322551231790158e+01,3.320551699237980436e+00
2.039607805437113797e+01,1.964688270438849926e+01,2.163330765278393741e+01,2.745906043549196340e+01,5.000999900019994726e+01,5.889821729050888877e+01,4.252058325093859992e+01,3.807886552931954327e+01,3.214072725717559642e+00
1.421267040355189515e+01,1.603121954188139853e+01,2.404163056034261459e+01,2.816025568065744622e+01,5.500000000000000000e+01,6.407027391856539111e+01,4.080441152620633005e+01,3.700000000000000000e+01,3.153640263443979297e+00
1.360147050873544394e+01,1.500000000000000000e+01,2.545584412271571040e+01,2.720294101747088789e+01,5.600892785976178345e+01,6.000000000000000000e+01,4.186884283091664116e+01,4.123105625617660763e+01,3.117305931873578295e+00
1.612451549659709826e+01,1.392838827718411920e+01,2.801785145224380003e+01,2.823118842698620767e+01,5.907622195096772089e+01,6.268173577685927711e+01,4.177319714841084419e+01,3.929376540877699853e+01,2.935072642676926247e+00
1.456021977856103611e+01,1.414213562373095101e+01,2.745906043549196340e+01,2.817800560721074277e+01,6.029925372672533967e+01,6.363175307973213535e+01,4.186884283091664116e+01,3.860051813123756403e+01,2.954196760426577750e+00
1.360147050873544394e+01,1.414213562373095101e+01,2.720294101747088789e+01,2.640075756488817049e+01,6.239390995922598648e+01,6.400781202322103525e+01,4.110960958218893069e+01,3.860051813123756403e+01,3.044641711525274630e+00
1.264911064067351809e+01,1.500000000000000000e+01,2.640075756488817049e+01,2.731300056749532601e+01,6.020797289396147534e+01,6.276941930590086116e+01,4.123105625617660763e+01,3.956008088970496317e+01,3.075831906739049160e+00
1.431782106327635340e+01,1.400000000000000000e+01,2.758622844826744469e+01,2.720294101747088789e+01,5.714017850864661341e+01,6.020797289396147534e+01,4.123105625617660763e+01,3.929376540877699853e+01,3.126058334990664100e+00
1.303840481040529831e+01,1.513274595042155646e+01,2.617250465660480074e+01,2.789265136196270589e+01,5.903388857258176614e+01,6.212889826803626647e+01,4.110960958218893069e+01,3.905124837953326988e+01,3.180348747793829034e+00
1.272792206135785520e+01,1.552417469626002422e+01,2.483948469674844262e+01,2.942787793912432193e+01,6.000000000000000000e+01,6.407027391856539111e+01,4.110960958218893069e+01,3.905124837953326988e+01,3.233669472183763105e+00
1.300000000000000000e+01,1.392838827718411920e+01,2.780287754891568852e+01,2.716615541441224835e+01,6.200000000000000000e+01,6.628725367670620017e+01,4.036087214122112954e+01,3.832753579347360073e+01,3.282757286449924372e+00
1.166190378969060149e+01,1.581138830084189628e+01,2.720294101747088789e+01,2.716615541441224835e+01,6.403124237432848531e+01,6.800735254367721438e+01,3.959797974644666141e+01,3.832753579347360073e+01,3.325724675519212248e+00
1.272792206135785520e+01,1.649242250247064234e+01,2.720294101747088789e+01,2.915475947422650194e+01,6.506919393998975920e+01,6.742403132415029177e+01,3.962322551231790158e+01,3.765634076752546378e+01,3.286375108265574774e+00
1.615549442140351033e+01,1.800000000000000000e+01,2.523885892824792521e+01,2.915475947422650194e+01,6.806614430096654189e+01,6.850547423381580359e+01,4.036087214122112954e+01,3.832753579347360073e+01,3.284609528554540248e+00
1.772004514666934938e+01,2.158703314492290204e+01,2.408318915758459156e+01,2.912043955712207222e+01,6.900000000000000000e+01,6.946221994724902515e+01,4.101219330881975367e+01,3.847076812334268681e+01,3.229155492897472168e+00
1.860107523773827509e+01,1.878829422805593552e+01,2.701851217221259205e+01,3.008321791298264714e+01,6.700746227100381702e+01,6.723094525588643933e+01,4.172529209005013229e+01,3.945883931389771959e+01,3.025720590279843414e+00
2.140093455903269515e+01,2.267156809750926882e+01,2.662705391138869615e+01,2.830194339616981125e+01,6.826419266350404769e+01,6.844705983459040510e+01,4.110960958218893069e+01,3.785498646149540036e+01,2.983806878186947564e+00
1.702938636592640265e+01,2.080865204668481283e+01,2.865309756378880479e+01,2.884441020371191300e+01,6.835934464285040235e+01,6.887670143089025032e+01,4.036087214122112954e+01,3.736308338453881106e+01,2.968046181808573714e+00
1.702938636592640265e+01,1.252996408614166768e+01,3.269556544854363267e+01,2.915475947422650194e+01,6.519202405202648265e+01,6.576473218982953028e+01,4.036087214122112954e+01,3.807886552931954327e+01,2.785701938493414076e+00
1.711724276862369010e+01,1.140175425099137918e+01,3.324154027718932269e+01,2.607680962081059661e+01,6.053098380168622583e+01,6.129437168288782090e+01,4.036087214122112954e+01,3.736308338453881106e+01,2.762801305323484780e+00
1.811077027627483460e+01,1.063014581273464998e+01,3.289376840679705083e+01,2.662705391138869615e+01,6.166036003787198183e+01,6.171709649683788967e+01,3.894868418830089496e+01,3.668787265568828104e+01,2.718054561828624038e+00
2.158703314492290204e+01,6.708203932499369415e+00,3.420526275297414287e+01,2.662705391138869615e+01,6.082762530298219872e+01,6.126989472816156024e+01,3.969886648255841521e+01,3.668787265568828104e+01,2.560761241852182124e+00
2.088061301782110135e+01,8.544003745317530374e+00,3.452535300326413648e+01,2.624880949681337583e+01,6.020797289396147534e+01,5.993329625508678760e+01,4.045985664828781836e+01,3.794733192202055250e+01,2.523626268662868100e+00
2.469817807045693669e+01,7.280109889280518054e+00,3.313608305156178346e+01,2.475883680627989492e+01,6.209669878504009688e+01,6.203224967708329274e+01,4.000000000000000000e+01,3.676955262170046979e+01,2.360116038717104736e+00
2.435159132377184221e+01,1.044030650891055068e+01,3.501428280002319582e+01,2.549509756796392423e+01,6.135144660071186706e+01,5.882176467941096831e+01,3.940812099047606409e+01,3.716180835212409050e+01,2.424562346077174801e+00
2.376972864800942631e+01,1.118033988749894903e+01,3.401470270338990076e+01,2.624880949681337583e+01,6.356886030125127007e+01,6.113100686231170044e+01,3.744329045369811126e+01,3.577708763999663688e+01,2.475623416210683381e+00
2.433105012119287736e+01,1.216552506059643868e+01,3.206243908376279705e+01,2.561249694973139412e+01,6.315853069855251078e+01,6.280127387243032899e+01,4.031128874149274566e+01,3.443835071544512516e+01,2.529335145513916139e+00
2.433105012119287736e+01,1.216552506059643868e+01,3.101612483854164637e+01,2.580697580112788003e+01,6.440496875241846908e+01,6.438167441127949076e+01,3.891015291668743714e+01,3.413209633175202384e+01,2.553757050708675536e+00
2.601922366251537611e+01,1.726267650163206824e+01,3.101612483854164637e+01,2.555386467836127551e+01,5.798275605729689630e+01,6.407027391856539111e+01,4.427188724235730888e+01,3.360059523282288296e+01,2.631538757479544799e+00
2.624880949681337583e+01,1.170469991071962568e+01,3.101612483854164637e+01,2.332380757938120297e+01,5.990826320300063657e+01,6.700000000000000000e+01,4.438468204234429493e+01,3.405877273185280529e+01,2.567210093139305371e+00
2.657066051117284644e+01,1.208304597359457233e+01,3.000000000000000000e+01,2.236067977499789805e+01,6.000000000000000000e+01,6.506919393998975920e+01,4.295346318982905842e+01,3.465544690232691494e+01,2.560912945994227030e+00
2.996664812754339380e+01,9.433981132056603158e+00,3.101612483854164637e+01,2.507987240796890660e+01,5.879625838435639906e+01,6.350590523722971170e+01,4.257933771208753626e+01,3.324154027718932269e+01,2.498353462024673455e+00
2.789265136196270589e+01,1.252996408614166768e+01,3.000000000000000000e+01,2.418677324489564739e+01,6.161980201201558316e+01,6.576473218982953028e+01,4.044749683231336945e+01,3.264965543462901820e+01,2.662870809594027666e+00
2.601922366251537611e+01,1.843908891458577415e+01,3.000000000000000000e+01,2.459674775249768786e+01,6.171709649683788967e+01,6.648308055437864539e+01,3.945883931389771959e+01,3.280243893371345365e+01,2.787176280879599233e+00
2.668332812825266842e+01,2.209072203437452231e+01,3.125699921617556853e+01,2.500000000000000000e+01,6.262587324740470507e+01,6.826419266350404769e+01,3.945883931389771959e+01,3.360059523282288296e+01,2.963927866255634314e+00
2.640075756488817049e+01,2.517935662402834396e+01,3.255764119219941222e+01,2.765863337187866122e+01,6.420280367709808900e+01,6.806614430096654189e+01,4.079215610874227593e+01,3.623534186398687496e+01,3.073480777221010651e+00
2.641968962724581260e+01,2.807133769523639799e+01,3.313608305156178346e+01,2.842534080710379030e+01,6.325345840347387849e+01,6.512296062065973956e+01,4.002499219237900263e+01,3.546829570193639825e+01,3.070163397251349124e+00
3.001666203960726875e+01,2.308679276123039159e+01,3.501428280002319582e+01,2.505992817228333536e+01,6.325345840347387849e+01,6.627216610312356693e+01,3.920459156782531807e+01,3.720215047547655018e+01,2.823712279334262387e+00
2.961418578992169515e+01,1.746424919657297892e+01,3.106444913401813324e+01,2.563201123595259290e+01,6.444377394287209881e+01,6.859300255857006334e+01,3.911521443121588959e+01,3.635931792539568619e+01,2.680407804943585770e+00
2.906888370749726747e+01,1.280624847486569706e+01,3.041381265149109936e+01,2.404163056034261459e+01,6.576473218982953028e+01,6.628725367670620017e+01,3.820994634908559817e+01,3.551056180912940619e+01,2.545526379114685156e+00
2.952964612046680060e+01,1.204159457879229578e+01,3.059411708155671050e+01,2.500000000000000000e+01,6.466065264130884316e+01,6.360031446463138138e+01,3.811823710509183627e+01,3.413209633175202384e+01,2.571132110099628054e+00
3.289376840679705083e+01,1.860107523773827509e+01,3.080584360149872580e+01,2.729468812791236232e+01,6.200806399170998162e+01,6.389053137985315090e+01,3.701351104664349378e+01,3.401470270338990076e+01,2.622446539343270100e+00
3.104834939252004844e+01,1.923538406167134340e+01,3.059411708155671050e+01,2.745906043549196340e+01,5.824946351684279477e+01,6.484597134749390079e+01,4.019950248448355978e+01,3.478505426185217431e+01,2.738298199094329366e+00
3.014962686336266984e+01,2.284731931759172596e+01,3.041381265149109936e+01,2.668332812825266842e+01,6.021627686929839030e+01,6.609841147864295863e+01,3.920459156782531807e+01,3.478505426185217431e+01,2.849397887003171981e+00
3.301514803843835466e+01,2.505992817228333536e+01,3.026549190084311292e+01,2.596150997149434048e+01,6.046486583132389825e+01,6.640783086353596332e+01,3.920459156782531807e+01,3.448187929913333249e+01,2.872464097065413391e+00
3.300000000000000000e+01,2.729468812791236232e+01,3.140063693621516450e+01,2.596150997149434048e+01,5.714017850864661341e+01,6.419501538281613762e+01,4.130375285612676350e+01,3.478505426185217431e+01,2.889643920232555008e+00
3.238826948140329165e+01,2.973213749463701205e+01,3.206243908376279705e+01,2.563201123595259290e+01,5.522680508593630577e+01,6.293647591023825072e+01,4.060788100849390503e+01,3.613862199918530393e+01,3.062469055132031492e+00
2.745906043549196340e+01,2.302172886644267535e+01,3.224903099319419653e+01,2.607680962081059661e+01,5.353503525729669121e+01,6.236184731067545783e+01,4.100000000000000000e+01,3.807886552931954327e+01,3.249472586296024978e+00
2.507987240796890660e+01,2.158703314492290204e+01,3.178049716414140846e+01,2.900000000000000000e+01,5.360037313302958495e+01,6.356099432828281692e+01,4.177319714841084419e+01,3.860051813123756403e+01,3.379330896178940336e+00
1.878829422805593552e+01,1.979898987322333070e+01,3.132091952673165025e+01,3.255764119219941222e+01,5.467174773134657784e+01,6.628725367670620017e+01,4.060788100849390503e+01,3.736308338453881106e+01,3.512811372067789151e+00
1.612451549659709826e+01,1.749285568453590045e+01,3.228002478313794654e+01,3.255764119219941222e+01,5.315072906367324634e+01,6.609841147864295863e+01,3.945883931389771959e+01,3.517101079013794873e+01,3.488735940903981536e+00
1.627882059609970611e+01,1.802775637731994607e+01,3.162277660168379256e+01,3.114482300479487265e+01,5.315072906367324634e+01,6.609841147864295863e+01,4.019950248448355978e+01,3.352610922848042208e+01,3.492297040826762622e+00
2.000000000000000000e+01,2.420743687382040932e+01,3.298484500494128469e+01,3.397057550292606010e+01,5.517245689653488938e+01,6.806614430096654189e+01,3.911521443121588959e+01,3.257299494980465937e+01,3.471040297799326879e+00
2.302172886644267535e+01,2.370653918225939449e+01,3.324154027718932269e+01,3.189043743820394994e+01,5.805170109479996654e+01,7.061161377563891506e+01,4.104875150354758517e+01,3.195309061734091571e+01,3.435313168026588926e+00
2.607680962081059661e+01,2.563201123595259290e+01,3.420526275297414287e+01,3.182766092567909766e+01,5.946427498927402411e+01,6.865857557508748243e+01,4.001249804748510996e+01,3.269556544854363267e+01,3.384132957962061816e+00
2.906888370749726747e+01,2.433105012119287736e+01,3.298484500494128469e+01,3.041381265149109936e+01,5.889821729050888877e+01,6.791170738539858576e+01,4.104875150354758517e+01,3.361547262794321966e+01,3.297774450781353561e+00
2.915475947422650194e+01,2.942787793912432193e+01,3.373425558686599857e+01,2.983286778035259701e+01,5.560575509783137704e+01,6.403124237432848531e+01,4.104875150354758517e+01,3.269556544854363267e+01,3.332987763672401016e+00
2.952964612046680060e+01,3.106444913401813324e+01,3.238826948140329165e+01,2.745906043549196340e+01,5.360037313302958495e+01,6.161168720299745161e+01,4.104875150354758517e+01,3.361547262794321966e+01,3.265747425033484141e+00
3.087069808086626210e+01,3.201562118716424266e+01,3.238826948140329165e+01,2.729468812791236232e+01,5.243090691567331874e+01,6.087692502089769420e+01,4.204759208325727826e+01,3.269556544854363267e+01,3.227695033416291714e+00
2.915475947422650194e+01,3.201562118716424266e+01,3.413209633175202384e+01,2.641968962724581260e+01,5.243090691567331874e+01,6.184658438426490790e+01,4.310452412450461424e+01,3.361547262794321966e+01,3.213920129678611737e+00
3.067572330035593353e+01,3.206243908376279705e+01,3.313608305156178346e+01,2.640075756488817049e+01,5.021951811795887721e+01,5.966573556070519402e+01,4.110960958218893069e+01,3.231098884280702066e+01,3.158923609576023139e+00
2.996664812754339380e+01,3.201562118716424266e+01,3.125699921617556853e+01,2.683281572999747766e+01,4.964876634922563881e+01,5.943904440685432178e+01,4.210700654285459876e+01,3.324154027718932269e+01,3.221092388323284261e+00
3.041381265149109936e+01,3.300000000000000000e+01,3.214031735997639316e+01,2.729468812791236232e+01,5.161395160225576006e+01,6.063827174318213054e+01,4.210700654285459876e+01,3.361547262794321966e+01,3.219304688738019671e+00
2.996664812754339380e+01,3.301514803843835466e+01,3.337663853655727308e+01,2.641968962724581260e+01,5.103920062069938268e+01,5.966573556070519402e+01,4.110960958218893069e+01,3.324154027718932269e+01,3.266824584480016114e+00
3.124099870362661591e+01,3.649657518178931781e+01,3.157530680769388809e+01,2.830194339616981125e+01,4.882622246293480828e+01,5.824946351684279477e+01,4.110960958218893069e+01,3.324154027718932269e+01,3.359595574253254391e+00
3.330165161069342616e+01,3.733630940518894192e+01,3.080584360149872580e+01,2.745906043549196340e+01,4.743416490252568707e+01,5.727128425310541360e+01,4.219004621945797595e+01,3.361547262794321966e+01,3.365643887595626271e+00
2.973213749463701205e+01,3.006659275674581622e+01,3.014962686336266984e+01,2.507987240796890660e+01,4.992995093127971273e+01,5.578530272392541178e+01,4.177319714841084419e+01,3.862641583165593318e+01,3.217016057909652726e+00
3.140063693621516450e+01,3.138470965295043058e+01,2.601922366251537611e+01,2.009975124224177989e+01,4.215447781671598193e+01,4.850773134253961416e+01,4.535416188179426911e+01,4.016217125604640614e+01,3.035061083397258219e+00
2.844292530665578411e+01,2.601922366251537611e+01,2.617250465660480074e+01,2.451530134426252516e+01,3.827531841800927737e+01,4.554119014694280310e+01,4.609772228646443892e+01,4.110960958218893069e+01,3.133451720822029607e+00
2.915475947422650194e+01,2.692582403567251959e+01,2.501999200639360765e+01,1.824828759089465890e+01,3.436568055487916240e+01,3.962322551231790158e+01,4.904079934095691584e+01,4.301162633521313694e+01,3.101613966466503225e+00
3.001666203960726875e+01,2.773084924772409465e+01,2.418677324489564739e+01,2.109502310972898798e+01,3.324154027718932269e+01,4.123105625617660763e+01,4.494441010848846219e+01,3.945883931389771959e+01,2.996452254007534677e+00
3.465544690232691494e+01,2.816025568065744622e+01,2.051828452868319275e+01,1.627882059609970611e+01,3.238826948140329165e+01,3.324154027718932269e+01,4.248529157249600274e+01,4.201190307520000999e+01,2.340488975361205704e+00
3.894868418830089496e+01,2.879236009777593708e+01,1.878829422805593552e+01,1.835755975068581947e+01,2.941088233970548416e+01,3.417601498127012150e+01,4.356604182158393002e+01,3.920459156782531807e+01,2.014017414328570066e+00
3.939543120718441571e+01,3.535533905932737753e+01,2.009975124224177989e+01,1.772004514666934938e+01,3.584689665786984136e+01,2.842534080710379030e+01,4.393176527297759293e+01,4.257933771208753626e+01,2.139779484904240636e+00
3.862641583165593318e+01,3.535533905932737753e+01,2.300000000000000000e+01,1.992485884517127559e+01,3.828837943815329226e+01,3.224903099319419653e+01,4.687216658103186262e+01,4.272001872658765365e+01,2.355187441187359454e+00
3.956008088970496317e+01,3.466987164671942878e+01,2.500000000000000000e+01,2.024845673131658685e+01,3.959797974644666141e+01,3.544009029333869876e+01,4.775981574503821037e+01,4.477722635447621968e+01,3.791084807324133887e+00
4.159326868617084472e+01,3.546829570193639825e+01,2.507987240796890660e+01,2.061552812808830382e+01,3.764306044943742080e+01,3.569313659514949677e+01,4.669047011971500893e+01,4.482186966202993972e+01,3.781162403080197354e+00
4.104875150354758517e+01,3.535533905932737753e+01,2.630589287593181069e+01,2.022374841615668473e+01,3.773592452822641263e+01,3.413209633175202384e+01,4.509988913511872255e+01,4.455333881989092504e+01,3.736138800239363178e+00
4.104875150354758517e+01,3.612478373637688378e+01,2.600000000000000000e+01,2.408318915758459156e+01,4.219004621945797595e+01,3.612478373637688378e+01,4.410215414239988974e+01,4.686149805543992386e+01,3.707220838684520903e+00
4.210700654285459876e+01,3.538361202590826338e+01,2.529822128134703618e+01,2.418677324489564739e+01,4.527692569068708650e+01,3.622154055254966920e+01,3.820994634908559817e+01,4.632493928760187885e+01,3.603236679908345064e+00
4.310452412450461424e+01,3.748332962798262713e+01,2.433105012119287736e+01,2.100000000000000000e+01,3.721558813185679071e+01,3.601388621073821383e+01,3.820994634908559817e+01,4.254409477236529824e+01,3.627638279120978027e+00
4.418144406874904462e+01,3.748332962798262713e+01,2.308679276123039159e+01,2.000000000000000000e+01,3.721558813185679071e+01,3.701351104664349378e+01,3.820994634908559817e+01,4.205948168962618183e+01,3.618299221689814882e+00
4.418144406874904462e+01,3.820994634908559817e+01,2.308679276123039159e+01,2.002498439450078749e+01,3.721558813185679071e+01,3.701351104664349378e+01,3.820994634908559817e+01,4.205948168962618183e+01,3.618299221689814882e+00
4.418144406874904462e+01,3.753664875824691904e+01,2.408318915758459156e+01,2.100000000000000000e+01,3.584689665786984136e+01,3.605551275463989214e+01,3.820994634908559817e+01,4.205948168962618183e+01,3.607000824151880281e+00
4.418144406874904462e+01,3.753664875824691904e+01,2.408318915758459156e+01,2.100000000000000000e+01,3.584689665786984136e+01,3.605551275463989214e+01,3.820994634908559817e+01,4.205948168962618183e+01,3.607000824151880281e+00
4.318564576337836769e+01,3.679673898594819548e+01,2.308679276123039159e+01,2.000000000000000000e+01,3.721558813185679071e+01,3.601388621073821383e+01,3.820994634908559817e+01,4.254409477236529824e+01,3.608653218622137615e+00
4.318564576337836769e+01,3.753664875824691904e+01,2.418677324489564739e+01,2.100000000000000000e+01,3.584689665786984136e+01,3.505709628591620941e+01,3.820994634908559817e+01,4.254409477236529824e+01,3.607000824151880281e+00
4.318564576337836769e+01,3.753664875824691904e+01,2.418677324489564739e+01,2.100000000000000000e+01,3.584689665786984136e+01,3.505709628591620941e+01,3.820994634908559817e+01,4.254409477236529824e+01,3.607000824151880281e+00
4.318564576337836769e+01,3.679673898594819548e+01,2.308679276123039159e+01,2.000000000000000000e+01,3.721558813185679071e+01,3.601388621073821383e+01,3.820994634908559817e+01,4.254409477236529824e+01,3.608653218622137615e+00
4.318564576337836769e+01,3.612478373637688378e+01,2.308679276123039159e+01,2.100000000000000000e+01,3.721558813185679071e+01,3.605551275463989214e+01,3.811823710509183627e+01,4.254409477236529824e+01,3.621293929201854667e+00
4.318564576337836769e+01,3.612478373637688378e+01,2.408318915758459156e+01,2.102379604162863913e+01,3.671511950137163893e+01,3.605551275463989214e+01,3.811823710509183627e+01,4.205948168962618183e+01,3.597190347030904789e+00
4.418144406874904462e+01,3.679673898594819548e+01,2.408318915758459156e+01,2.102379604162863913e+01,3.584689665786984136e+01,3.505709628591620941e+01,4.004996878900157498e+01,4.188078318274384770e+01,3.648312759167821717e+00
4.318564576337836769e+01,3.679673898594819548e+01,2.308679276123039159e+01,2.000000000000000000e+01,3.671511950137163893e+01,3.605551275463989214e+01,4.001249804748510996e+01,4.134005321718877468e+01,3.654682099786484617e+00
4.418144406874904462e+01,3.820994634908559817e+01,2.408318915758459156e+01,2.000000000000000000e+01,3.623534186398687496e+01,3.605551275463989214e+01,4.004996878900157498e+01,4.167733196834941367e+01,3.627764612802013566e+00
4.517742799230607176e+01,3.606937759374286401e+01,2.302172886644267535e+01,2.102379604162863913e+01,3.535533905932737753e+01,3.612478373637688378e+01,4.004996878900157498e+01,4.167733196834941367e+01,3.656819711531675843e+00
4.509988913511872255e+01,3.606937759374286401e+01,2.402082429892862692e+01,2.102379604162863913e+01,3.584689665786984136e+01,3.512833614050059339e+01,3.905124837953326988e+01,4.219004621945797595e+01,3.656819711531675843e+00
4.509988913511872255e+01,3.606937759374286401e+01,2.402082429892862692e+01,2.102379604162863913e+01,3.584689665786984136e+01,3.612478373637688378e+01,3.905124837953326988e+01,4.167733196834941367e+01,3.656819711531675843e+00
4.517742799230607176e+01,3.606937759374286401e+01,2.302172886644267535e+01,2.102379604162863913e+01,3.448187929913333249e+01,3.612478373637688378e+01,4.011234224026316042e+01,4.167733196834941367e+01,3.656819711531675843e+00
4.517742799230607176e+01,3.606937759374286401e+01,2.302172886644267535e+01,2.102379604162863913e+01,3.498571136907180090e+01,3.612478373637688378e+01,3.911521443121588959e+01,4.167733196834941367e+01,3.656819711531675843e+00
4.517742799230607176e+01,3.606937759374286401e+01,2.302172886644267535e+01,2.102379604162863913e+01,3.535533905932737753e+01,3.612478373637688378e+01,4.004996878900157498e+01,4.167733196834941367e+01,3.656819711531675843e+00
4.517742799230607176e+01,3.606937759374286401e+01,2.302172886644267535e+01,2.102379604162863913e+01,3.535533905932737753e+01,3.612478373637688378e+01,4.004996878900157498e+01,4.167733196834941367e+01,3.656819711531675843e+00
4.517742799230607176e+01,3.606937759374286401e+01,2.302172886644267535e+01,2.102379604162863913e+01,3.535533905932737753e+01,3.612478373637688378e+01,4.004996878900157498e+01,4.167733196834941367e+01,3.656819711531675843e+00
4.517742799230607176e+01,3.606937759374286401e+01,2.302172886644267535e+01,2.102379604162863913e+01,3.535533905932737753e+01,3.612478373637688378e+01,4.004996878900157498e+01,4.167733196834941367e+01,3.656819711531675843e+00
4.517742799230607176e+01,3.679673898594819548e+01,2.302172886644267535e+01,2.100000000000000000e+01,3.535533905932737753e+01,3.612478373637688378e+01,4.001249804748510996e+01,4.081666326391709987e+01,3.670059356011477369e+00
4.060788100849390503e+01,3.360059523282288296e+01,2.202271554554523902e+01,2.109502310972898798e+01,3.712142238654116966e+01,3.500000000000000000e+01,3.905124837953326988e+01,4.081666326391709987e+01,3.538169775612017176e+00
3.373425558686599857e+01,2.641968962724581260e+01,2.200000000000000000e+01,2.088061301782110135e+01,3.667424164178449786e+01,3.705401462729781059e+01,4.204759208325727826e+01,3.911521443121588959e+01,3.500565876014775757e+00
2.973213749463701205e+01,2.184032966784155505e+01,2.039607805437113797e+01,2.012461179749810825e+01,3.640054944640259293e+01,3.811823710509183627e+01,4.318564576337836769e+01,3.758989225842500304e+01,3.324524419824647303e+00
2.773084924772409465e+01,2.220360331117451835e+01,2.088061301782110135e+01,1.886796226411320632e+01,3.534119409414458346e+01,4.004996878900157498e+01,4.400000000000000000e+01,3.894868418830089496e+01,3.180435286671203343e+00
2.607680962081059661e+01,2.220360331117451835e+01,2.193171219946130890e+01,2.000000000000000000e+01,3.721558813185679071e+01,4.219004621945797595e+01,4.300000000000000000e+01,4.118252056394800320e+01,3.030326683904259966e+00
2.765863337187866122e+01,2.563201123595259290e+01,2.202271554554523902e+01,1.910497317454279909e+01,3.224903099319419653e+01,4.197618372363071160e+01,4.201190307520000999e+01,3.981205847478876336e+01,2.810786719289086744e+00
2.996664812754339380e+01,2.830194339616981125e+01,2.220360331117451835e+01,1.886796226411320632e+01,3.106444913401813324e+01,4.016217125604640614e+01,4.011234224026316042e+01,4.070626487409523975e+01,2.633710143086040123e+00
2.789265136196270589e+01,2.828427124746190202e+01,2.284731931759172596e+01,1.708800749063506075e+01,3.061045573002793319e+01,4.237924020083418242e+01,4.011234224026316042e+01,3.982461550347975532e+01,2.428751537799420657e+00
2.601922366251537611e+01,2.549509756796392423e+01,2.256102834535695578e+01,2.000000000000000000e+01,2.831960451701259274e+01,4.338202392696772591e+01,3.920459156782531807e+01,3.996248240537617136e+01,2.258294182453882915e+00
2.334523505985750447e+01,2.137755832643194864e+01,2.209072203437452231e+01,2.158703314492290204e+01,2.778488797889960793e+01,4.661544808322666000e+01,3.807886552931954327e+01,3.940812099047606409e+01,2.254804778717144131e+00
2.002498439450078749e+01,1.811077027627483460e+01,2.308679276123039159e+01,2.088061301782110135e+01,2.906888370749726747e+01,4.640043103248072498e+01,3.736308338453881106e+01,3.982461550347975532e+01,2.264394208148910792e+00
1.802775637731994607e+01,1.204159457879229578e+01,2.408318915758459156e+01,2.088061301782110135e+01,2.954657340538831534e+01,4.560701700396551672e+01,3.668787265568828104e+01,3.894868418830089496e+01,2.367087305535973130e+00
1.843908891458577415e+01,1.303840481040529831e+01,2.302172886644267535e+01,2.088061301782110135e+01,2.973213749463701205e+01,4.686149805543992386e+01,3.573513677041127323e+01,3.894868418830089496e+01,3.910863183143605148e+00
1.843908891458577415e+01,1.400000000000000000e+01,2.308679276123039159e+01,2.061552812808830382e+01,2.973213749463701205e+01,4.675467891024383960e+01,3.605551275463989214e+01,3.962322551231790158e+01,3.869108526030309747e+00
1.843908891458577415e+01,1.400000000000000000e+01,2.308679276123039159e+01,2.061552812808830382e+01,2.973213749463701205e+01,4.675467891024383960e+01,3.605551275463989214e+01,3.962322551231790158e+01,3.869108526030309747e+00
1.964688270438849926e+01,1.303840481040529831e+01,2.308679276123039159e+01,2.061552812808830382e+01,2.973213749463701205e+01,4.675467891024383960e+01,3.605551275463989214e+01,3.962322551231790158e+01,3.817972043282209516e+00
1.964688270438849926e+01,1.204159457879229578e+01,2.319482700948640286e+01,2.184032966784155505e+01,2.879236009777593708e+01,4.601086828130936368e+01,3.605551275463989214e+01,3.962322551231790158e+01,3.794547020092003731e+00
1.964688270438849926e+01,1.303840481040529831e+01,2.319482700948640286e+01,2.158703314492290204e+01,2.879236009777593708e+01,4.601086828130936368e+01,3.605551275463989214e+01,3.962322551231790158e+01,3.794547020092003731e+00
1.868154169226940553e+01,1.303840481040529831e+01,2.319482700948640286e+01,2.061552812808830382e+01,2.879236009777593708e+01,4.601086828130936368e+01,3.605551275463989214e+01,3.962322551231790158e+01,3.817443781313387685e+00
1.868154169226940553e+01,1.200000000000000000e+01,2.319482700948640286e+01,2.184032966784155505e+01,2.879236009777593708e+01,4.601086828130936368e+01,3.605551275463989214e+01,3.962322551231790158e+01,3.817443781313387685e+00
1.964688270438849926e+01,1.204159457879229578e+01,2.319482700948640286e+01,2.184032966784155505e+01,2.879236009777593708e+01,4.601086828130936368e+01,3.605551275463989214e+01,3.962322551231790158e+01,3.794547020092003731e+00
1.964688270438849926e+01,1.216552506059643868e+01,2.209072203437452231e+01,1.964688270438849926e+01,2.941088233970548416e+01,4.742362280551750331e+01,3.605551275463989214e+01,3.962322551231790158e+01,3.773764491605104521e+00
1.868154169226940553e+01,1.300000000000000000e+01,2.220360331117451835e+01,2.137755832643194864e+01,2.846049894151541437e+01,4.669047011971500893e+01,3.605551275463989214e+01,3.962322551231790158e+01,3.772973143840987476e+00
1.868154169226940553e+01,1.300000000000000000e+01,2.220360331117451835e+01,2.137755832643194864e+01,2.846049894151541437e+01,4.669047011971500893e+01,3.605551275463989214e+01,3.962322551231790158e+01,3.772973143840987476e+00
1.868154169226940553e+01,1.300000000000000000e+01,2.209072203437452231e+01,2.039607805437113797e+01,2.941088233970548416e+01,4.675467891024383960e+01,3.605551275463989214e+01,3.889730067755344578e+01,3.797737331180107923e+00
1.835755975068581947e+01,1.004987562112088995e+01,2.334523505985750447e+01,2.137755832643194864e+01,2.863564212655270680e+01,4.527692569068708650e+01,3.716180835212409050e+01,3.889730067755344578e+01,3.702360222257059075e+00
1.910497317454279909e+01,9.055385138137417300e+00,2.308679276123039159e+01,1.902629759044044633e+01,2.884441020371191300e+01,4.252058325093859992e+01,3.848376280978771291e+01,3.889730067755344578e+01,2.761086276477428214e+00
2.657066051117284644e+01,2.262741699796952233e+01,2.118962010041709121e+01,1.676305461424021104e+01,2.968164415931165934e+01,4.177319714841084419e+01,3.891015291668743714e+01,3.962322551231790158e+01,3.456023606579984531e+00
2.647640458974745314e+01,2.483948469674844262e+01,2.102379604162863913e+01,1.964688270438849926e+01,2.968164415931165934e+01,4.031128874149274566e+01,4.118252056394800320e+01,4.140048308896890461e+01,3.456619005778693410e+00
3.140063693621516450e+01,2.617250465660480074e+01,2.376972864800942631e+01,1.902629759044044633e+01,3.041381265149109936e+01,4.036087214122112954e+01,4.081666326391709987e+01,4.188078318274384770e+01,3.481943994583138746e+00
3.100000000000000000e+01,2.830194339616981125e+01,2.451530134426252516e+01,2.100000000000000000e+01,2.915475947422650194e+01,3.982461550347975532e+01,3.944616584663204151e+01,4.219004621945797595e+01,3.583111078743799638e+00
2.906888370749726747e+01,2.607680962081059661e+01,2.451530134426252516e+01,2.000000000000000000e+01,2.954657340538831534e+01,3.969886648255841521e+01,3.894868418830089496e+01,4.188078318274384770e+01,3.601643155803055940e+00
3.100000000000000000e+01,2.692582403567251959e+01,2.433105012119287736e+01,2.102379604162863913e+01,2.954657340538831534e+01,3.969886648255841521e+01,3.944616584663204151e+01,4.134005321718877468e+01,3.612263100198409127e+00
3.106444913401813324e+01,2.915475947422650194e+01,2.433105012119287736e+01,2.002498439450078749e+01,3.008321791298264714e+01,4.045985664828781836e+01,4.031128874149274566e+01,4.304648650006176780e+01,3.638609583989516061e+00
2.973213749463701205e+01,3.238826948140329165e+01,2.308679276123039159e+01,2.102379604162863913e+01,2.879236009777593708e+01,4.110960958218893069e+01,3.935733730830885690e+01,4.188078318274384770e+01,3.916759617720540820e+00
3.178049716414140846e+01,3.551056180912940619e+01,2.402082429892862692e+01,2.209072203437452231e+01,2.692582403567251959e+01,3.905124837953326988e+01,3.847076812334268681e+01,4.049691346263317371e+01,3.929806268979860295e+00
3.138470965295043058e+01,3.337663853655727308e+01,2.408318915758459156e+01,2.220360331117451835e+01,2.751363298439520833e+01,3.982461550347975532e+01,3.847076812334268681e+01,4.134005321718877468e+01,3.919997923981908272e+00
3.008321791298264714e+01,3.140063693621516450e+01,2.400000000000000000e+01,2.334523505985750447e+01,2.529822128134703618e+01,3.860051813123756403e+01,3.891015291668743714e+01,4.219004621945797595e+01,3.886272594427111038e+00
2.973213749463701205e+01,3.140063693621516450e+01,2.402082429892862692e+01,2.220360331117451835e+01,2.751363298439520833e+01,3.920459156782531807e+01,3.758989225842500304e+01,4.134005321718877468e+01,3.889869701214654807e+00
3.008321791298264714e+01,3.140063693621516450e+01,2.300000000000000000e+01,2.319482700948640286e+01,2.596150997149434048e+01,4.000000000000000000e+01,3.801315561749642313e+01,4.134005321718877468e+01,3.855568668919453934e+00
2.915475947422650194e+01,3.140063693621516450e+01,2.400000000000000000e+01,2.236067977499789805e+01,2.751363298439520833e+01,3.920459156782531807e+01,3.758989225842500304e+01,4.134005321718877468e+01,3.903938600939009795e+00
2.973213749463701205e+01,3.041381265149109936e+01,2.402082429892862692e+01,2.236067977499789805e+01,2.624880949681337583e+01,3.920459156782531807e+01,3.801315561749642313e+01,4.134005321718877468e+01,3.889869701214654807e+00
2.879236009777593708e+01,3.041381265149109936e+01,2.400000000000000000e+01,2.236067977499789805e+01,2.624880949681337583e+01,3.920459156782531807e+01,3.801315561749642313e+01,4.134005321718877468e+01,3.889869701214654807e+00
2.973213749463701205e+01,3.041381265149109936e+01,2.302172886644267535e+01,2.220360331117451835e+01,2.596150997149434048e+01,4.000000000000000000e+01,3.801315561749642313e+01,4.134005321718877468e+01,3.858763546228028751e+00
2.912043955712207222e+01,2.961418578992169515e+01,2.400000000000000000e+01,2.220360331117451835e+01,2.596150997149434048e+01,4.000000000000000000e+01,3.801315561749642313e+01,4.134005321718877468e+01,3.825663057512690646e+00
2.816025568065744622e+01,2.942787793912432193e+01,2.400000000000000000e+01,2.220360331117451835e+01,2.596150997149434048e+01,4.000000000000000000e+01,3.801315561749642313e+01,4.134005321718877468e+01,3.843638649249864869e+00
2.941088233970548416e+01,3.059411708155671050e+01,2.300000000000000000e+01,2.209072203437452231e+01,2.596150997149434048e+01,4.000000000000000000e+01,3.801315561749642313e+01,4.134005321718877468e+01,3.825663057512690646e+00
2.789265136196270589e+01,2.942787793912432193e+01,2.400000000000000000e+01,2.209072203437452231e+01,2.596150997149434048e+01,4.000000000000000000e+01,3.801315561749642313e+01,4.134005321718877468e+01,3.827951383037911270e+00
2.816025568065744622e+01,2.844292530665578411e+01,2.300000000000000000e+01,2.220360331117451835e+01,2.596150997149434048e+01,3.940812099047606409e+01,3.801315561749642313e+01,4.219004621945797595e+01,3.827951383037911270e+00
2.816025568065744622e+01,3.041381265149109936e+01,2.400000000000000000e+01,2.209072203437452231e+01,2.596150997149434048e+01,4.000000000000000000e+01,3.801315561749642313e+01,4.134005321718877468e+01,3.843638649249864869e+00
2.816025568065744622e+01,3.041381265149109936e+01,2.400000000000000000e+01,2.209072203437452231e+01,2.596150997149434048e+01,4.000000000000000000e+01,3.801315561749642313e+01,4.134005321718877468e+01,3.843638649249864869e+00
2.886173937932362321e+01,2.961418578992169515e+01,2.400000000000000000e+01,2.209072203437452231e+01,2.596150997149434048e+01,4.000000000000000000e+01,3.801315561749642313e+01,4.134005321718877468e+01,3.809898597795088548e+00
2.816025568065744622e+01,3.041381265149109936e+01,2.400000000000000000e+01,2.209072203437452231e+01,2.596150997149434048e+01,4.000000000000000000e+01,3.801315561749642313e+01,4.134005321718877468e+01,3.843638649249864869e+00
2.789265136196270589e+01,2.961418578992169515e+01,2.400000000000000000e+01,2.109502310972898798e+01,2.692582403567251959e+01,4.060788100849390503e+01,3.801315561749642313e+01,4.134005321718877468e+01,3.830698628873658862e+00
2.282542442102665348e+01,1.140175425099137918e+01,2.451530134426252516e+01,2.209072203437452231e+01,2.846049894151541437e+01,4.022437072223753063e+01,3.635931792539568619e+01,4.188078318274384770e+01,3.450376734107106547e+00
2.061552812808830382e+01,9.000000000000000000e+00,2.256102834535695578e+01,2.100000000000000000e+01,2.773084924772409465e+01,3.920459156782531807e+01,3.858756276314947797e+01,4.104875150354758517e+01,3.409418265564688966e+00
2.163330765278393741e+01,9.486832980505138124e+00,2.280350850198275836e+01,2.102379604162863913e+01,2.785677655436823841e+01,4.060788100849390503e+01,3.894868418830089496e+01,4.188078318274384770e+01,3.387493825680057302e+00
2.102379604162863913e+01,1.200000000000000000e+01,2.517935662402834396e+01,2.236067977499789805e+01,2.912043955712207222e+01,4.201190307520000999e+01,3.982461550347975532e+01,4.304648650006176780e+01,3.597528333218081187e+00
2.247220505424423109e+01,1.431782106327635340e+01,2.517935662402834396e+01,2.121320343559642652e+01,3.224903099319419653e+01,4.640043103248072498e+01,3.996248240537617136e+01,4.294182110716777601e+01,3.505793610317790243e+00
2.284731931759172596e+01,1.360147050873544394e+01,2.570992026436488231e+01,2.319482700948640286e+01,3.401470270338990076e+01,5.103920062069938268e+01,4.022437072223753063e+01,4.294182110716777601e+01,3.359281447854063352e+00
2.416609194718914466e+01,1.300000000000000000e+01,2.668332812825266842e+01,2.334523505985750447e+01,3.801315561749642313e+01,4.964876634922563881e+01,4.036087214122112954e+01,4.205948168962618183e+01,3.270131724138629625e+00
2.563201123595259290e+01,1.612451549659709826e+01,2.549509756796392423e+01,2.109502310972898798e+01,4.044749683231336945e+01,4.623851208678756564e+01,4.060788100849390503e+01,4.825971404805461873e+01,3.116728143989297983e+00
2.308679276123039159e+01,1.868154169226940553e+01,2.507987240796890660e+01,2.061552812808830382e+01,3.962322551231790158e+01,4.810405388322277531e+01,4.220189569201838253e+01,4.716990566028302112e+01,3.315591784405675035e+00
2.236067977499789805e+01,1.529705854077835525e+01,2.501999200639360765e+01,2.088061301782110135e+01,3.785498646149540036e+01,4.775981574503821037e+01,4.140048308896890461e+01,4.617358552246078318e+01,3.297296259984755729e+00
2.137755832643194864e+01,1.503329637837290811e+01,2.501999200639360765e+01,1.992485884517127559e+01,3.785498646149540036e+01,4.846648326421053810e+01,4.161730409336962566e+01,4.310452412450461424e+01,3.348393469845022619e+00
1.603121954188139853e+01,1.562049935181330795e+01,2.184032966784155505e+01,2.236067977499789805e+01,3.471310991541956525e+01,4.341658669218482203e+01,4.220189569201838253e+01,4.801041553663121420e+01,3.678456262091562845e+00
1.252996408614166768e+01,1.746424919657297892e+01,2.147091055358388800e+01,2.475883680627989492e+01,3.492849839314595783e+01,4.159326868617084472e+01,4.049691346263317371e+01,4.901020301937138157e+01,4.028909184468115967e+00
1.303840481040529831e+01,1.788854381999831844e+01,2.325940669922601600e+01,2.624880949681337583e+01,3.478505426185217431e+01,4.341658669218482203e+01,3.944616584663204151e+01,4.704253394535630406e+01,3.972743748613788650e+00
1.341640786499873883e+01,1.746424919657297892e+01,2.282542442102665348e+01,2.549509756796392423e+01,3.640054944640259293e+01,4.554119014694280310e+01,3.944616584663204151e+01,4.704253394535630406e+01,3.957744505584636308e+00
1.341640786499873883e+01,1.655294535724684835e+01,2.193171219946130890e+01,2.617250465660480074e+01,3.324154027718932269e+01,4.517742799230607176e+01,3.996248240537617136e+01,4.801041553663121420e+01,3.873262374219643700e+00
1.341640786499873883e+01,1.655294535724684835e+01,2.193171219946130890e+01,2.617250465660480074e+01,3.361547262794321966e+01,4.527692569068708650e+01,3.996248240537617136e+01,4.704253394535630406e+01,3.862576385587198402e+00
1.341640786499873883e+01,1.655294535724684835e+01,2.282542442102665348e+01,2.483948469674844262e+01,3.511409973215887703e+01,4.554119014694280310e+01,4.081666326391709987e+01,4.704253394535630406e+01,3.957744505584636308e+00
1.341640786499873883e+01,1.700000000000000000e+01,2.193171219946130890e+01,2.545584412271571040e+01,3.324154027718932269e+01,4.517742799230607176e+01,4.081666326391709987e+01,4.804164859785725383e+01,3.862576385587198402e+00
1.341640786499873883e+01,1.700000000000000000e+01,2.193171219946130890e+01,2.545584412271571040e+01,3.324154027718932269e+01,4.527692569068708650e+01,4.081666326391709987e+01,4.704253394535630406e+01,3.862576385587198402e+00
1.341640786499873883e+01,1.700000000000000000e+01,2.193171219946130890e+01,2.545584412271571040e+01,3.324154027718932269e+01,4.527692569068708650e+01,4.081666326391709987e+01,4.704253394535630406e+01,3.862576385587198402e+00
1.341640786499873883e+01,1.655294535724684835e+01,2.193171219946130890e+01,2.617250465660480074e+01,3.324154027718932269e+01,4.527692569068708650e+01,4.081666326391709987e+01,4.704253394535630406e+01,3.862576385587198402e+00
1.341640786499873883e+01,1.655294535724684835e+01,2.193171219946130890e+01,2.617250465660480074e+01,3.324154027718932269e+01,4.527692569068708650e+01,4.081666326391709987e+01,4.704253394535630406e+01,3.862576385587198402e+00
1.341640786499873883e+01,1.655294535724684835e+01,2.193171219946130890e+01,2.617250465660480074e+01,3.324154027718932269e+01,4.527692569068708650e+01,4.081666326391709987e+01,4.704253394535630406e+01,3.862576385587198402e+00
1.341640786499873883e+01,1.655294535724684835e+01,2.193171219946130890e+01,2.617250465660480074e+01,3.324154027718932269e+01,4.527692569068708650e+01,4.081666326391709987e+01,4.704253394535630406e+01,3.862576385587198402e+00
1.341640786499873883e+01,1.655294535724684835e+01,2.193171219946130890e+01,2.617250465660480074e+01,3.324154027718932269e+01,4.527692569068708650e+01,4.081666326391709987e+01,4.704253394535630406e+01,3.862576385587198402e+00
1.300000000000000000e+01,1.655294535724684835e+01,2.193171219946130890e+01,2.545584412271571040e+01,3.324154027718932269e+01,4.517742799230607176e+01,4.081666326391709987e+01,4.804164859785725383e+01,3.858024064985759338e+00
1.341640786499873883e+01,1.700000000000000000e+01,2.193171219946130890e+01,2.545584412271571040e+01,3.361547262794321966e+01,4.517742799230607176e+01,3.996248240537617136e+01,4.804164859785725383e+01,3.862576385587198402e+00
1.341640786499873883e+01,1.700000000000000000e+01,2.193171219946130890e+01,2.545584412271571040e+01,3.324154027718932269e+01,4.527692569068708650e+01,4.081666326391709987e+01,4.704253394535630406e+01,3.862576385587198402e+00
1.431782106327635340e+01,1.700000000000000000e+01,2.193171219946130890e+01,2.617250465660480074e+01,3.324154027718932269e+01,4.517742799230607176e+01,4.081666326391709987e+01,4.804164859785725383e+01,3.824803662608832422e+00
1.341640786499873883e+01,1.615549442140351033e+01,2.193171219946130890e+01,2.690724809414741969e+01,3.324154027718932269e+01,4.428317965096906050e+01,3.996248240537617136e+01,4.704253394535630406e+01,3.873262374219643700e+00
1.315294643796590535e+01,1.476482306023340030e+01,2.247220505424423109e+01,2.408318915758459156e+01,3.201562118716424266e+01,4.119465984809195902e+01,4.070626487409523975e+01,4.609772228646443892e+01,3.776673445956106878e+00
2.596150997149434048e+01,1.655294535724684835e+01,2.302172886644267535e+01,1.902629759044044633e+01,3.101612483854164637e+01,3.883297567789519888e+01,4.346262762420145975e+01,4.011234224026316042e+01,2.986339575358223364e+00
2.692582403567251959e+01,2.140093455903269515e+01,2.570992026436488231e+01,1.902629759044044633e+01,3.201562118716424266e+01,3.905124837953326988e+01,4.295346318982905842e+01,4.104875150354758517e+01,2.979241171676978439e+00
2.879236009777593708e+01,2.051828452868319275e+01,2.376972864800942631e+01,1.802775637731994607e+01,3.306055050963308162e+01,4.002499219237900263e+01,4.254409477236529824e+01,4.104875150354758517e+01,2.830045826687105137e+00
3.361547262794321966e+01,2.778488797889960793e+01,2.247220505424423109e+01,1.615549442140351033e+01,3.405877273185280529e+01,4.052159917870962147e+01,4.295346318982905842e+01,4.104875150354758517e+01,2.676248693374742249e+00
3.312099032335839155e+01,2.731300056749532601e+01,2.236067977499789805e+01,1.565247584249852864e+01,3.501428280002319582e+01,4.016217125604640614e+01,4.295346318982905842e+01,4.004996878900157498e+01,2.597286223819811557e+00
3.401470270338990076e+01,2.906888370749726747e+01,2.102379604162863913e+01,1.612451549659709826e+01,3.501428280002319582e+01,3.984971769034255118e+01,4.295346318982905842e+01,4.104875150354758517e+01,2.619434500259319343e+00
3.310589071449369669e+01,2.817800560721074277e+01,2.102379604162863913e+01,1.612451549659709826e+01,3.505709628591620941e+01,3.984971769034255118e+01,4.204759208325727826e+01,4.104875150354758517e+01,2.622589063927796449e+00
3.269556544854363267e+01,2.865309756378880479e+01,2.102379604162863913e+01,1.612451549659709826e+01,3.405877273185280529e+01,4.016217125604640614e+01,4.248529157249600274e+01,4.004996878900157498e+01,2.647728834107823115e+00
3.269556544854363267e+01,2.865309756378880479e+01,2.102379604162863913e+01,1.612451549659709826e+01,3.505709628591620941e+01,4.016217125604640614e+01,4.204759208325727826e+01,4.004996878900157498e+01,2.647728834107823115e+00
3.269556544854363267e+01,2.865309756378880479e+01,2.193171219946130890e+01,1.565247584249852864e+01,3.501428280002319582e+01,3.921734310225515685e+01,4.204759208325727826e+01,4.004996878900157498e+01,2.684806000397192083e+00
3.269556544854363267e+01,2.865309756378880479e+01,2.193171219946130890e+01,1.565247584249852864e+01,3.405877273185280529e+01,4.016217125604640614e+01,4.159326868617084472e+01,4.001249804748510996e+01,2.684806000397192083e+00
3.310589071449369669e+01,2.817800560721074277e+01,2.102379604162863913e+01,1.612451549659709826e+01,3.505709628591620941e+01,3.984971769034255118e+01,4.204759208325727826e+01,4.104875150354758517e+01,2.622589063927796449e+00
3.220248437620923454e+01,2.817800560721074277e+01,2.236067977499789805e+01,1.565247584249852864e+01,3.501428280002319582e+01,3.889730067755344578e+01,4.204759208325727826e+01,4.104875150354758517e+01,2.659859161508969283e+00
3.087069808086626210e+01,2.729468812791236232e+01,2.236067977499789805e+01,1.523154621172781731e+01,3.401470270338990076e+01,3.827531841800927737e+01,4.159326868617084472e+01,4.004996878900157498e+01,2.701728948773384431e+00
3.061045573002793319e+01,2.284731931759172596e+01,2.282542442102665348e+01,1.612451549659709826e+01,3.501428280002319582e+01,3.921734310225515685e+01,4.114608122288196768e+01,4.001249804748510996e+01,2.548124296139381073e+00
3.178049716414140846e+01,1.603121954188139853e+01,2.193171219946130890e+01,1.838477631085023489e+01,3.413209633175202384e+01,3.700000000000000000e+01,4.428317965096906050e+01,4.104875150354758517e+01,2.082374502575033759e+00
3.324154027718932269e+01,1.726267650163206824e+01,2.059126028197400160e+01,2.147091055358388800e+01,3.535533905932737753e+01,3.577708763999663688e+01,4.356604182158393002e+01,4.200000000000000000e+01,1.953717380476269083e+00
3.337663853655727308e+01,1.878829422805593552e+01,1.964688270438849926e+01,2.118962010041709121e+01,3.764306044943742080e+01,3.301514803843835466e+01,4.161730409336962566e+01,4.119465984809195902e+01,1.913366083075148660e+00
3.306055050963308162e+01,2.408318915758459156e+01,2.308679276123039159e+01,1.923538406167134340e+01,3.911521443121588959e+01,3.124099870362661591e+01,4.327817001676480402e+01,3.785498646149540036e+01,1.916974830884076830e+00
3.811823710509183627e+01,2.690724809414741969e+01,2.507987240796890660e+01,1.811077027627483460e+01,3.920459156782531807e+01,4.079215610874227593e+01,4.522167621838005402e+01,2.469817807045693669e+01,4.082055197316165618e+00
3.701351104664349378e+01,2.545584412271571040e+01,2.501999200639360765e+01,1.897366596101027625e+01,3.860051813123756403e+01,4.177319714841084419e+01,4.390899680020029905e+01,2.624880949681337583e+01,3.977902198443561410e+00
3.501428280002319582e+01,2.624880949681337583e+01,2.408318915758459156e+01,1.676305461424021104e+01,3.827531841800927737e+01,3.748332962798262713e+01,4.143669871020131978e+01,3.324154027718932269e+01,3.772600196819562157e+00
3.512833614050059339e+01,2.500000000000000000e+01,2.319482700948640286e+01,1.802775637731994607e+01,3.577708763999663688e+01,3.710795063055894616e+01,4.244997055358224713e+01,3.661966684720110976e+01,3.677082037683031324e+00
3.157530680769388809e+01,2.284731931759172596e+01,2.236067977499789805e+01,1.931320791582796659e+01,3.488552708502481892e+01,3.544009029333869876e+01,4.148493702538308270e+01,3.720215047547655018e+01,3.565787061493559840e+00
3.067572330035593353e+01,2.280350850198275836e+01,2.213594362117865444e+01,1.835755975068581947e+01,3.605551275463989214e+01,3.956008088970496317e+01,4.177319714841084419e+01,4.022437072223753063e+01,3.412648081560794466e+00
3.138470965295043058e+01,2.404163056034261459e+01,2.088061301782110135e+01,1.835755975068581947e+01,3.522782990761707111e+01,4.123105625617660763e+01,4.318564576337836769e+01,4.188078318274384770e+01,3.387025325584037905e+00
3.132091952673165025e+01,2.284731931759172596e+01,2.236067977499789805e+01,1.972308292331602075e+01,3.661966684720110976e+01,4.143669871020131978e+01,4.200000000000000000e+01,4.219004621945797595e+01,3.395076266283751476e+00
3.178049716414140846e+01,2.282542442102665348e+01,2.334523505985750447e+01,1.886796226411320632e+01,4.000000000000000000e+01,3.765634076752546378e+01,4.119465984809195902e+01,4.482186966202993972e+01,3.467660683650328757e+00
3.298484500494128469e+01,2.418677324489564739e+01,2.408318915758459156e+01,2.109502310972898798e+01,3.969886648255841521e+01,3.931920650267500150e+01,4.101219330881975367e+01,4.404543109109047805e+01,3.486255041479360273e+00
3.257299494980465937e+01,2.247220505424423109e+01,2.433105012119287736e+01,2.302172886644267535e+01,4.186884283091664116e+01,4.401136216933077350e+01,3.931920650267500150e+01,4.390899680020029905e+01,3.301786912529191653e+00
3.228002478313794654e+01,2.154065922853801496e+01,2.236067977499789805e+01,2.195449840010014952e+01,3.883297567789519888e+01,5.015974481593781320e+01,4.176122603564220270e+01,4.176122603564220270e+01,3.240942936145835063e+00
3.228002478313794654e+01,2.416609194718914466e+01,2.517935662402834396e+01,2.163330765278393741e+01,3.966106403010387993e+01,5.024937810560444973e+01,4.341658669218482203e+01,4.143669871020131978e+01,3.228229695669690091e+00
3.046309242345563462e+01,2.647640458974745314e+01,2.531797780234432693e+01,2.195449840010014952e+01,3.920459156782531807e+01,4.609772228646443892e+01,4.177319714841084419e+01,4.070626487409523975e+01,3.176597803854494195e+00
3.264965543462901820e+01,2.729468812791236232e+01,2.668332812825266842e+01,2.360084744241189370e+01,4.036087214122112954e+01,4.404543109109047805e+01,4.019950248448355978e+01,4.272001872658765365e+01,3.183223446212184893e+00
3.590264614203248072e+01,2.692582403567251959e+01,2.807133769523639799e+01,2.302172886644267535e+01,4.177319714841084419e+01,4.500000000000000000e+01,3.832753579347360073e+01,4.167733196834941367e+01,3.384193199915580763e+00
4.101219330881975367e+01,3.047950130825634218e+01,2.828427124746190202e+01,2.308679276123039159e+01,4.341658669218482203e+01,4.410215414239988974e+01,3.832753579347360073e+01,4.167733196834941367e+01,3.631549979843521569e+00
3.889730067755344578e+01,2.505992817228333536e+01,2.973213749463701205e+01,2.531797780234432693e+01,4.837354648979129479e+01,4.464302857109942835e+01,3.785498646149540036e+01,4.204759208325727826e+01,3.697647514039599237e+00
3.716180835212409050e+01,2.823118842698620767e+01,2.968164415931165934e+01,2.402082429892862692e+01,4.332435804486893716e+01,4.401136216933077350e+01,4.123105625617660763e+01,4.244997055358224713e+01,3.683755831256243951e+00
3.605551275463989214e+01,2.906888370749726747e+01,2.662705391138869615e+01,2.319482700948640286e+01,4.560701700396551672e+01,4.518849411078001310e+01,4.123105625617660763e+01,4.197618372363071160e+01,3.635013821411855695e+00
4.031128874149274566e+01,2.973213749463701205e+01,2.555386467836127551e+01,2.236067977499789805e+01,4.609772228646443892e+01,4.750789408087881327e+01,4.254409477236529824e+01,4.242640687119285303e+01,3.640978494309139890e+00
3.624913792078371699e+01,2.600000000000000000e+01,2.523885892824792521e+01,2.334523505985750447e+01,4.491102314577123877e+01,4.664761515876240594e+01,4.272001872658765365e+01,4.328972164382672361e+01,3.606058880113269360e+00
2.778488797889960793e+01,1.769180601295413169e+01,2.418677324489564739e+01,2.353720459187963954e+01,4.657252408878007088e+01,4.788527957525151635e+01,4.031128874149274566e+01,4.229657196511320194e+01,3.575591158842594819e+00
2.000000000000000000e+01,1.200000000000000000e+01,2.640075756488817049e+01,2.700000000000000000e+01,4.805205510693585325e+01,4.802082881417187821e+01,4.167733196834941367e+01,4.328972164382672361e+01,3.318127581493916622e+00
2.000000000000000000e+01,1.004987562112088995e+01,2.507987240796890660e+01,2.701851217221259205e+01,4.972926703662542280e+01,4.924428900898052319e+01,4.118252056394800320e+01,4.440720662234903671e+01,3.365762346182460174e+00
2.059126028197400160e+01,1.104536101718726115e+01,2.376972864800942631e+01,2.801785145224380003e+01,4.850773134253961416e+01,4.876474136094643796e+01,4.118252056394800320e+01,4.428317965096906050e+01,3.345028246293653140e+00
1.860107523773827509e+01,1.081665382639196871e+01,2.469817807045693669e+01,3.014962686336266984e+01,4.785394445602159408e+01,4.664761515876240594e+01,4.031128874149274566e+01,4.318564576337836769e+01,3.259027343386314168e+00
2.024845673131658685e+01,1.081665382639196871e+01,2.308679276123039159e+01,3.006659275674581622e+01,4.767598976424086743e+01,4.664761515876240594e+01,4.167733196834941367e+01,4.418144406874904462e+01,3.286135204667806953e+00
2.059126028197400160e+01,1.140175425099137918e+01,2.435159132377184221e+01,2.906888370749726747e+01,4.964876634922563881e+01,4.770744176750625343e+01,4.167733196834941367e+01,4.418144406874904462e+01,3.239108456877339393e+00
2.147091055358388800e+01,1.204159457879229578e+01,2.469817807045693669e+01,2.701851217221259205e+01,5.080354318352215159e+01,4.909175083453430943e+01,4.219004621945797595e+01,4.517742799230607176e+01,3.265521753784110803e+00
1.920937271229854559e+01,9.055385138137417300e+00,2.416609194718914466e+01,2.601922366251537611e+01,5.162363799656122865e+01,4.882622246293480828e+01,4.134005321718877468e+01,4.509988913511872255e+01,3.293408787710274233e+00
1.910497317454279909e+01,9.219544457292887074e+00,2.416609194718914466e+01,2.600000000000000000e+01,5.147815070493500400e+01,4.801041553663121420e+01,4.167733196834941367e+01,4.418144406874904462e+01,3.321196496665451026e+00
2.267156809750926882e+01,1.118033988749894903e+01,2.662705391138869615e+01,2.716615541441224835e+01,5.147815070493500400e+01,5.000000000000000000e+01,4.243819034784588951e+01,4.504442251822083421e+01,3.436723275808831080e+00
1.910497317454279909e+01,1.200000000000000000e+01,2.523885892824792521e+01,2.745906043549196340e+01,5.215361924162119323e+01,5.032891812864647818e+01,4.022437072223753063e+01,4.201190307520000999e+01,3.346218623842806217e+00
1.984943324127920761e+01,1.100000000000000000e+01,2.607680962081059661e+01,2.729468812791236232e+01,5.208646657242167066e+01,4.891829923454003648e+01,3.966106403010387993e+01,4.201190307520000999e+01,3.340697029274686702e+00
2.662705391138869615e+01,1.486606874731850603e+01,2.692582403567251959e+01,2.617250465660480074e+01,5.217278984298232558e+01,5.215361924162119323e+01,4.167733196834941367e+01,4.410215414239988974e+01,3.501249193996267994e+00
2.745906043549196340e+01,1.500000000000000000e+01,2.523885892824792521e+01,2.517935662402834396e+01,5.295280917949490629e+01,5.325410782277739230e+01,4.219004621945797595e+01,4.404543109109047805e+01,3.536996143084411237e+00
2.662705391138869615e+01,1.421267040355189515e+01,2.523885892824792521e+01,2.517935662402834396e+01,5.393514624064719953e+01,5.382378656319155397e+01,4.219004621945797595e+01,4.404543109109047805e+01,3.526609756528346296e+00
1.769180601295413169e+01,1.140175425099137918e+01,2.555386467836127551e+01,2.807133769523639799e+01,5.000999900019994726e+01,5.131276644266999654e+01,4.188078318274384770e+01,4.404543109109047805e+01,3.354636388351643461e+00
1.697056274847713908e+01,1.264911064067351809e+01,2.594224354214569317e+01,2.801785145224380003e+01,4.883646178829911833e+01,4.964876634922563881e+01,4.161730409336962566e+01,4.404543109109047805e+01,3.250204887839334589e+00
1.920937271229854559e+01,1.315294643796590535e+01,2.729468812791236232e+01,2.601922366251537611e+01,4.780167361086847677e+01,5.060632371551997721e+01,4.188078318274384770e+01,4.418144406874904462e+01,3.344502863418670202e+00
1.984943324127920761e+01,1.360147050873544394e+01,2.952964612046680060e+01,2.308679276123039159e+01,4.237924020083418242e+01,4.753945729601885262e+01,3.996248240537617136e+01,4.318564576337836769e+01,3.421409762113036379e+00
2.640075756488817049e+01,1.486606874731850603e+01,2.915475947422650194e+01,2.088061301782110135e+01,3.883297567789519888e+01,4.494441010848846219e+01,3.935733730830885690e+01,4.001249804748510996e+01,3.668101494501819104e+00
2.780287754891568852e+01,1.612451549659709826e+01,2.941088233970548416e+01,2.088061301782110135e+01,3.569313659514949677e+01,4.176122603564220270e+01,3.891015291668743714e+01,4.004996878900157498e+01,3.762250636281919469e+00
3.330165161069342616e+01,2.451530134426252516e+01,2.973213749463701205e+01,1.969771560359220786e+01,3.106444913401813324e+01,3.785498646149540036e+01,3.769615364994152884e+01,3.700000000000000000e+01,3.901045083520966017e+00
3.280243893371345365e+01,2.630589287593181069e+01,2.831960451701259274e+01,1.860107523773827509e+01,3.001666203960726875e+01,3.929376540877699853e+01,3.733630940518894192e+01,3.306055050963308162e+01,4.007715256843770391e+00
2.941088233970548416e+01,2.807133769523639799e+01,2.505992817228333536e+01,1.780449381476485726e+01,3.201562118716424266e+01,3.832753579347360073e+01,3.511409973215887703e+01,3.436568055487916240e+01,4.068887871591405414e+00
3.130495168499705727e+01,2.828427124746190202e+01,2.473863375370596174e+01,2.059126028197400160e+01,3.313608305156178346e+01,3.794733192202055250e+01,3.605551275463989214e+01,3.337663853655727308e+01,4.269618278164585945e+00
2.863564212655270680e+01,2.961418578992169515e+01,2.707397274136176790e+01,2.059126028197400160e+01,3.298484500494128469e+01,3.623534186398687496e+01,3.443835071544512516e+01,3.132091952673165025e+01,4.148348444686535075e+00
2.789265136196270589e+01,2.846049894151541437e+01,2.617250465660480074e+01,2.184032966784155505e+01,3.324154027718932269e+01,3.605551275463989214e+01,3.413209633175202384e+01,3.178049716414140846e+01,4.213352785555152025e+00
2.901723625709381693e+01,2.607680962081059661e+01,2.563201123595259290e+01,2.418677324489564739e+01,3.264965543462901820e+01,3.522782990761707111e+01,3.689173349139343117e+01,3.420526275297414287e+01,4.112628617105252182e+00
2.915475947422650194e+01,2.641968962724581260e+01,2.376972864800942631e+01,2.220360331117451835e+01,3.087069808086626210e+01,3.613862199918530393e+01,3.765634076752546378e+01,3.354101966249684352e+01,3.675847003858673467e+00
2.692582403567251959e+01,2.823118842698620767e+01,2.256102834535695578e+01,2.022374841615668473e+01,2.942787793912432193e+01,3.423448553724738019e+01,4.101219330881975367e+01,3.417601498127012150e+01,3.413522971976241216e+00
2.469817807045693669e+01,2.863564212655270680e+01,2.121320343559642652e+01,2.009975124224177989e+01,2.816025568065744622e+01,3.224903099319419653e+01,3.905124837953326988e+01,3.162277660168379256e+01,3.301375856000400066e+00
2.624880949681337583e+01,2.941088233970548416e+01,2.137755832643194864e+01,2.002498439450078749e+01,2.807133769523639799e+01,3.140063693621516450e+01,3.911521443121588959e+01,3.162277660168379256e+01,3.379428581047243974e+00
2.692582403567251959e+01,2.879236009777593708e+01,2.158703314492290204e+01,2.102379604162863913e+01,2.801785145224380003e+01,3.140063693621516450e+01,3.805259518088089266e+01,3.201562118716424266e+01,3.389791917497895657e+00
2.601922366251537611e+01,2.640075756488817049e+01,2.308679276123039159e+01,2.202271554554523902e+01,2.800000000000000000e+01,3.041381265149109936e+01,3.805259518088089266e+01,3.201562118716424266e+01,3.503649459655524545e+00
2.404163056034261459e+01,2.408318915758459156e+01,2.302172886644267535e+01,2.088061301782110135e+01,2.801785145224380003e+01,3.006659275674581622e+01,3.705401462729781059e+01,3.255764119219941222e+01,3.695900149791344624e+00
2.154065922853801496e+01,2.280350850198275836e+01,2.220360331117451835e+01,2.061552812808830382e+01,3.125699921617556853e+01,2.844292530665578411e+01,3.622154055254966920e+01,3.026549190084311292e+01,3.588010020421438462e+00
2.247220505424423109e+01,2.404163056034261459e+01,2.051828452868319275e+01,2.267156809750926882e+01,3.383784863137726262e+01,2.954657340538831534e+01,4.100000000000000000e+01,2.906888370749726747e+01,3.698456720303179956e+00
2.121320343559642652e+01,2.247220505424423109e+01,2.024845673131658685e+01,2.061552812808830382e+01,3.891015291668743714e+01,3.182766092567909766e+01,3.939543120718441571e+01,2.816025568065744622e+01,2.660617523091600045e+00
2.267156809750926882e+01,2.332380757938120297e+01,2.012461179749810825e+01,2.385372088375312671e+01,4.070626487409523975e+01,3.201562118716424266e+01,3.944616584663204151e+01,3.140063693621516450e+01,2.642043223731137758e+00
1.979898987322333070e+01,2.385372088375312671e+01,1.969771560359220786e+01,2.247220505424423109e+01,4.393176527297759293e+01,3.443835071544512516e+01,3.676955262170046979e+01,3.328663395418647752e+01,3.007048407652320066e+00
1.910497317454279909e+01,2.505992817228333536e+01,1.772004514666934938e+01,2.193171219946130890e+01,3.935733730830885690e+01,3.640054944640259293e+01,4.110960958218893069e+01,3.883297567789519888e+01,3.257387299220696697e+00
2.126029162546929996e+01,2.594224354214569317e+01,1.676305461424021104e+01,2.284731931759172596e+01,3.891015291668743714e+01,3.667424164178449786e+01,4.002499219237900263e+01,3.858756276314947797e+01,3.302095417619379081e+00
2.193171219946130890e+01,2.469817807045693669e+01,1.726267650163206824e+01,2.376972864800942631e+01,3.894868418830089496e+01,3.847076812334268681e+01,3.920459156782531807e+01,4.118252056394800320e+01,3.233055366565391608e+00
1.802775637731994607e+01,1.711724276862369010e+01,1.824828759089465890e+01,2.308679276123039159e+01,4.248529157249600274e+01,3.801315561749642313e+01,3.920459156782531807e+01,4.031128874149274566e+01,2.836451867247032244e+00
1.711724276862369010e+01,1.603121954188139853e+01,1.964688270438849926e+01,2.302172886644267535e+01,4.494441010848846219e+01,3.505709628591620941e+01,4.019950248448355978e+01,4.167733196834941367e+01,2.824884073274586349e+00
1.711724276862369010e+01,1.603121954188139853e+01,1.868154169226940553e+01,2.300000000000000000e+01,4.808326112068522917e+01,3.517101079013794873e+01,3.800000000000000000e+01,4.114608122288196768e+01,2.923842613958476555e+00
1.726267650163206824e+01,1.711724276862369010e+01,1.838477631085023489e+01,2.220360331117451835e+01,4.805205510693585325e+01,3.492849839314595783e+01,3.931920650267500150e+01,4.162931659299729859e+01,2.913963178225614126e+00
1.523154621172781731e+01,1.627882059609970611e+01,1.886796226411320632e+01,2.184032966784155505e+01,4.785394445602159408e+01,3.623534186398687496e+01,4.002499219237900263e+01,4.215447781671598193e+01,2.827757501161884512e+00
1.523154621172781731e+01,1.649242250247064234e+01,1.860107523773827509e+01,2.213594362117865444e+01,5.048762224545735222e+01,3.911521443121588959e+01,3.956008088970496317e+01,4.176122603564220270e+01,2.851562527346954479e+00
1.523154621172781731e+01,1.802775637731994607e+01,2.012461179749810825e+01,2.280350850198275836e+01,4.916299421312741913e+01,4.049691346263317371e+01,3.939543120718441571e+01,4.341658669218482203e+01,3.070824951256581947e+00
1.456021977856103611e+01,1.802775637731994607e+01,2.061552812808830382e+01,2.319482700948640286e+01,4.600000000000000000e+01,4.420407221060068537e+01,4.022437072223753063e+01,4.204759208325727826e+01,3.293905998124927237e+00
1.334166406412633421e+01,1.902629759044044633e+01,2.059126028197400160e+01,2.433105012119287736e+01,4.604345773288535071e+01,4.763402145525821396e+01,4.060788100849390503e+01,4.110960958218893069e+01,3.272890785546230141e+00
1.400000000000000000e+01,1.772004514666934938e+01,1.964688270438849926e+01,2.408318915758459156e+01,4.504442251822083421e+01,4.720169488482378739e+01,4.220189569201838253e+01,4.204759208325727826e+01,3.451980060722144472e+00
1.552417469626002422e+01,2.184032966784155505e+01,2.061552812808830382e+01,2.617250465660480074e+01,4.617358552246078318e+01,4.981967482832460092e+01,4.220189569201838253e+01,4.001249804748510996e+01,3.526232458593759667e+00
1.403566884761819900e+01,2.280350850198275836e+01,2.308679276123039159e+01,2.701851217221259205e+01,5.048762224545735222e+01,5.403702434442518410e+01,4.022437072223753063e+01,3.905124837953326988e+01,3.471149831537235997e+00
1.315294643796590535e+01,2.102379604162863913e+01,2.256102834535695578e+01,2.745906043549196340e+01,5.035871324805668792e+01,5.326349594234309848e+01,4.104875150354758517e+01,3.901281840626231912e+01,3.567623606719823037e+00
1.486606874731850603e+01,2.607680962081059661e+01,2.022374841615668473e+01,2.912043955712207222e+01,4.949747468305832854e+01,5.280151512977634098e+01,4.049691346263317371e+01,3.901281840626231912e+01,3.752077159574905174e+00
1.486606874731850603e+01,2.500000000000000000e+01,2.009975124224177989e+01,2.973213749463701205e+01,4.767598976424086743e+01,5.243090691567331874e+01,4.049691346263317371e+01,3.901281840626231912e+01,3.756692310544517355e+00
1.486606874731850603e+01,2.441311123146740414e+01,2.202271554554523902e+01,2.863564212655270680e+01,4.827007354458868349e+01,5.353503525729669121e+01,4.081666326391709987e+01,3.901281840626231912e+01,3.758859052630764808e+00
1.562049935181330795e+01,2.469817807045693669e+01,2.202271554554523902e+01,2.823118842698620767e+01,4.972926703662542280e+01,5.522680508593630577e+01,4.118252056394800320e+01,3.905124837953326988e+01,3.702095961359975540e+00
1.640121946685672683e+01,2.505992817228333536e+01,2.202271554554523902e+01,2.785677655436823841e+01,5.124451190127582834e+01,5.714017850864661341e+01,4.031128874149274566e+01,3.805259518088089266e+01,3.672907876198284516e+00
1.780449381476485726e+01,2.600000000000000000e+01,2.319482700948640286e+01,2.879236009777593708e+01,5.096076922496362727e+01,5.547071299343465256e+01,3.996248240537617136e+01,3.905124837953326988e+01,3.647667616886134390e+00
1.345362404707370985e+01,2.500000000000000000e+01,2.121320343559642652e+01,2.973213749463701205e+01,4.972926703662542280e+01,5.491812087098392681e+01,4.081666326391709987e+01,3.905124837953326988e+01,3.695679155319803844e+00
1.360147050873544394e+01,2.343074902771996193e+01,2.109502310972898798e+01,3.008321791298264714e+01,4.972926703662542280e+01,5.491812087098392681e+01,4.031128874149274566e+01,3.805259518088089266e+01,3.676306821574720107e+00
1.280624847486569706e+01,2.483948469674844262e+01,2.209072203437452231e+01,3.008321791298264714e+01,4.972926703662542280e+01,5.491812087098392681e+01,4.081666326391709987e+01,3.905124837953326988e+01,3.724080607158364309e+00
1.360147050873544394e+01,2.385372088375312671e+01,2.220360331117451835e+01,2.879236009777593708e+01,4.972926703662542280e+01,5.491812087098392681e+01,3.996248240537617136e+01,3.901281840626231912e+01,3.677792769617374002e+00
1.303840481040529831e+01,2.302172886644267535e+01,2.209072203437452231e+01,2.785677655436823841e+01,5.069516742254630515e+01,5.630275304103698630e+01,4.081666326391709987e+01,3.901281840626231912e+01,3.689896018999136551e+00
1.720465053408525335e+01,2.416609194718914466e+01,2.121320343559642652e+01,2.846049894151541437e+01,4.827007354458868349e+01,5.269724850502159086e+01,4.049691346263317371e+01,4.001249804748510996e+01,3.632882989233324089e+00
2.118962010041709121e+01,2.600000000000000000e+01,1.964688270438849926e+01,2.500000000000000000e+01,4.539823785126466760e+01,4.687216658103186262e+01,3.966106403010387993e+01,4.100000000000000000e+01,3.419450204258036585e+00
2.402082429892862692e+01,2.640075756488817049e+01,2.012461179749810825e+01,2.308679276123039159e+01,4.726520919238589613e+01,4.841487374764081864e+01,4.220189569201838253e+01,4.201190307520000999e+01,3.120865119039903490e+00
2.433105012119287736e+01,2.884441020371191300e+01,2.000000000000000000e+01,2.332380757938120297e+01,4.925444142409900650e+01,5.024937810560444973e+01,4.280186911806539030e+01,4.104875150354758517e+01,2.983823915993839115e+00
2.692582403567251959e+01,2.842534080710379030e+01,2.000000000000000000e+01,2.385372088375312671e+01,5.315072906367324634e+01,5.448853090330111115e+01,4.393176527297759293e+01,4.200000000000000000e+01,2.950281984864923324e+00
2.973213749463701205e+01,2.831960451701259274e+01,2.126029162546929996e+01,2.469817807045693669e+01,5.403702434442518410e+01,5.531726674375732244e+01,4.327817001676480402e+01,4.001249804748510996e+01,2.880070674894145366e+00
2.973213749463701205e+01,2.983286778035259701e+01,2.126029162546929996e+01,2.580697580112788003e+01,5.400925846556310717e+01,5.608029957123981291e+01,4.393176527297759293e+01,4.004996878900157498e+01,2.843464779500498807e+00
2.973213749463701205e+01,2.906888370749726747e+01,2.126029162546929996e+01,2.662705391138869615e+01,5.300000000000000000e+01,5.544366510251644797e+01,4.459820624195551630e+01,4.004996878900157498e+01,2.853825162761861378e+00
3.231098884280702066e+01,3.023243291566194912e+01,2.051828452868319275e+01,2.500000000000000000e+01,5.300000000000000000e+01,5.467174773134657784e+01,4.459820624195551630e+01,4.104875150354758517e+01,2.807580490808026852e+00
3.492849839314595783e+01,3.312099032335839155e+01,2.193171219946130890e+01,2.420743687382040932e+01,5.100980297942739838e+01,5.249761899362675166e+01,4.318564576337836769e+01,4.011234224026316042e+01,2.792738684830708973e+00
3.623534186398687496e+01,3.443835071544512516e+01,2.360084744241189370e+01,2.690724809414741969e+01,5.008991914547277702e+01,5.000000000000000000e+01,4.244997055358224713e+01,3.905124837953326988e+01,2.742220590455757723e+00
3.498571136907180090e+01,3.289376840679705083e+01,2.282542442102665348e+01,2.617250465660480074e+01,5.048762224545735222e+01,4.770744176750625343e+01,4.386342439892261780e+01,4.210700654285459876e+01,2.729035725017477709e+00
3.744329045369811126e+01,3.289376840679705083e+01,2.195449840010014952e+01,2.831960451701259274e+01,5.021951811795887721e+01,4.614108798023730884e+01,4.468780594300866227e+01,4.328972164382672361e+01,2.730636660259424531e+00
3.689173349139343117e+01,3.710795063055894616e+01,2.284731931759172596e+01,2.561249694973139412e+01,4.808326112068522917e+01,4.341658669218482203e+01,4.341658669218482203e+01,4.275511665286389729e+01,2.772035530672225079e+00
3.894868418830089496e+01,3.668787265568828104e+01,2.059126028197400160e+01,2.624880949681337583e+01,4.494441010848846219e+01,4.382921400162225467e+01,4.687216658103186262e+01,4.317406628984580408e+01,2.847378288322390816e+00
3.623534186398687496e+01,3.584689665786984136e+01,2.061552812808830382e+01,2.343074902771996193e+01,4.664761515876240594e+01,4.244997055358224713e+01,4.701063709417263681e+01,4.176122603564220270e+01,3.070796473545576610e+00
3.584689665786984136e+01,3.492849839314595783e+01,1.910497317454279909e+01,2.302172886644267535e+01,4.360045871318327926e+01,4.100000000000000000e+01,4.741307836451878899e+01,3.921734310225515685e+01,3.082836830874070344e+00
3.720215047547655018e+01,3.573513677041127323e+01,1.886796226411320632e+01,2.594224354214569317e+01,4.110960958218893069e+01,3.807886552931954327e+01,4.565084884205330695e+01,3.676955262170046979e+01,2.956716727087599139e+00
3.538361202590826338e+01,3.413209633175202384e+01,1.897366596101027625e+01,2.435159132377184221e+01,4.031128874149274566e+01,3.569313659514949677e+01,4.606517122512408235e+01,3.716180835212409050e+01,2.812600104055618999e+00
3.394112549695427816e+01,3.324154027718932269e+01,2.088061301782110135e+01,2.459674775249768786e+01,4.177319714841084419e+01,3.962322551231790158e+01,4.606517122512408235e+01,3.584689665786984136e+01,2.850191563211690315e+00
2.941088233970548416e+01,3.087069808086626210e+01,2.195449840010014952e+01,2.420743687382040932e+01,4.420407221060068537e+01,4.079215610874227593e+01,4.606517122512408235e+01,3.862641583165593318e+01,3.081736877444778866e+00
1.941648783894759944e+01,2.247220505424423109e+01,1.838477631085023489e+01,2.404163056034261459e+01,4.472135954999579610e+01,4.118252056394800320e+01,4.465422712353221613e+01,4.365775990588614519e+01,3.145605115337630764e+00
1.414213562373095101e+01,1.772004514666934938e+01,2.126029162546929996e+01,2.469817807045693669e+01,3.982461550347975532e+01,3.801315561749642313e+01,4.548626166217663780e+01,4.494441010848846219e+01,3.212234536458872913e+00
1.360147050873544394e+01,1.456021977856103611e+01,2.202271554554523902e+01,2.370653918225939449e+01,4.159326868617084472e+01,3.883297567789519888e+01,4.410215414239988974e+01,4.531004303683676682e+01,3.193556555086226822e+00
1.442220510185595650e+01,1.615549442140351033e+01,2.360084744241189370e+01,2.469817807045693669e+01,4.114608122288196768e+01,4.049691346263317371e+01,4.527692569068708650e+01,4.531004303683676682e+01,3.149836889695268649e+00
1.612451549659709826e+01,1.204159457879229578e+01,2.563201123595259290e+01,2.408318915758459156e+01,4.248529157249600274e+01,4.294182110716777601e+01,4.565084884205330695e+01,4.346262762420145975e+01,2.840155331887685541e+00
1.612451549659709826e+01,1.345362404707370985e+01,2.657066051117284644e+01,2.475883680627989492e+01,4.429446918070020445e+01,4.531004303683676682e+01,4.651881339845203200e+01,4.295346318982905842e+01,2.900263609295374856e+00
1.627882059609970611e+01,1.581138830084189628e+01,2.692582403567251959e+01,2.408318915758459156e+01,5.011985634456667071e+01,5.069516742254630515e+01,4.438468204234429493e+01,4.118252056394800320e+01,2.922839941591067969e+00
1.649242250247064234e+01,1.500000000000000000e+01,2.563201123595259290e+01,2.262741699796952233e+01,5.682429058070148642e+01,5.770615218501403376e+01,4.205948168962618183e+01,4.022437072223753063e+01,3.050932766389048201e+00
1.772004514666934938e+01,1.562049935181330795e+01,2.657066051117284644e+01,2.545584412271571040e+01,5.333854141237834767e+01,5.869412236331675814e+01,4.317406628984580408e+01,3.969886648255841521e+01,3.071821364563714241e+00
1.615549442140351033e+01,1.486606874731850603e+01,2.507987240796890660e+01,2.483948469674844262e+01,4.802082881417187821e+01,5.742821606144492108e+01,4.440720662234903671e+01,3.820994634908559817e+01,3.190771717357134385e+00
1.581138830084189628e+01,1.421267040355189515e+01,2.507987240796890660e+01,2.483948469674844262e+01,5.197114584074513033e+01,6.053098380168622583e+01,4.373785545725807822e+01,3.820994634908559817e+01,3.166646141840043782e+00
1.627882059609970611e+01,1.486606874731850603e+01,2.692582403567251959e+01,2.475883680627989492e+01,5.730619512757760958e+01,5.854912467321778990e+01,4.143669871020131978e+01,3.801315561749642313e+01,3.086524163368097984e+00
1.649242250247064234e+01,1.640121946685672683e+01,2.720294101747088789e+01,2.475883680627989492e+01,5.770615218501403376e+01,5.491812087098392681e+01,4.016217125604640614e+01,4.243819034784588951e+01,3.037015104843503455e+00
2.102379604162863913e+01,2.024845673131658685e+01,2.692582403567251959e+01,2.483948469674844262e+01,6.352952069707436067e+01,6.029925372672533967e+01,3.700000000000000000e+01,3.920459156782531807e+01,3.006576696855439046e+00
2.505992817228333536e+01,2.334523505985750447e+01,2.745906043549196340e+01,2.640075756488817049e+01,6.618912297349164930e+01,6.412487816752559411e+01,3.640054944640259293e+01,3.841874542459709119e+01,2.940167952074141056e+00
2.236067977499789805e+01,1.992485884517127559e+01,2.668332812825266842e+01,2.624880949681337583e+01,6.800000000000000000e+01,6.606814663663571707e+01,3.544009029333869876e+01,3.753664875824691904e+01,3.000605792909035507e+00
2.416609194718914466e+01,1.923538406167134340e+01,2.570992026436488231e+01,2.483948469674844262e+01,6.935416353759880792e+01,6.603029607687670932e+01,3.324154027718932269e+01,3.748332962798262713e+01,2.965368901921836553e+00
2.280350850198275836e+01,1.910497317454279909e+01,2.729468812791236232e+01,2.441311123146740414e+01,6.879680225126746507e+01,6.400781202322103525e+01,3.228002478313794654e+01,3.679673898594819548e+01,2.947048956499900285e+00
2.213594362117865444e+01,2.109502310972898798e+01,2.906888370749726747e+01,2.580697580112788003e+01,6.312685640834651934e+01,6.419501538281613762e+01,3.962322551231790158e+01,3.701351104664349378e+01,3.028524818747188263e+00
2.418677324489564739e+01,2.433105012119287736e+01,2.816025568065744622e+01,2.720294101747088789e+01,6.543699259593154238e+01,6.627216610312356693e+01,3.847076812334268681e+01,3.701351104664349378e+01,3.093419927739629038e+00
2.549509756796392423e+01,2.319482700948640286e+01,3.041381265149109936e+01,2.765863337187866122e+01,6.543699259593154238e+01,6.618912297349164930e+01,3.807886552931954327e+01,3.482814953453599571e+01,3.076674443894837019e+00
2.080865204668481283e+01,1.972308292331602075e+01,2.668332812825266842e+01,2.969848480983499428e+01,6.280127387243032899e+01,6.603029607687670932e+01,3.748332962798262713e+01,3.661966684720110976e+01,3.212278409143145552e+00
1.315294643796590535e+01,1.486606874731850603e+01,2.941088233970548416e+01,3.080584360149872580e+01,5.981638571495272316e+01,6.100000000000000000e+01,3.700000000000000000e+01,3.264965543462901820e+01,3.304967159757327799e+00
1.300000000000000000e+01,1.431782106327635340e+01,3.067572330035593353e+01,3.106444913401813324e+01,5.544366510251644797e+01,5.800862004909270553e+01,3.640054944640259293e+01,3.280243893371345365e+01,3.348679105855079108e+00
1.860107523773827509e+01,2.061552812808830382e+01,3.132091952673165025e+01,3.140063693621516450e+01,5.640035460881429685e+01,6.000833275470998984e+01,3.736308338453881106e+01,3.264965543462901820e+01,3.284338090004716992e+00
1.749285568453590045e+01,1.843908891458577415e+01,3.008321791298264714e+01,3.061045573002793319e+01,5.920304046246273799e+01,6.200806399170998162e+01,3.832753579347360073e+01,3.330165161069342616e+01,3.259595513947141754e+00
1.860107523773827509e+01,1.920937271229854559e+01,2.941088233970548416e+01,3.000000000000000000e+01,6.021627686929839030e+01,6.300793600809345918e+01,3.710795063055894616e+01,3.330165161069342616e+01,3.285787998570930846e+00
1.360147050873544394e+01,1.456021977856103611e+01,2.823118842698620767e+01,3.052867504494749440e+01,5.800862004909270553e+01,5.821511831131153514e+01,3.640054944640259293e+01,3.764306044943742080e+01,3.359754928336681878e+00
1.303840481040529831e+01,1.403566884761819900e+01,2.863564212655270680e+01,2.830194339616981125e+01,5.360037313302958495e+01,5.458937625582472464e+01,3.573513677041127323e+01,3.701351104664349378e+01,3.367866015617428488e+00
1.315294643796590535e+01,1.403566884761819900e+01,2.954657340538831534e+01,2.830194339616981125e+01,5.280151512977634098e+01,5.458937625582472464e+01,3.573513677041127323e+01,3.640054944640259293e+01,3.371203044387429237e+00
1.303840481040529831e+01,1.431782106327635340e+01,2.954657340538831534e+01,2.915475947422650194e+01,5.500000000000000000e+01,5.544366510251644797e+01,3.605551275463989214e+01,3.623534186398687496e+01,3.368888272591388677e+00
1.300000000000000000e+01,1.655294535724684835e+01,2.879236009777593708e+01,3.023243291566194912e+01,5.603570290448760005e+01,5.742821606144492108e+01,3.544009029333869876e+01,3.701351104664349378e+01,3.347540054499742901e+00
1.920937271229854559e+01,2.202271554554523902e+01,2.879236009777593708e+01,2.906888370749726747e+01,5.852349955359812839e+01,6.040695324215582218e+01,3.640054944640259293e+01,3.764306044943742080e+01,3.270234477940158424e+00
1.972308292331602075e+01,2.154065922853801496e+01,2.942787793912432193e+01,2.758622844826744469e+01,5.852349955359812839e+01,6.129437168288782090e+01,3.710795063055894616e+01,3.764306044943742080e+01,3.107353741916944134e+00
2.193171219946130890e+01,2.039607805437113797e+01,2.828427124746190202e+01,2.624880949681337583e+01,6.046486583132389825e+01,6.212889826803626647e+01,3.687817782917154830e+01,3.841874542459709119e+01,3.027032537243453447e+00
2.247220505424423109e+01,2.137755832643194864e+01,2.927456233660889495e+01,2.640075756488817049e+01,6.161168720299745161e+01,6.300793600809345918e+01,3.785498646149540036e+01,3.764306044943742080e+01,3.022270446601186933e+00
2.118962010041709121e+01,2.022374841615668473e+01,2.915475947422650194e+01,2.561249694973139412e+01,6.220128616033594682e+01,6.400781202322103525e+01,3.905124837953326988e+01,3.764306044943742080e+01,3.008465954198588754e+00
1.992485884517127559e+01,1.964688270438849926e+01,2.915475947422650194e+01,2.640075756488817049e+01,6.220128616033594682e+01,6.400781202322103525e+01,3.905124837953326988e+01,3.764306044943742080e+01,3.020867407167553420e+00
2.118962010041709121e+01,2.121320343559642652e+01,2.915475947422650194e+01,2.500000000000000000e+01,6.220128616033594682e+01,6.400781202322103525e+01,3.905124837953326988e+01,3.764306044943742080e+01,3.008465954198588754e+00
2.118962010041709121e+01,2.039607805437113797e+01,2.915475947422650194e+01,2.640075756488817049e+01,6.220128616033594682e+01,6.400781202322103525e+01,3.905124837953326988e+01,3.764306044943742080e+01,3.008465954198588754e+00
2.024845673131658685e+01,2.061552812808830382e+01,2.915475947422650194e+01,2.640075756488817049e+01,6.161168720299745161e+01,6.400781202322103525e+01,3.883297567789519888e+01,3.764306044943742080e+01,3.031421105034340702e+00
2.024845673131658685e+01,2.061552812808830382e+01,2.915475947422650194e+01,2.640075756488817049e+01,6.161168720299745161e+01,6.400781202322103525e+01,3.883297567789519888e+01,3.764306044943742080e+01,3.031421105034340702e+00
2.024845673131658685e+01,1.964688270438849926e+01,2.915475947422650194e+01,2.701851217221259205e+01,6.220128616033594682e+01,6.400781202322103525e+01,3.905124837953326988e+01,3.764306044943742080e+01,3.031421105034340702e+00
2.024845673131658685e+01,1.964688270438849926e+01,2.915475947422650194e+01,2.701851217221259205e+01,6.220128616033594682e+01,6.400781202322103525e+01,3.905124837953326988e+01,3.764306044943742080e+01,3.031421105034340702e+00
2.024845673131658685e+01,1.941648783894759944e+01,2.915475947422650194e+01,2.624880949681337583e+01,6.220128616033594682e+01,6.400781202322103525e+01,3.883297567789519888e+01,3.841874542459709119e+01,3.041705922375668170e+00
1.931320791582796659e+01,1.964688270438849926e+01,2.915475947422650194e+01,2.624880949681337583e+01,6.220128616033594682e+01,6.400781202322103525e+01,3.905124837953326988e+01,3.764306044943742080e+01,3.054854314913808100e+00
1.931320791582796659e+01,1.964688270438849926e+01,2.915475947422650194e+01,2.624880949681337583e+01,6.220128616033594682e+01,6.400781202322103525e+01,3.905124837953326988e+01,3.764306044943742080e+01,3.054854314913808100e+00
1.992485884517127559e+01,1.868154169226940553e+01,2.927456233660889495e+01,2.624880949681337583e+01,6.220128616033594682e+01,6.400781202322103525e+01,3.981205847478876336e+01,3.905124837953326988e+01,3.051694767765567029e+00
1.992485884517127559e+01,1.868154169226940553e+01,2.927456233660889495e+01,2.624880949681337583e+01,6.220128616033594682e+01,6.400781202322103525e+01,3.883297567789519888e+01,3.841874542459709119e+01,3.055038465669813519e+00
2.193171219946130890e+01,2.137755832643194864e+01,2.816025568065744622e+01,2.640075756488817049e+01,6.161168720299745161e+01,6.403124237432848531e+01,3.883297567789519888e+01,3.841874542459709119e+01,3.018952923227061547e+00
2.061552812808830382e+01,2.061552812808830382e+01,2.816025568065744622e+01,2.640075756488817049e+01,6.161168720299745161e+01,6.403124237432848531e+01,3.981205847478876336e+01,3.905124837953326988e+01,3.028171348600801505e+00
2.154065922853801496e+01,2.039607805437113797e+01,2.816025568065744622e+01,2.640075756488817049e+01,6.161168720299745161e+01,6.403124237432848531e+01,3.981205847478876336e+01,3.905124837953326988e+01,3.005216197765049557e+00
2.325940669922601600e+01,2.236067977499789805e+01,2.828427124746190202e+01,2.640075756488817049e+01,6.080296045424104534e+01,6.303173803727769808e+01,3.981205847478876336e+01,3.905124837953326988e+01,3.028982085480534714e+00
2.193171219946130890e+01,2.137755832643194864e+01,2.915475947422650194e+01,2.701851217221259205e+01,6.080296045424104534e+01,6.303173803727769808e+01,3.981205847478876336e+01,3.905124837953326988e+01,3.028982085480534714e+00
2.459674775249768786e+01,2.308679276123039159e+01,2.828427124746190202e+01,2.561249694973139412e+01,6.080296045424104534e+01,6.303173803727769808e+01,3.981205847478876336e+01,3.905124837953326988e+01,3.017237659043031872e+00
2.370653918225939449e+01,2.319482700948640286e+01,2.828427124746190202e+01,2.561249694973139412e+01,6.080296045424104534e+01,6.303173803727769808e+01,3.981205847478876336e+01,3.905124837953326988e+01,3.038580887223705229e+00
2.193171219946130890e+01,2.158703314492290204e+01,2.828427124746190202e+01,2.640075756488817049e+01,6.161168720299745161e+01,6.403124237432848531e+01,4.002499219237900263e+01,3.828837943815329226e+01,3.027989932834132869e+00
1.315294643796590535e+01,1.746424919657297892e+01,2.846049894151541437e+01,2.973213749463701205e+01,5.521775076911409030e+01,5.821511831131153514e+01,4.079215610874227593e+01,3.962322551231790158e+01,3.279715728408777231e+00
1.431782106327635340e+01,1.431782106327635340e+01,2.683281572999747766e+01,2.884441020371191300e+01,5.140038910358558866e+01,5.544366510251644797e+01,4.079215610874227593e+01,3.969886648255841521e+01,3.344321955013747960e+00
1.403566884761819900e+01,1.513274595042155646e+01,2.683281572999747766e+01,2.860069929215018192e+01,4.860041152089146976e+01,5.458937625582472464e+01,4.044749683231336945e+01,3.982461550347975532e+01,3.345070632253010157e+00
1.360147050873544394e+01,1.627882059609970611e+01,2.505992817228333536e+01,2.860069929215018192e+01,4.860041152089146976e+01,5.557877292636101174e+01,4.341658669218482203e+01,4.110960958218893069e+01,3.376611050658849589e+00
1.486606874731850603e+01,1.992485884517127559e+01,2.385372088375312671e+01,2.941088233970548416e+01,4.940647730814249883e+01,5.656854249492380404e+01,4.242640687119285303e+01,4.045985664828781836e+01,3.481621804455861557e+00
1.720465053408525335e+01,2.282542442102665348e+01,2.280350850198275836e+01,2.640075756488817049e+01,4.801041553663121420e+01,5.474486277268398027e+01,4.328972164382672361e+01,4.252058325093859992e+01,3.539408635226799049e+00
2.140093455903269515e+01,2.343074902771996193e+01,2.418677324489564739e+01,2.561249694973139412e+01,4.669047011971500893e+01,5.024937810560444973e+01,4.328972164382672361e+01,4.186884283091664116e+01,3.332833584200176613e+00
2.102379604162863913e+01,1.726267650163206824e+01,2.433105012119287736e+01,2.154065922853801496e+01,4.201190307520000999e+01,4.491102314577123877e+01,4.356604182158393002e+01,4.301162633521313694e+01,2.904773966021908738e+00
2.408318915758459156e+01,1.802775637731994607e+01,2.319482700948640286e+01,2.022374841615668473e+01,3.894868418830089496e+01,4.301162633521313694e+01,4.609772228646443892e+01,3.883297567789519888e+01,2.801210714947886427e+00
3.088689042296100240e+01,2.282542442102665348e+01,2.247220505424423109e+01,1.581138830084189628e+01,3.478505426185217431e+01,4.200000000000000000e+01,4.801041553663121420e+01,3.623534186398687496e+01,2.237543205642288591e+00
3.264965543462901820e+01,2.641968962724581260e+01,2.284731931759172596e+01,1.655294535724684835e+01,3.544009029333869876e+01,4.210700654285459876e+01,4.804164859785725383e+01,3.667424164178449786e+01,2.282891939042455576e+00
3.190611226708763226e+01,2.549509756796392423e+01,2.418677324489564739e+01,1.746424919657297892e+01,3.613862199918530393e+01,4.011234224026316042e+01,4.709564735726646489e+01,3.848376280978771291e+01,2.269202186199630322e+00
3.361547262794321966e+01,2.640075756488817049e+01,2.325940669922601600e+01,1.655294535724684835e+01,3.590264614203248072e+01,4.119465984809195902e+01,4.816637831516918311e+01,3.807886552931954327e+01,2.281328053520723209e+00
3.275667870831839679e+01,2.549509756796392423e+01,2.325940669922601600e+01,1.655294535724684835e+01,3.590264614203248072e+01,4.019950248448355978e+01,4.816637831516918311e+01,3.848376280978771291e+01,2.283998274143703711e+00
3.244996147917590434e+01,2.370653918225939449e+01,2.416609194718914466e+01,1.746424919657297892e+01,3.590264614203248072e+01,4.019950248448355978e+01,4.716990566028302112e+01,3.807886552931954327e+01,2.295287421415736162e+00
3.080584360149872580e+01,2.109502310972898798e+01,2.376972864800942631e+01,1.746424919657297892e+01,3.590264614203248072e+01,3.920459156782531807e+01,4.617358552246078318e+01,3.807886552931954327e+01,2.313390111600989840e+00
2.483948469674844262e+01,1.345362404707370985e+01,2.308679276123039159e+01,1.746424919657297892e+01,3.687817782917154830e+01,4.019950248448355978e+01,4.716990566028302112e+01,3.900000000000000000e+01,2.426391461264215454e+00
2.641968962724581260e+01,1.702938636592640265e+01,2.256102834535695578e+01,1.746424919657297892e+01,3.687817782917154830e+01,4.019950248448355978e+01,4.726520919238589613e+01,3.992492955535426091e+01,2.522380272558947034e+00
2.906888370749726747e+01,1.838477631085023489e+01,2.353720459187963954e+01,1.824828759089465890e+01,3.710795063055894616e+01,4.011234224026316042e+01,4.617358552246078318e+01,3.992492955535426091e+01,2.511634734772862920e+00
3.041381265149109936e+01,1.910497317454279909e+01,2.353720459187963954e+01,1.843908891458577415e+01,3.710795063055894616e+01,4.011234224026316042e+01,4.617358552246078318e+01,3.992492955535426091e+01,2.473760064329988406e+00
2.817800560721074277e+01,1.910497317454279909e+01,2.280350850198275836e+01,1.868154169226940553e+01,3.710795063055894616e+01,4.110960958218893069e+01,4.617358552246078318e+01,3.956008088970496317e+01,2.482147565679917012e+00
2.865309756378880479e+01,1.838477631085023489e+01,2.280350850198275836e+01,1.868154169226940553e+01,3.710795063055894616e+01,4.110960958218893069e+01,4.617358552246078318e+01,3.956008088970496317e+01,2.452146888988389062e+00
2.906888370749726747e+01,1.979898987322333070e+01,2.256102834535695578e+01,1.772004514666934938e+01,3.710795063055894616e+01,4.119465984809195902e+01,4.617358552246078318e+01,3.862641583165593318e+01,2.482147565679917012e+00
2.906888370749726747e+01,1.910497317454279909e+01,2.256102834535695578e+01,1.868154169226940553e+01,3.710795063055894616e+01,4.110960958218893069e+01,4.716990566028302112e+01,3.992492955535426091e+01,2.473600765247305322e+00
2.952964612046680060e+01,1.838477631085023489e+01,2.256102834535695578e+01,1.868154169226940553e+01,3.710795063055894616e+01,4.011234224026316042e+01,4.617358552246078318e+01,3.992492955535426091e+01,2.452146888988389062e+00
2.952964612046680060e+01,1.838477631085023489e+01,2.256102834535695578e+01,1.868154169226940553e+01,3.710795063055894616e+01,4.011234224026316042e+01,4.716990566028302112e+01,4.031128874149274566e+01,2.443600088555777372e+00
2.817800560721074277e+01,1.910497317454279909e+01,2.280350850198275836e+01,1.868154169226940553e+01,3.710795063055894616e+01,4.011234224026316042e+01,4.617358552246078318e+01,3.992492955535426091e+01,2.482147565679917012e+00
2.865309756378880479e+01,1.838477631085023489e+01,2.280350850198275836e+01,1.868154169226940553e+01,3.710795063055894616e+01,4.011234224026316042e+01,4.617358552246078318e+01,3.992492955535426091e+01,2.452146888988389062e+00
2.863564212655270680e+01,1.910497317454279909e+01,2.256102834535695578e+01,1.726267650163206824e+01,3.710795063055894616e+01,4.011234224026316042e+01,4.617358552246078318e+01,3.992492955535426091e+01,2.511634734772862920e+00
2.906888370749726747e+01,1.979898987322333070e+01,2.256102834535695578e+01,1.772004514666934938e+01,3.710795063055894616e+01,4.011234224026316042e+01,4.617358552246078318e+01,3.992492955535426091e+01,2.482147565679917012e+00
2.906888370749726747e+01,1.838477631085023489e+01,2.256102834535695578e+01,1.843908891458577415e+01,3.710795063055894616e+01,4.011234224026316042e+01,4.617358552246078318e+01,3.992492955535426091e+01,2.482147565679917012e+00
2.906888370749726747e+01,1.838477631085023489e+01,2.256102834535695578e+01,1.843908891458577415e+01,3.710795063055894616e+01,4.011234224026316042e+01,4.617358552246078318e+01,3.992492955535426091e+01,2.482147565679917012e+00
2.906888370749726747e+01,1.838477631085023489e+01,2.256102834535695578e+01,1.843908891458577415e+01,3.710795063055894616e+01,4.011234224026316042e+01,4.617358552246078318e+01,3.992492955535426091e+01,2.482147565679917012e+00
2.906888370749726747e+01,1.838477631085023489e+01,2.256102834535695578e+01,1.843908891458577415e+01,3.710795063055894616e+01,4.011234224026316042e+01,4.617358552246078318e+01,3.992492955535426091e+01,2.482147565679917012e+00
2.906888370749726747e+01,1.838477631085023489e+01,2.256102834535695578e+01,1.843908891458577415e+01,3.710795063055894616e+01,4.011234224026316042e+01,4.617358552246078318e+01,3.992492955535426091e+01,2.482147565679917012e+00
2.817800560721074277e+01,1.838477631085023489e+01,2.280350850198275836e+01,1.843908891458577415e+01,3.710795063055894616e+01,4.011234224026316042e+01,4.617358552246078318e+01,3.992492955535426091e+01,2.482147565679917012e+00
2.817800560721074277e+01,1.838477631085023489e+01,2.280350850198275836e+01,1.843908891458577415e+01,3.710795063055894616e+01,4.011234224026316042e+01,4.617358552246078318e+01,3.992492955535426091e+01,2.482147565679917012e+00
2.817800560721074277e+01,1.838477631085023489e+01,2.256102834535695578e+01,1.746424919657297892e+01,3.785498646149540036e+01,4.019950248448355978e+01,4.716990566028302112e+01,3.992492955535426091e+01,2.502838786431273110e+00
2.865309756378880479e+01,1.769180601295413169e+01,2.256102834535695578e+01,1.746424919657297892e+01,3.785498646149540036e+01,4.031128874149274566e+01,4.716990566028302112e+01,3.900000000000000000e+01,2.471984383700746690e+00
2.865309756378880479e+01,1.838477631085023489e+01,2.280350850198275836e+01,1.868154169226940553e+01,3.710795063055894616e+01,4.011234224026316042e+01,4.716990566028302112e+01,4.031128874149274566e+01,2.443600088555777372e+00
2.778488797889960793e+01,1.697056274847713908e+01,2.256102834535695578e+01,1.746424919657297892e+01,3.807886552931954327e+01,4.031128874149274566e+01,4.617358552246078318e+01,3.900000000000000000e+01,2.480549484739106525e+00
2.061552812808830382e+01,1.044030650891055068e+01,2.308679276123039159e+01,1.746424919657297892e+01,3.590264614203248072e+01,4.031128874149274566e+01,4.816637831516918311e+01,3.757658845611187104e+01,2.470578129891336960e+00
2.121320343559642652e+01,1.019803902718556898e+01,2.334523505985750447e+01,1.711724276862369010e+01,3.492849839314595783e+01,4.019950248448355978e+01,4.709564735726646489e+01,3.624913792078371699e+01,2.561505452010958805e+00
2.140093455903269515e+01,1.044030650891055068e+01,2.256102834535695578e+01,1.902629759044044633e+01,3.710795063055894616e+01,4.130375285612676350e+01,4.816637831516918311e+01,3.848376280978771291e+01,2.571017479402029071e+00
2.302172886644267535e+01,1.208304597359457233e+01,2.280350850198275836e+01,2.009975124224177989e+01,3.832753579347360073e+01,4.019950248448355978e+01,4.617358552246078318e+01,4.031128874149274566e+01,2.548326149195212054e+00
2.385372088375312671e+01,1.220655561573370207e+01,2.404163056034261459e+01,2.000000000000000000e+01,3.929376540877699853e+01,4.130375285612676350e+01,4.617358552246078318e+01,3.992492955535426091e+01,2.569003087599121216e+00
2.469817807045693669e+01,1.360147050873544394e+01,2.529822128134703618e+01,2.100000000000000000e+01,4.492215489043240240e+01,4.492215489043240240e+01,4.512205669071391156e+01,4.237924020083418242e+01,2.682391106437831851e+00
2.641968962724581260e+01,1.697056274847713908e+01,2.469817807045693669e+01,2.009975124224177989e+01,4.712748667179271678e+01,4.810405388322277531e+01,4.438468204234429493e+01,4.080441152620633005e+01,2.650230032051058338e+00
2.555386467836127551e+01,1.627882059609970611e+01,2.507987240796890660e+01,2.109502310972898798e+01,4.648655719667783615e+01,4.648655719667783615e+01,4.317406628984580408e+01,4.110960958218893069e+01,2.632058909380051936e+00
2.370653918225939449e+01,1.565247584249852864e+01,2.570992026436488231e+01,2.000000000000000000e+01,4.743416490252568707e+01,4.716990566028302112e+01,4.052159917870962147e+01,4.026164427839479032e+01,2.852726736643981020e+00
2.280350850198275836e+01,1.140175425099137918e+01,2.668332812825266842e+01,2.102379604162863913e+01,4.414748010928823163e+01,5.126402247190518580e+01,4.162931659299729859e+01,4.200000000000000000e+01,2.930499320367046856e+00
2.441311123146740414e+01,1.392838827718411920e+01,2.692582403567251959e+01,2.202271554554523902e+01,4.197618372363071160e+01,5.292447448959696743e+01,4.390899680020029905e+01,4.304648650006176780e+01,2.918860398146218227e+00
2.404163056034261459e+01,1.838477631085023489e+01,2.647640458974745314e+01,2.109502310972898798e+01,4.317406628984580408e+01,5.331041174104736058e+01,4.390899680020029905e+01,4.301162633521313694e+01,3.094290686093988718e+00
2.973213749463701205e+01,2.220360331117451835e+01,2.765863337187866122e+01,2.102379604162863913e+01,4.026164427839479032e+01,5.255473337388364996e+01,4.272001872658765365e+01,4.310452412450461424e+01,2.966920454581553734e+00
2.912043955712207222e+01,2.561249694973139412e+01,2.751363298439520833e+01,2.109502310972898798e+01,4.123105625617660763e+01,5.162363799656122865e+01,4.356604182158393002e+01,4.401136216933077350e+01,2.953414540390524756e+00
2.879236009777593708e+01,2.549509756796392423e+01,2.692582403567251959e+01,2.039607805437113797e+01,4.123105625617660763e+01,5.107837115648853654e+01,4.356604182158393002e+01,4.300000000000000000e+01,2.885793574930463290e+00
2.879236009777593708e+01,2.549509756796392423e+01,2.657066051117284644e+01,1.941648783894759944e+01,4.220189569201838253e+01,5.147815070493500400e+01,4.356604182158393002e+01,4.300000000000000000e+01,2.902957890320410073e+00
2.879236009777593708e+01,2.549509756796392423e+01,2.657066051117284644e+01,1.941648783894759944e+01,4.220189569201838253e+01,5.147815070493500400e+01,4.356604182158393002e+01,4.300000000000000000e+01,2.902957890320410073e+00
2.915475947422650194e+01,2.475883680627989492e+01,2.657066051117284644e+01,1.941648783894759944e+01,4.220189569201838253e+01,5.239274758971894386e+01,4.356604182158393002e+01,4.301162633521313694e+01,2.879058059433311278e+00
2.973213749463701205e+01,2.549509756796392423e+01,2.624880949681337583e+01,1.941648783894759944e+01,4.123105625617660763e+01,5.239274758971894386e+01,4.410215414239988974e+01,4.301162633521313694e+01,2.902957890320410073e+00
2.973213749463701205e+01,2.549509756796392423e+01,2.624880949681337583e+01,1.941648783894759944e+01,4.123105625617660763e+01,5.239274758971894386e+01,4.410215414239988974e+01,4.301162633521313694e+01,2.902957890320410073e+00
2.879236009777593708e+01,2.549509756796392423e+01,2.657066051117284644e+01,1.941648783894759944e+01,4.220189569201838253e+01,5.239274758971894386e+01,4.356604182158393002e+01,4.301162633521313694e+01,2.902957890320410073e+00
2.751363298439520833e+01,2.483948469674844262e+01,2.563201123595259290e+01,1.941648783894759944e+01,4.123105625617660763e+01,5.147815070493500400e+01,4.410215414239988974e+01,4.300000000000000000e+01,2.913058556905732122e+00
2.778488797889960793e+01,2.121320343559642652e+01,2.600000000000000000e+01,1.964688270438849926e+01,4.123105625617660763e+01,5.107837115648853654e+01,4.356604182158393002e+01,4.300000000000000000e+01,2.786687510284307390e+00
3.162277660168379256e+01,1.811077027627483460e+01,2.475883680627989492e+01,1.972308292331602075e+01,3.400000000000000000e+01,4.438468204234429493e+01,4.429446918070020445e+01,3.805259518088089266e+01,2.300080261387131841e+00
3.443835071544512516e+01,2.319482700948640286e+01,2.247220505424423109e+01,1.941648783894759944e+01,3.452535300326413648e+01,4.024922359499621649e+01,4.390899680020029905e+01,3.820994634908559817e+01,2.112854274534344157e+00
3.478505426185217431e+01,2.624880949681337583e+01,2.280350850198275836e+01,2.061552812808830382e+01,3.373425558686599857e+01,3.667424164178449786e+01,4.219004621945797595e+01,3.920459156782531807e+01,1.970636150116170437e+00
3.736308338453881106e+01,3.041381265149109936e+01,2.319482700948640286e+01,1.992485884517127559e+01,3.667424164178449786e+01,3.201562118716424266e+01,4.404543109109047805e+01,4.159326868617084472e+01,2.069255737261575412e+00
3.649657518178931781e+01,2.580697580112788003e+01,2.121320343559642652e+01,1.897366596101027625e+01,4.000000000000000000e+01,3.301514803843835466e+01,4.313930922024598402e+01,3.827531841800927737e+01,2.161574131358426243e+00
3.436568055487916240e+01,2.385372088375312671e+01,2.109502310972898798e+01,1.992485884517127559e+01,3.841874542459709119e+01,3.301514803843835466e+01,4.327817001676480402e+01,3.900000000000000000e+01,2.189705929702812970e+00
3.649657518178931781e+01,2.580697580112788003e+01,2.236067977499789805e+01,1.838477631085023489e+01,4.045985664828781836e+01,3.190611226708763226e+01,4.327817001676480402e+01,3.992492955535426091e+01,2.258386492986252936e+00
3.471310991541956525e+01,2.607680962081059661e+01,2.209072203437452231e+01,1.931320791582796659e+01,4.201190307520000999e+01,3.534119409414458346e+01,4.140048308896890461e+01,3.757658845611187104e+01,3.960981195528491483e+00
3.452535300326413648e+01,2.561249694973139412e+01,2.102379604162863913e+01,1.838477631085023489e+01,4.036087214122112954e+01,3.807886552931954327e+01,4.248529157249600274e+01,4.022437072223753063e+01,3.909550724911539099e+00
3.471310991541956525e+01,2.441311123146740414e+01,2.209072203437452231e+01,2.012461179749810825e+01,3.623534186398687496e+01,3.769615364994152884e+01,4.396589587396121601e+01,4.172529209005013229e+01,3.749332703349375961e+00
3.622154055254966920e+01,2.561249694973139412e+01,2.302172886644267535e+01,2.213594362117865444e+01,3.969886648255841521e+01,4.123105625617660763e+01,4.356604182158393002e+01,4.393176527297759293e+01,3.760237004514540349e+00
3.600000000000000000e+01,2.475883680627989492e+01,2.601922366251537611e+01,2.102379604162863913e+01,3.940812099047606409e+01,4.130375285612676350e+01,4.609772228646443892e+01,4.404543109109047805e+01,3.701977066157216889e+00
3.306055050963308162e+01,2.500000000000000000e+01,2.501999200639360765e+01,2.024845673131658685e+01,4.220189569201838253e+01,4.104875150354758517e+01,4.204759208325727826e+01,4.280186911806539030e+01,3.595667857974099491e+00
3.478505426185217431e+01,3.087069808086626210e+01,2.607680962081059661e+01,2.012461179749810825e+01,3.982461550347975532e+01,3.847076812334268681e+01,4.110960958218893069e+01,4.404543109109047805e+01,3.437754644454652286e+00
3.106444913401813324e+01,2.816025568065744622e+01,2.247220505424423109e+01,1.802775637731994607e+01,3.466987164671942878e+01,3.832753579347360073e+01,4.044749683231336945e+01,3.966106403010387993e+01,3.212257926447953160e+00
3.114482300479487265e+01,3.041381265149109936e+01,2.247220505424423109e+01,1.843908891458577415e+01,3.330165161069342616e+01,3.807886552931954327e+01,3.883297567789519888e+01,4.060788100849390503e+01,3.076588967417103415e+00
3.231098884280702066e+01,3.220248437620923454e+01,2.193171219946130890e+01,1.886796226411320632e+01,3.189043743820394994e+01,3.894868418830089496e+01,3.765634076752546378e+01,4.263801121065568367e+01,2.827335527886331690e+00
3.138470965295043058e+01,2.952964612046680060e+01,2.343074902771996193e+01,1.969771560359220786e+01,3.440930106817050671e+01,4.205948168962618183e+01,3.883297567789519888e+01,4.318564576337836769e+01,2.826211439811814330e+00
2.842534080710379030e+01,2.147091055358388800e+01,2.475883680627989492e+01,2.236067977499789805e+01,3.935733730830885690e+01,4.701063709417263681e+01,4.044749683231336945e+01,4.455333881989092504e+01,2.982937391403391647e+00
2.302172886644267535e+01,1.526433752247374720e+01,2.780287754891568852e+01,2.416609194718914466e+01,4.254409477236529824e+01,4.617358552246078318e+01,3.920459156782531807e+01,4.455333881989092504e+01,2.978611733362492853e+00
2.109502310972898798e+01,1.345362404707370985e+01,2.860069929215018192e+01,2.600000000000000000e+01,4.254409477236529824e+01,4.743416490252568707e+01,3.811823710509183627e+01,4.459820624195551630e+01,2.935450961072934906e+00
2.195449840010014952e+01,1.345362404707370985e+01,2.765863337187866122e+01,2.549509756796392423e+01,4.204759208325727826e+01,4.810405388322277531e+01,3.801315561749642313e+01,4.601086828130936368e+01,2.952770784386496317e+00
2.801785145224380003e+01,2.126029162546929996e+01,2.523885892824792521e+01,2.284731931759172596e+01,3.894868418830089496e+01,4.531004303683676682e+01,3.920459156782531807e+01,4.455333881989092504e+01,2.804612542489348659e+00
2.906888370749726747e+01,3.140063693621516450e+01,2.376972864800942631e+01,1.964688270438849926e+01,3.443835071544512516e+01,4.652956049652736681e+01,4.044749683231336945e+01,4.313930922024598402e+01,2.531026629488179580e+00
3.569313659514949677e+01,3.413209633175202384e+01,2.451530134426252516e+01,2.209072203437452231e+01,3.220248437620923454e+01,4.494441010848846219e+01,4.123105625617660763e+01,4.177319714841084419e+01,2.424376380008828491e+00
2.617250465660480074e+01,1.838477631085023489e+01,2.607680962081059661e+01,2.184032966784155505e+01,3.067572330035593353e+01,4.686149805543992386e+01,4.080441152620633005e+01,4.252058325093859992e+01,3.799860621424517859e+00
2.061552812808830382e+01,1.431782106327635340e+01,2.353720459187963954e+01,2.102379604162863913e+01,2.983286778035259701e+01,4.879549159502340672e+01,4.049691346263317371e+01,4.186884283091664116e+01,3.596092030823756502e+00
1.780449381476485726e+01,1.200000000000000000e+01,2.404163056034261459e+01,2.100000000000000000e+01,3.008321791298264714e+01,4.879549159502340672e+01,3.992492955535426091e+01,4.110960958218893069e+01,3.555073185736460584e+00
1.835755975068581947e+01,1.204159457879229578e+01,2.376972864800942631e+01,2.109502310972898798e+01,3.157530680769388809e+01,4.879549159502340672e+01,3.992492955535426091e+01,4.280186911806539030e+01,3.576733729655379168e+00
2.102379604162863913e+01,1.236931687685298087e+01,2.473863375370596174e+01,2.220360331117451835e+01,3.026549190084311292e+01,4.891829923454003648e+01,3.900000000000000000e+01,4.280186911806539030e+01,3.516863476445750258e+00
2.308679276123039159e+01,1.431782106327635340e+01,2.473863375370596174e+01,2.236067977499789805e+01,2.927456233660889495e+01,4.827007354458868349e+01,3.939543120718441571e+01,4.220189569201838253e+01,3.504687854985878204e+00
2.284731931759172596e+01,1.300000000000000000e+01,2.451530134426252516e+01,2.121320343559642652e+01,2.927456233660889495e+01,4.967896939349688523e+01,3.939543120718441571e+01,4.201190307520000999e+01,3.482311122590862063e+00
2.236067977499789805e+01,1.170469991071962568e+01,2.451530134426252516e+01,2.121320343559642652e+01,2.927456233660889495e+01,4.967896939349688523e+01,4.031128874149274566e+01,4.280186911806539030e+01,3.472227475714090517e+00
2.236067977499789805e+01,1.264911064067351809e+01,2.451530134426252516e+01,2.109502310972898798e+01,2.927456233660889495e+01,4.967896939349688523e+01,3.939543120718441571e+01,4.201190307520000999e+01,3.469521122375661903e+00
2.236067977499789805e+01,1.264911064067351809e+01,2.451530134426252516e+01,2.109502310972898798e+01,2.927456233660889495e+01,4.967896939349688523e+01,3.939543120718441571e+01,4.201190307520000999e+01,3.469521122375661903e+00
2.147091055358388800e+01,1.264911064067351809e+01,2.473863375370596174e+01,2.109502310972898798e+01,2.927456233660889495e+01,4.891829923454003648e+01,3.939543120718441571e+01,4.140048308896890461e+01,3.469521122375661903e+00
2.109502310972898798e+01,1.140175425099137918e+01,2.473863375370596174e+01,2.109502310972898798e+01,2.927456233660889495e+01,4.827007354458868349e+01,4.031128874149274566e+01,4.301162633521313694e+01,3.458161907202196961e+00
2.080865204668481283e+01,1.019803902718556898e+01,2.376972864800942631e+01,1.964688270438849926e+01,3.008321791298264714e+01,4.750789408087881327e+01,3.982461550347975532e+01,4.140048308896890461e+01,3.205123909173220209e+00
2.594224354214569317e+01,9.848857801796103928e+00,2.469817807045693669e+01,1.708800749063506075e+01,3.176476034853718033e+01,4.404543109109047805e+01,4.070626487409523975e+01,3.841874542459709119e+01,2.999343857881598741e+00
3.124099870362661591e+01,2.109502310972898798e+01,2.343074902771996193e+01,1.612451549659709826e+01,3.138470965295043058e+01,4.031128874149274566e+01,4.081666326391709987e+01,4.161730409336962566e+01,2.891343368355993704e+00
3.330165161069342616e+01,2.716615541441224835e+01,2.408318915758459156e+01,1.486606874731850603e+01,3.342154993413680586e+01,3.687817782917154830e+01,4.134005321718877468e+01,4.022437072223753063e+01,2.943032368809024746e+00
3.182766092567909766e+01,2.617250465660480074e+01,2.262741699796952233e+01,1.562049935181330795e+01,3.201562118716424266e+01,3.687817782917154830e+01,4.118252056394800320e+01,4.080441152620633005e+01,3.323760964062556500e+00
3.182766092567909766e+01,2.707397274136176790e+01,2.267156809750926882e+01,1.562049935181330795e+01,3.201562118716424266e+01,3.612478373637688378e+01,4.031128874149274566e+01,4.080441152620633005e+01,3.343914281968096702e+00
3.111269837220809009e+01,2.716615541441224835e+01,2.267156809750926882e+01,1.562049935181330795e+01,3.124099870362661591e+01,3.612478373637688378e+01,4.118252056394800320e+01,4.080441152620633005e+01,3.319188820873280932e+00
3.114482300479487265e+01,2.607680962081059661e+01,2.267156809750926882e+01,1.562049935181330795e+01,3.201562118716424266e+01,3.679673898594819548e+01,4.031128874149274566e+01,4.140048308896890461e+01,3.349088880024995607e+00
3.111269837220809009e+01,2.617250465660480074e+01,2.193171219946130890e+01,1.562049935181330795e+01,3.140063693621516450e+01,3.679673898594819548e+01,4.031128874149274566e+01,4.080441152620633005e+01,2.942759219403089155e+00
3.111269837220809009e+01,2.617250465660480074e+01,2.193171219946130890e+01,1.562049935181330795e+01,3.140063693621516450e+01,3.679673898594819548e+01,4.118252056394800320e+01,4.161730409336962566e+01,2.943032368809024746e+00
3.182766092567909766e+01,2.607680962081059661e+01,2.193171219946130890e+01,1.562049935181330795e+01,3.140063693621516450e+01,3.679673898594819548e+01,4.031128874149274566e+01,4.080441152620633005e+01,2.917431303440650048e+00
3.114482300479487265e+01,2.507987240796890660e+01,2.334523505985750447e+01,1.581138830084189628e+01,3.124099870362661591e+01,3.612478373637688378e+01,4.118252056394800320e+01,4.080441152620633005e+01,3.323760964062556500e+00
3.041381265149109936e+01,2.517935662402834396e+01,2.262741699796952233e+01,1.500000000000000000e+01,3.201562118716424266e+01,3.687817782917154830e+01,4.118252056394800320e+01,4.080441152620633005e+01,3.302355394215627626e+00
3.114482300479487265e+01,2.507987240796890660e+01,2.193171219946130890e+01,1.562049935181330795e+01,3.140063693621516450e+01,3.753664875824691904e+01,4.118252056394800320e+01,4.080441152620633005e+01,2.912262329702390851e+00
3.061045573002793319e+01,2.765863337187866122e+01,2.262741699796952233e+01,1.581138830084189628e+01,3.189043743820394994e+01,3.623534186398687496e+01,4.167733196834941367e+01,3.940812099047606409e+01,3.216452501300560041e+00
3.220248437620923454e+01,2.773084924772409465e+01,2.195449840010014952e+01,1.655294535724684835e+01,3.189043743820394994e+01,3.720215047547655018e+01,4.248529157249600274e+01,4.000000000000000000e+01,2.984990776607777896e+00
3.178049716414140846e+01,2.954657340538831534e+01,2.332380757938120297e+01,1.486606874731850603e+01,3.124099870362661591e+01,3.841874542459709119e+01,4.248529157249600274e+01,4.060788100849390503e+01,2.956363793744779755e+00
3.257299494980465937e+01,3.052867504494749440e+01,2.376972864800942631e+01,1.456021977856103611e+01,3.140063693621516450e+01,3.920459156782531807e+01,4.204759208325727826e+01,4.060788100849390503e+01,2.834264176120135925e+00
3.006659275674581622e+01,2.983286778035259701e+01,2.570992026436488231e+01,1.700000000000000000e+01,3.061045573002793319e+01,3.801315561749642313e+01,4.254409477236529824e+01,4.000000000000000000e+01,2.541332732330295219e+00
3.106444913401813324e+01,3.061045573002793319e+01,2.630589287593181069e+01,1.600000000000000000e+01,3.000000000000000000e+01,3.860051813123756403e+01,4.215447781671598193e+01,4.060788100849390503e+01,2.508783525563586192e+00
3.101612483854164637e+01,3.000000000000000000e+01,2.517935662402834396e+01,1.600000000000000000e+01,3.080584360149872580e+01,3.940812099047606409e+01,4.123105625617660763e+01,3.982461550347975532e+01,2.495194328139169748e+00
3.101612483854164637e+01,3.000000000000000000e+01,2.531797780234432693e+01,1.700000000000000000e+01,3.080584360149872580e+01,3.860051813123756403e+01,4.123105625617660763e+01,4.060788100849390503e+01,2.508783525563586192e+00
3.106444913401813324e+01,2.920616373302046753e+01,2.630589287593181069e+01,1.702938636592640265e+01,3.080584360149872580e+01,3.860051813123756403e+01,4.123105625617660763e+01,4.060788100849390503e+01,2.508783525563586192e+00
3.106444913401813324e+01,2.920616373302046753e+01,2.630589287593181069e+01,1.702938636592640265e+01,3.080584360149872580e+01,3.860051813123756403e+01,4.123105625617660763e+01,4.060788100849390503e+01,2.508783525563586192e+00
3.106444913401813324e+01,3.000000000000000000e+01,2.630589287593181069e+01,1.700000000000000000e+01,3.080584360149872580e+01,3.860051813123756403e+01,4.123105625617660763e+01,4.060788100849390503e+01,2.508783525563586192e+00
3.106444913401813324e+01,3.061045573002793319e+01,2.647640458974745314e+01,1.700000000000000000e+01,3.080584360149872580e+01,3.860051813123756403e+01,4.123105625617660763e+01,4.060788100849390503e+01,2.521854676513767934e+00
3.006659275674581622e+01,2.920616373302046753e+01,2.647640458974745314e+01,1.702938636592640265e+01,3.080584360149872580e+01,3.860051813123756403e+01,4.123105625617660763e+01,4.060788100849390503e+01,2.508783525563586192e+00
3.006659275674581622e+01,3.000000000000000000e+01,2.647640458974745314e+01,1.700000000000000000e+01,3.080584360149872580e+01,3.860051813123756403e+01,4.123105625617660763e+01,4.060788100849390503e+01,2.508783525563586192e+00
3.006659275674581622e+01,3.000000000000000000e+01,2.647640458974745314e+01,1.700000000000000000e+01,3.080584360149872580e+01,3.860051813123756403e+01,4.123105625617660763e+01,4.060788100849390503e+01,2.508783525563586192e+00
3.106444913401813324e+01,2.983286778035259701e+01,2.630589287593181069e+01,1.603121954188139853e+01,3.162277660168379256e+01,3.940812099047606409e+01,4.123105625617660763e+01,4.060788100849390503e+01,2.509279065661775832e+00
3.006659275674581622e+01,2.920616373302046753e+01,2.549509756796392423e+01,1.700000000000000000e+01,3.023243291566194912e+01,3.920459156782531807e+01,4.123105625617660763e+01,4.060788100849390503e+01,2.544340786793103604e+00
3.114482300479487265e+01,2.842534080710379030e+01,2.531797780234432693e+01,1.700000000000000000e+01,3.106444913401813324e+01,4.000000000000000000e+01,4.123105625617660763e+01,4.060788100849390503e+01,2.564805512680964128e+00
3.006659275674581622e+01,2.920616373302046753e+01,2.531797780234432693e+01,1.600000000000000000e+01,3.106444913401813324e+01,4.000000000000000000e+01,4.123105625617660763e+01,4.060788100849390503e+01,2.531209667485963877e+00
3.114482300479487265e+01,2.842534080710379030e+01,2.531797780234432693e+01,1.700000000000000000e+01,3.106444913401813324e+01,4.000000000000000000e+01,4.123105625617660763e+01,4.060788100849390503e+01,2.564805512680964128e+00
3.014962686336266984e+01,2.842534080710379030e+01,2.549509756796392423e+01,1.700000000000000000e+01,3.106444913401813324e+01,4.000000000000000000e+01,4.123105625617660763e+01,4.060788100849390503e+01,2.564805512680964128e+00
2.961418578992169515e+01,2.617250465660480074e+01,2.570992026436488231e+01,1.700000000000000000e+01,3.106444913401813324e+01,4.000000000000000000e+01,4.123105625617660763e+01,4.060788100849390503e+01,2.628626208622494076e+00
2.884441020371191300e+01,2.059126028197400160e+01,2.102379604162863913e+01,1.655294535724684835e+01,3.088689042296100240e+01,4.318564576337836769e+01,4.070626487409523975e+01,3.982461550347975532e+01,3.168845588823706372e+00
2.624880949681337583e+01,1.700000000000000000e+01,2.247220505424423109e+01,1.664331697709323876e+01,3.280243893371345365e+01,4.161730409336962566e+01,4.159326868617084472e+01,3.828837943815329226e+01,3.160190071597511086e+00
2.473863375370596174e+01,1.000000000000000000e+01,2.408318915758459156e+01,1.843908891458577415e+01,3.280243893371345365e+01,4.220189569201838253e+01,4.118252056394800320e+01,3.753664875824691904e+01,3.407844702740718379e+00
2.473863375370596174e+01,1.166190378969060149e+01,2.404163056034261459e+01,1.838477631085023489e+01,3.330165161069342616e+01,3.940812099047606409e+01,4.294182110716777601e+01,3.982461550347975532e+01,3.405298117205055153e+00
2.473863375370596174e+01,1.170469991071962568e+01,2.420743687382040932e+01,1.910497317454279909e+01,3.342154993413680586e+01,3.940812099047606409e+01,4.338202392696772591e+01,4.140048308896890461e+01,3.456388708101036045e+00
2.912043955712207222e+01,1.513274595042155646e+01,2.469817807045693669e+01,1.910497317454279909e+01,3.420526275297414287e+01,3.940812099047606409e+01,4.428317965096906050e+01,4.301162633521313694e+01,3.589096151296355952e+00
3.008321791298264714e+01,2.022374841615668473e+01,2.418677324489564739e+01,1.769180601295413169e+01,3.330165161069342616e+01,3.780211634287159939e+01,4.294182110716777601e+01,4.140048308896890461e+01,3.573504889062141476e+00
3.275667870831839679e+01,2.340939982143925135e+01,2.563201123595259290e+01,1.749285568453590045e+01,3.324154027718932269e+01,3.500000000000000000e+01,4.167733196834941367e+01,3.940812099047606409e+01,3.746591465720591874e+00
3.401470270338990076e+01,2.302172886644267535e+01,2.668332812825266842e+01,1.615549442140351033e+01,3.342154993413680586e+01,3.671511950137163893e+01,4.167733196834941367e+01,3.397057550292606010e+01,3.896038913129667769e+00
3.337663853655727308e+01,2.126029162546929996e+01,2.408318915758459156e+01,1.726267650163206824e+01,3.413209633175202384e+01,3.769615364994152884e+01,4.248529157249600274e+01,3.189043743820394994e+01,3.985826941638068277e+00
3.255764119219941222e+01,1.910497317454279909e+01,2.402082429892862692e+01,1.843908891458577415e+01,3.361547262794321966e+01,3.921734310225515685e+01,4.254409477236529824e+01,3.140063693621516450e+01,3.975229228165179762e+00
3.452535300326413648e+01,2.121320343559642652e+01,2.408318915758459156e+01,1.726267650163206824e+01,3.413209633175202384e+01,3.827531841800927737e+01,4.254409477236529824e+01,3.264965543462901820e+01,3.992503293638749451e+00
3.354101966249684352e+01,1.979898987322333070e+01,2.408318915758459156e+01,1.746424919657297892e+01,3.361547262794321966e+01,3.827531841800927737e+01,4.346262762420145975e+01,3.264965543462901820e+01,3.978826334952723975e+00
3.337663853655727308e+01,1.984943324127920761e+01,2.418677324489564739e+01,1.746424919657297892e+01,3.413209633175202384e+01,3.827531841800927737e+01,4.254409477236529824e+01,3.264965543462901820e+01,3.940323360281387188e+00
3.238826948140329165e+01,1.910497317454279909e+01,2.408318915758459156e+01,1.772004514666934938e+01,3.361547262794321966e+01,3.733630940518894192e+01,4.346262762420145975e+01,3.330165161069342616e+01,3.940323360281387188e+00
3.238826948140329165e+01,1.843908891458577415e+01,2.408318915758459156e+01,1.868154169226940553e+01,3.361547262794321966e+01,3.769615364994152884e+01,4.346262762420145975e+01,3.405877273185280529e+01,3.940323360281387188e+00
3.238826948140329165e+01,1.979898987322333070e+01,2.308679276123039159e+01,1.649242250247064234e+01,3.413209633175202384e+01,3.827531841800927737e+01,4.386342439892261780e+01,3.255764119219941222e+01,3.984540367670431849e+00
3.140063693621516450e+01,1.979898987322333070e+01,2.302172886644267535e+01,1.649242250247064234e+01,3.413209633175202384e+01,3.862641583165593318e+01,4.346262762420145975e+01,3.405877273185280529e+01,3.967951500521557318e+00
3.238826948140329165e+01,1.979898987322333070e+01,2.308679276123039159e+01,1.649242250247064234e+01,3.328663395418647752e+01,3.862641583165593318e+01,4.308131845707602992e+01,3.405877273185280529e+01,3.967951500521557318e+00
3.238826948140329165e+01,1.979898987322333070e+01,2.308679276123039159e+01,1.649242250247064234e+01,3.328663395418647752e+01,3.862641583165593318e+01,4.308131845707602992e+01,3.405877273185280529e+01,3.967951500521557318e+00
3.238826948140329165e+01,1.979898987322333070e+01,2.308679276123039159e+01,1.649242250247064234e+01,3.413209633175202384e+01,3.862641583165593318e+01,4.386342439892261780e+01,3.330165161069342616e+01,3.984540367670431849e+00
3.224903099319419653e+01,2.051828452868319275e+01,2.308679276123039159e+01,1.649242250247064234e+01,3.328663395418647752e+01,3.827531841800927737e+01,4.346262762420145975e+01,3.255764119219941222e+01,3.960390474272915906e+00
3.238826948140329165e+01,1.979898987322333070e+01,2.308679276123039159e+01,1.649242250247064234e+01,3.413209633175202384e+01,3.827531841800927737e+01,4.386342439892261780e+01,3.255764119219941222e+01,3.984540367670431849e+00
3.238826948140329165e+01,1.979898987322333070e+01,2.308679276123039159e+01,1.649242250247064234e+01,3.328663395418647752e+01,3.862641583165593318e+01,4.346262762420145975e+01,3.330165161069342616e+01,3.984540367670431849e+00
3.238826948140329165e+01,1.979898987322333070e+01,2.308679276123039159e+01,1.649242250247064234e+01,3.413209633175202384e+01,3.862641583165593318e+01,4.386342439892261780e+01,3.330165161069342616e+01,3.984540367670431849e+00
3.238826948140329165e+01,1.979898987322333070e+01,2.408318915758459156e+01,1.676305461424021104e+01,3.275667870831839679e+01,3.769615364994152884e+01,4.346262762420145975e+01,3.330165161069342616e+01,3.957180680802494077e+00
3.238826948140329165e+01,1.979898987322333070e+01,2.308679276123039159e+01,1.649242250247064234e+01,3.413209633175202384e+01,3.862641583165593318e+01,4.386342439892261780e+01,3.330165161069342616e+01,3.984540367670431849e+00
3.224903099319419653e+01,2.051828452868319275e+01,2.408318915758459156e+01,1.676305461424021104e+01,3.361547262794321966e+01,3.769615364994152884e+01,4.386342439892261780e+01,3.330165161069342616e+01,3.933747470923026679e+00
3.224903099319419653e+01,2.051828452868319275e+01,2.308679276123039159e+01,1.649242250247064234e+01,3.328663395418647752e+01,3.862641583165593318e+01,4.346262762420145975e+01,3.330165161069342616e+01,3.960390474272915906e+00
3.238826948140329165e+01,1.979898987322333070e+01,2.308679276123039159e+01,1.649242250247064234e+01,3.413209633175202384e+01,3.862641583165593318e+01,4.386342439892261780e+01,3.330165161069342616e+01,3.984540367670431849e+00
3.238826948140329165e+01,1.979898987322333070e+01,2.308679276123039159e+01,1.649242250247064234e+01,3.413209633175202384e+01,3.862641583165593318e+01,4.386342439892261780e+01,3.330165161069342616e+01,3.984540367670431849e+00
3.224903099319419653e+01,2.051828452868319275e+01,2.308679276123039159e+01,1.649242250247064234e+01,3.413209633175202384e+01,3.862641583165593318e+01,4.386342439892261780e+01,3.330165161069342616e+01,3.960390474272915906e+00
3.238826948140329165e+01,1.979898987322333070e+01,2.308679276123039159e+01,1.649242250247064234e+01,3.413209633175202384e+01,3.862641583165593318e+01,4.386342439892261780e+01,3.330165161069342616e+01,3.984540367670431849e+00
3.337663853655727308e+01,2.121320343559642652e+01,2.418677324489564739e+01,1.552417469626002422e+01,3.413209633175202384e+01,3.733630940518894192e+01,4.346262762420145975e+01,3.397057550292606010e+01,3.943801607124041375e+00
3.721558813185679071e+01,2.624880949681337583e+01,2.501999200639360765e+01,1.649242250247064234e+01,3.466987164671942878e+01,3.827531841800927737e+01,4.401136216933077350e+01,3.538361202590826338e+01,3.970945889806522189e+00
3.805259518088089266e+01,2.687005768508880621e+01,2.408318915758459156e+01,1.726267650163206824e+01,3.466987164671942878e+01,3.921734310225515685e+01,4.365775990588614519e+01,3.546829570193639825e+01,3.934607644657166503e+00
3.805259518088089266e+01,2.758622844826744469e+01,2.408318915758459156e+01,1.627882059609970611e+01,3.328663395418647752e+01,3.921734310225515685e+01,4.427188724235730888e+01,3.546829570193639825e+01,3.934607644657166503e+00
4.197618372363071160e+01,2.778488797889960793e+01,2.601922366251537611e+01,1.627882059609970611e+01,3.448187929913333249e+01,3.764306044943742080e+01,4.272001872658765365e+01,3.342154993413680586e+01,4.053194617973144176e+00
3.984971769034255118e+01,2.915475947422650194e+01,2.716615541441224835e+01,1.600000000000000000e+01,3.310589071449369669e+01,3.945883931389771959e+01,4.143669871020131978e+01,2.607680962081059661e+01,4.068474135578604489e+00
3.712142238654116966e+01,2.773084924772409465e+01,2.720294101747088789e+01,1.627882059609970611e+01,3.269556544854363267e+01,4.031128874149274566e+01,4.244997055358224713e+01,2.778488797889960793e+01,4.157980385578643912e+00
3.687817782917154830e+01,2.828427124746190202e+01,2.561249694973139412e+01,1.788854381999831844e+01,3.448187929913333249e+01,4.210700654285459876e+01,4.229657196511320194e+01,2.692582403567251959e+01,4.309107498665853520e+00
3.546829570193639825e+01,2.828427124746190202e+01,2.549509756796392423e+01,1.788854381999831844e+01,3.590264614203248072e+01,4.143669871020131978e+01,4.204759208325727826e+01,2.846049894151541437e+01,4.219675860591578953e+00
3.753664875824691904e+01,3.026549190084311292e+01,2.690724809414741969e+01,1.835755975068581947e+01,3.667424164178449786e+01,3.863935817272331263e+01,3.712142238654116966e+01,3.255764119219941222e+01,4.095429659002707723e+00
3.482814953453599571e+01,2.886173937932362321e+01,2.549509756796392423e+01,1.886796226411320632e+01,3.569313659514949677e+01,3.712142238654116966e+01,3.361547262794321966e+01,3.228002478313794654e+01,3.673316720848598838e+00
3.420526275297414287e+01,3.178049716414140846e+01,2.408318915758459156e+01,1.843908891458577415e+01,3.228002478313794654e+01,3.827531841800927737e+01,3.138470965295043058e+01,2.952964612046680060e+01,3.617997176026033213e+00
3.546829570193639825e+01,3.313608305156178346e+01,2.302172886644267535e+01,1.838477631085023489e+01,3.138470965295043058e+01,3.640054944640259293e+01,3.201562118716424266e+01,3.201562118716424266e+01,3.544852359253582996e+00
3.471310991541956525e+01,3.423448553724738019e+01,2.220360331117451835e+01,1.720465053408525335e+01,3.052867504494749440e+01,3.560898762952971452e+01,3.047950130825634218e+01,3.189043743820394994e+01,3.516084597651785604e+00
3.471310991541956525e+01,3.612478373637688378e+01,2.163330765278393741e+01,1.612451549659709826e+01,3.052867504494749440e+01,3.623534186398687496e+01,3.047950130825634218e+01,3.114482300479487265e+01,3.537586659638016773e+00
3.465544690232691494e+01,3.500000000000000000e+01,2.012461179749810825e+01,1.700000000000000000e+01,3.001666203960726875e+01,3.701351104664349378e+01,3.047950130825634218e+01,3.114482300479487265e+01,3.649422018440341642e+00
3.482814953453599571e+01,3.535533905932737753e+01,2.039607805437113797e+01,1.931320791582796659e+01,2.662705391138869615e+01,3.661966684720110976e+01,3.189043743820394994e+01,3.041381265149109936e+01,3.848929934423100274e+00
2.500000000000000000e+01,2.765863337187866122e+01,2.601922366251537611e+01,1.992485884517127559e+01,3.106444913401813324e+01,3.753664875824691904e+01,3.405877273185280529e+01,3.546829570193639825e+01,3.885783789787066844e+00
2.433105012119287736e+01,2.846049894151541437e+01,2.765863337187866122e+01,2.137755832643194864e+01,3.162277660168379256e+01,3.606937759374286401e+01,3.482814953453599571e+01,3.560898762952971452e+01,3.985927733507576676e+00
2.501999200639360765e+01,2.729468812791236232e+01,2.823118842698620767e+01,2.302172886644267535e+01,3.124099870362661591e+01,3.546829570193639825e+01,3.522782990761707111e+01,3.471310991541956525e+01,4.105401316338282314e+00
2.308679276123039159e+01,2.441311123146740414e+01,2.830194339616981125e+01,2.319482700948640286e+01,2.785677655436823841e+01,3.361547262794321966e+01,4.512205669071391156e+01,3.701351104664349378e+01,3.993641021947555991e+00
1.992485884517127559e+01,2.236067977499789805e+01,2.385372088375312671e+01,2.280350850198275836e+01,3.001666203960726875e+01,3.313608305156178346e+01,4.801041553663121420e+01,3.492849839314595783e+01,3.747137317194763284e+00
2.024845673131658685e+01,2.418677324489564739e+01,2.302172886644267535e+01,2.193171219946130890e+01,3.104834939252004844e+01,3.157530680769388809e+01,4.100000000000000000e+01,3.301514803843835466e+01,3.469946193460660133e+00
1.838477631085023489e+01,2.332380757938120297e+01,2.126029162546929996e+01,2.195449840010014952e+01,3.361547262794321966e+01,3.264965543462901820e+01,4.438468204234429493e+01,3.301514803843835466e+01,3.387112149546565476e+00
2.154065922853801496e+01,2.580697580112788003e+01,2.126029162546929996e+01,2.302172886644267535e+01,3.546829570193639825e+01,3.413209633175202384e+01,4.386342439892261780e+01,3.306055050963308162e+01,3.397401218205165385e+00
2.325940669922601600e+01,2.690724809414741969e+01,2.193171219946130890e+01,2.420743687382040932e+01,3.676955262170046979e+01,3.301514803843835466e+01,4.248529157249600274e+01,3.413209633175202384e+01,3.432476230616442692e+00
1.843908891458577415e+01,2.193171219946130890e+01,2.163330765278393741e+01,2.343074902771996193e+01,3.847076812334268681e+01,3.264965543462901820e+01,3.891015291668743714e+01,3.104834939252004844e+01,2.753273935417327234e+00
1.476482306023340030e+01,2.051828452868319275e+01,1.788854381999831844e+01,2.061552812808830382e+01,4.243819034784588951e+01,3.342154993413680586e+01,3.721558813185679071e+01,3.087069808086626210e+01,2.780453614637569348e+00
1.315294643796590535e+01,1.780449381476485726e+01,1.676305461424021104e+01,1.941648783894759944e+01,4.534313619501853765e+01,3.312099032335839155e+01,3.744329045369811126e+01,3.001666203960726875e+01,2.705188508937585556e+00
1.403566884761819900e+01,1.969771560359220786e+01,1.811077027627483460e+01,2.002498439450078749e+01,4.780167361086847677e+01,3.420526275297414287e+01,4.031128874149274566e+01,3.000000000000000000e+01,2.734878269079840329e+00
1.400000000000000000e+01,2.061552812808830382e+01,2.102379604162863913e+01,2.308679276123039159e+01,4.440720662234903671e+01,3.395585369269929288e+01,3.860051813123756403e+01,3.189043743820394994e+01,2.745577918716068044e+00
1.603121954188139853e+01,1.972308292331602075e+01,2.308679276123039159e+01,2.844292530665578411e+01,4.802082881417187821e+01,3.401470270338990076e+01,3.847076812334268681e+01,3.330165161069342616e+01,2.827572092802092207e+00
1.414213562373095101e+01,1.838477631085023489e+01,2.118962010041709121e+01,2.801785145224380003e+01,4.875448697299562184e+01,3.471310991541956525e+01,3.785498646149540036e+01,3.764306044943742080e+01,2.834916334188110731e+00
1.581138830084189628e+01,1.513274595042155646e+01,2.102379604162863913e+01,2.451530134426252516e+01,4.767598976424086743e+01,3.807886552931954327e+01,4.229657196511320194e+01,3.992492955535426091e+01,2.802427314176425543e+00
1.664331697709323876e+01,1.500000000000000000e+01,2.247220505424423109e+01,2.647640458974745314e+01,4.964876634922563881e+01,4.031128874149274566e+01,4.275511665286389729e+01,3.992492955535426091e+01,2.788695793633915621e+00
1.414213562373095101e+01,1.600000000000000000e+01,2.561249694973139412e+01,2.668332812825266842e+01,5.346026561849463832e+01,4.420407221060068537e+01,4.301162633521313694e+01,4.110960958218893069e+01,2.879970200992579610e+00
1.442220510185595650e+01,1.802775637731994607e+01,2.420743687382040932e+01,2.692582403567251959e+01,5.830951894845300387e+01,4.949747468305832854e+01,4.438468204234429493e+01,4.176122603564220270e+01,2.968671451759397062e+00
1.442220510185595650e+01,1.726267650163206824e+01,2.475883680627989492e+01,2.692582403567251959e+01,5.921148537234984843e+01,5.166236541235795698e+01,4.428317965096906050e+01,4.123105625617660763e+01,2.950373799000703290e+00
1.442220510185595650e+01,1.802775637731994607e+01,2.483948469674844262e+01,2.789265136196270589e+01,6.020797289396147534e+01,5.173973328110611902e+01,4.338202392696772591e+01,4.123105625617660763e+01,3.007753651762047120e+00
1.442220510185595650e+01,1.800000000000000000e+01,2.483948469674844262e+01,2.886173937932362321e+01,5.921148537234984843e+01,5.240229002629560995e+01,4.338202392696772591e+01,4.002499219237900263e+01,3.002320264874628108e+00
1.360147050873544394e+01,1.800000000000000000e+01,2.483948469674844262e+01,2.789265136196270589e+01,6.020797289396147534e+01,5.315072906367324634e+01,4.338202392696772591e+01,4.002499219237900263e+01,3.020295753485491286e+00
1.360147050873544394e+01,1.802775637731994607e+01,2.483948469674844262e+01,2.886173937932362321e+01,6.020797289396147534e+01,5.315072906367324634e+01,4.338202392696772591e+01,4.002499219237900263e+01,3.020295753485491286e+00
1.360147050873544394e+01,1.802775637731994607e+01,2.483948469674844262e+01,2.886173937932362321e+01,6.020797289396147534e+01,5.315072906367324634e+01,4.338202392696772591e+01,4.002499219237900263e+01,3.020295753485491286e+00
1.360147050873544394e+01,1.802775637731994607e+01,2.483948469674844262e+01,2.886173937932362321e+01,6.020797289396147534e+01,5.315072906367324634e+01,4.338202392696772591e+01,4.002499219237900263e+01,3.020295753485491286e+00
1.220655561573370207e+01,1.811077027627483460e+01,2.483948469674844262e+01,2.863564212655270680e+01,6.020797289396147534e+01,5.249761899362675166e+01,4.338202392696772591e+01,4.026164427839479032e+01,3.065827811325001040e+00
1.303840481040529831e+01,1.802775637731994607e+01,2.483948469674844262e+01,2.863564212655270680e+01,6.020797289396147534e+01,5.249761899362675166e+01,4.338202392696772591e+01,4.026164427839479032e+01,3.051644365333692210e+00
1.303840481040529831e+01,1.811077027627483460e+01,2.420743687382040932e+01,2.863564212655270680e+01,6.020797289396147534e+01,5.249761899362675166e+01,4.338202392696772591e+01,4.026164427839479032e+01,3.065827811325001040e+00
1.303840481040529831e+01,1.802775637731994607e+01,2.408318915758459156e+01,2.886173937932362321e+01,6.029925372672533967e+01,5.315072906367324634e+01,4.338202392696772591e+01,4.026164427839479032e+01,3.010686512708134810e+00
1.303840481040529831e+01,1.802775637731994607e+01,2.408318915758459156e+01,2.886173937932362321e+01,6.029925372672533967e+01,5.315072906367324634e+01,4.248529157249600274e+01,4.002499219237900263e+01,3.020295753485491286e+00
1.303840481040529831e+01,1.802775637731994607e+01,2.408318915758459156e+01,2.886173937932362321e+01,6.029925372672533967e+01,5.315072906367324634e+01,4.338202392696772591e+01,4.026164427839479032e+01,3.010686512708134810e+00
1.303840481040529831e+01,1.802775637731994607e+01,2.420743687382040932e+01,2.765863337187866122e+01,6.120457499239742560e+01,5.390732788777421547e+01,4.382921400162225467e+01,4.100000000000000000e+01,3.076385307481102060e+00
1.303840481040529831e+01,1.802775637731994607e+01,2.343074902771996193e+01,2.789265136196270589e+01,6.129437168288782090e+01,5.456189146281496249e+01,4.338202392696772591e+01,4.002499219237900263e+01,3.029443850313029429e+00
1.303840481040529831e+01,1.802775637731994607e+01,2.420743687382040932e+01,2.765863337187866122e+01,6.120457499239742560e+01,5.326349594234309848e+01,4.338202392696772591e+01,4.026164427839479032e+01,3.071157218232470676e+00
1.303840481040529831e+01,1.802775637731994607e+01,2.408318915758459156e+01,2.886173937932362321e+01,6.029925372672533967e+01,5.315072906367324634e+01,4.338202392696772591e+01,4.026164427839479032e+01,3.010686512708134810e+00
1.303840481040529831e+01,1.802775637731994607e+01,2.483948469674844262e+01,2.863564212655270680e+01,6.020797289396147534e+01,5.249761899362675166e+01,4.338202392696772591e+01,4.026164427839479032e+01,3.051644365333692210e+00
1.220655561573370207e+01,1.811077027627483460e+01,2.408318915758459156e+01,2.886173937932362321e+01,6.029925372672533967e+01,5.315072906367324634e+01,4.338202392696772591e+01,4.026164427839479032e+01,3.024051452011081054e+00
1.303840481040529831e+01,1.802775637731994607e+01,2.343074902771996193e+01,2.789265136196270589e+01,6.129437168288782090e+01,5.390732788777421547e+01,4.338202392696772591e+01,4.026164427839479032e+01,3.029443850313029429e+00
1.303840481040529831e+01,1.802775637731994607e+01,2.408318915758459156e+01,2.886173937932362321e+01,6.029925372672533967e+01,5.315072906367324634e+01,4.338202392696772591e+01,4.026164427839479032e+01,3.010686512708134810e+00
1.303840481040529831e+01,1.802775637731994607e+01,2.343074902771996193e+01,2.789265136196270589e+01,6.129437168288782090e+01,5.390732788777421547e+01,4.248529157249600274e+01,4.002499219237900263e+01,3.038990099695906721e+00
1.486606874731850603e+01,1.900000000000000000e+01,2.280350850198275836e+01,2.863564212655270680e+01,6.251399843235113707e+01,5.522680508593630577e+01,4.204759208325727826e+01,4.002499219237900263e+01,3.054428588924627430e+00
1.552417469626002422e+01,1.910497317454279909e+01,2.302172886644267535e+01,3.026549190084311292e+01,6.328506932918696037e+01,5.825804665451803288e+01,4.070626487409523975e+01,3.733630940518894192e+01,3.160045787743576806e+00
1.964688270438849926e+01,2.158703314492290204e+01,2.420743687382040932e+01,2.983286778035259701e+01,6.537583651472461099e+01,6.080296045424104534e+01,3.944616584663204151e+01,3.634556369077249371e+01,3.082769139816162962e+00
2.376972864800942631e+01,2.416609194718914466e+01,2.475883680627989492e+01,3.162277660168379256e+01,6.747592163134935106e+01,6.603029607687670932e+01,3.827531841800927737e+01,3.405877273185280529e+01,3.006421954940784236e+00
2.549509756796392423e+01,2.745906043549196340e+01,2.404163056034261459e+01,2.915475947422650194e+01,7.045565981523414223e+01,6.767569726275452524e+01,3.720215047547655018e+01,3.600000000000000000e+01,3.028192373157480688e+00
2.158703314492290204e+01,2.435159132377184221e+01,2.220360331117451835e+01,2.785677655436823841e+01,7.496665925596525426e+01,6.640030120413611314e+01,3.721558813185679071e+01,4.019950248448355978e+01,3.064882201218952495e+00
2.668332812825266842e+01,2.641968962724581260e+01,2.561249694973139412e+01,3.036445290137795183e+01,7.414849964766651169e+01,6.481512169239520915e+01,3.623534186398687496e+01,3.931920650267500150e+01,2.999695598985629097e+00
2.596150997149434048e+01,2.594224354214569317e+01,2.549509756796392423e+01,3.195309061734091571e+01,7.021395872616783151e+01,6.420280367709808900e+01,3.635931792539568619e+01,3.733630940518894192e+01,2.956244703594098411e+00
2.507987240796890660e+01,2.418677324489564739e+01,2.758622844826744469e+01,3.324154027718932269e+01,6.519202405202648265e+01,6.220128616033594682e+01,4.022437072223753063e+01,3.801315561749642313e+01,2.940285042161884022e+00
2.785677655436823841e+01,2.607680962081059661e+01,2.758622844826744469e+01,3.324154027718932269e+01,6.319810123729984497e+01,6.140032573203500732e+01,4.022437072223753063e+01,3.701351104664349378e+01,2.944197093739912674e+00
2.624880949681337583e+01,2.778488797889960793e+01,2.765863337187866122e+01,3.101612483854164637e+01,6.527633568147035703e+01,6.200806399170998162e+01,4.104875150354758517e+01,3.905124837953326988e+01,3.008554147871667084e+00
2.600000000000000000e+01,2.765863337187866122e+01,2.441311123146740414e+01,3.471310991541956525e+01,6.549045732013176746e+01,6.325345840347387849e+01,4.104875150354758517e+01,3.905124837953326988e+01,3.159939218702913166e+00
1.118033988749894903e+01,1.835755975068581947e+01,2.549509756796392423e+01,3.006659275674581622e+01,6.942621983083913051e+01,7.003570517957251695e+01,3.807886552931954327e+01,3.601388621073821383e+01,3.354907694641043214e+00
1.131370849898476116e+01,1.720465053408525335e+01,2.785677655436823841e+01,2.828427124746190202e+01,6.573431371817918034e+01,6.859300255857006334e+01,3.858756276314947797e+01,3.601388621073821383e+01,3.407844702740718823e+00
1.166190378969060149e+01,1.838477631085023489e+01,2.906888370749726747e+01,3.014962686336266984e+01,6.552098900352466160e+01,6.726812023536855634e+01,3.758989225842500304e+01,3.601388621073821383e+01,3.295414681001858082e+00
1.272792206135785520e+01,1.581138830084189628e+01,2.823118842698620767e+01,2.927456233660889495e+01,6.673080248281148386e+01,6.735725647619564427e+01,3.488552708502481892e+01,3.505709628591620941e+01,3.255168670649668083e+00
1.303840481040529831e+01,1.526433752247374720e+01,2.906888370749726747e+01,2.807133769523639799e+01,6.640783086353596332e+01,6.103277807866851390e+01,3.401470270338990076e+01,4.204759208325727826e+01,3.191121080510972430e+00
1.431782106327635340e+01,1.421267040355189515e+01,2.823118842698620767e+01,2.607680962081059661e+01,6.293647591023825072e+01,5.882176467941096831e+01,3.269556544854363267e+01,3.901281840626231912e+01,3.203282117474523183e+00
1.431782106327635340e+01,1.442220510185595650e+01,2.863564212655270680e+01,2.601922366251537611e+01,6.293647591023825072e+01,5.882176467941096831e+01,3.231098884280702066e+01,3.801315561749642313e+01,3.169521240843857779e+00
1.341640786499873883e+01,1.640121946685672683e+01,2.915475947422650194e+01,2.707397274136176790e+01,6.113100686231170044e+01,5.964059020499377795e+01,3.546829570193639825e+01,3.800000000000000000e+01,3.267015554006119871e+00
1.523154621172781731e+01,1.442220510185595650e+01,3.008321791298264714e+01,2.507987240796890660e+01,5.797413216254297907e+01,5.936328831862331867e+01,3.733630940518894192e+01,3.700000000000000000e+01,3.203446379215636686e+00
1.392838827718411920e+01,1.500000000000000000e+01,2.731300056749532601e+01,2.500000000000000000e+01,5.651548460377916427e+01,5.768882040742382600e+01,3.640054944640259293e+01,3.601388621073821383e+01,3.180314209569896633e+00
1.552417469626002422e+01,1.476482306023340030e+01,2.773084924772409465e+01,2.319482700948640286e+01,5.707013229352109818e+01,5.780138406647370175e+01,3.546829570193639825e+01,3.405877273185280529e+01,3.132525544561476138e+00
1.392838827718411920e+01,1.523154621172781731e+01,2.906888370749726747e+01,2.402082429892862692e+01,5.671860364994893189e+01,5.700877125495689768e+01,3.676955262170046979e+01,3.505709628591620941e+01,3.216220159297305869e+00
1.300000000000000000e+01,1.615549442140351033e+01,2.729468812791236232e+01,2.418677324489564739e+01,5.885575587824864385e+01,5.841232746604093506e+01,3.832753579347360073e+01,3.201562118716424266e+01,3.124815704324179766e+00
1.360147050873544394e+01,1.552417469626002422e+01,2.983286778035259701e+01,2.745906043549196340e+01,5.787054518492114852e+01,5.500000000000000000e+01,3.921734310225515685e+01,3.712142238654116966e+01,2.960427928764163052e+00
1.456021977856103611e+01,1.431782106327635340e+01,2.900000000000000000e+01,2.789265136196270589e+01,5.869412236331675814e+01,5.672741841473133917e+01,4.248529157249600274e+01,4.019950248448355978e+01,2.877362846373843652e+00
1.300000000000000000e+01,1.702938636592640265e+01,2.828427124746190202e+01,2.751363298439520833e+01,5.941380311005179493e+01,5.658621740318043436e+01,4.294182110716777601e+01,4.019950248448355978e+01,2.933513739519562513e+00
1.252996408614166768e+01,1.581138830084189628e+01,2.624880949681337583e+01,2.863564212655270680e+01,5.742821606144492108e+01,5.448853090330111115e+01,4.294182110716777601e+01,4.031128874149274566e+01,2.985698824636729753e+00
1.303840481040529831e+01,1.486606874731850603e+01,2.483948469674844262e+01,2.863564212655270680e+01,5.643580423808985103e+01,5.381449618829483938e+01,4.254409477236529824e+01,4.119465984809195902e+01,2.957183376660085017e+00
1.341640786499873883e+01,1.392838827718411920e+01,2.549509756796392423e+01,2.863564212655270680e+01,5.532630477449221473e+01,5.315072906367324634e+01,4.304648650006176780e+01,4.210700654285459876e+01,2.927732346731501067e+00
1.392838827718411920e+01,1.523154621172781731e+01,2.624880949681337583e+01,2.886173937932362321e+01,5.423098745182499414e+01,5.240229002629560995e+01,4.356604182158393002e+01,4.210700654285459876e+01,2.950298712933439482e+00
1.360147050873544394e+01,1.581138830084189628e+01,2.758622844826744469e+01,2.912043955712207222e+01,5.423098745182499414e+01,5.315072906367324634e+01,4.356604182158393002e+01,4.204759208325727826e+01,2.937686769053382996e+00
1.627882059609970611e+01,1.552417469626002422e+01,2.920616373302046753e+01,2.555386467836127551e+01,5.115662224971465122e+01,4.904079934095691584e+01,4.254409477236529824e+01,4.110960958218893069e+01,2.700715435482797133e+00
1.529705854077835525e+01,1.708800749063506075e+01,2.801785145224380003e+01,2.500000000000000000e+01,5.108815909777920439e+01,4.904079934095691584e+01,4.254409477236529824e+01,4.104875150354758517e+01,2.672936739218644497e+00
1.403566884761819900e+01,1.700000000000000000e+01,2.954657340538831534e+01,2.475883680627989492e+01,5.108815909777920439e+01,4.604345773288535071e+01,4.031128874149274566e+01,4.104875150354758517e+01,2.526599060708536904e+00
1.603121954188139853e+01,1.526433752247374720e+01,2.954657340538831534e+01,2.475883680627989492e+01,5.103920062069938268e+01,4.580392996239514503e+01,4.031128874149274566e+01,4.004996878900157498e+01,2.461797381608118673e+00
1.600000000000000000e+01,1.655294535724684835e+01,2.952964612046680060e+01,2.549509756796392423e+01,5.015974481593781320e+01,4.494441010848846219e+01,4.308131845707602992e+01,4.242640687119285303e+01,2.476818158772447820e+00
1.603121954188139853e+01,1.612451549659709826e+01,2.954657340538831534e+01,2.690724809414741969e+01,5.024937810560444973e+01,4.632493928760187885e+01,4.123105625617660763e+01,4.119465984809195902e+01,2.422255982841114985e+00
1.700000000000000000e+01,1.500000000000000000e+01,2.954657340538831534e+01,2.475883680627989492e+01,5.008991914547277702e+01,4.522167621838005402e+01,4.162931659299729859e+01,4.119465984809195902e+01,2.409328933648298587e+00
1.811077027627483460e+01,1.442220510185595650e+01,3.138470965295043058e+01,2.617250465660480074e+01,4.909175083453430943e+01,4.465422712353221613e+01,4.162931659299729859e+01,4.119465984809195902e+01,2.367052898561693652e+00
1.923538406167134340e+01,1.345362404707370985e+01,3.101612483854164637e+01,2.475883680627989492e+01,5.108815909777920439e+01,4.522167621838005402e+01,4.123105625617660763e+01,4.119465984809195902e+01,2.293940819324602920e+00
2.408318915758459156e+01,1.208304597359457233e+01,3.101612483854164637e+01,2.408318915758459156e+01,5.203844732503075221e+01,4.482186966202993972e+01,4.071854614300466579e+01,4.119465984809195902e+01,2.178417996520044309e+00
2.459674775249768786e+01,2.154065922853801496e+01,2.773084924772409465e+01,2.408318915758459156e+01,5.300000000000000000e+01,4.527692569068708650e+01,4.114608122288196768e+01,4.019950248448355978e+01,2.390239986668329042e+00
2.236067977499789805e+01,2.163330765278393741e+01,2.729468812791236232e+01,2.483948469674844262e+01,5.400925846556310717e+01,4.669047011971500893e+01,4.254409477236529824e+01,4.119465984809195902e+01,2.491027461179157854e+00
2.236067977499789805e+01,2.163330765278393741e+01,2.729468812791236232e+01,2.483948469674844262e+01,5.403702434442518410e+01,4.669047011971500893e+01,4.254409477236529824e+01,4.110960958218893069e+01,2.501920276522787034e+00
2.385372088375312671e+01,2.385372088375312671e+01,2.692582403567251959e+01,2.483948469674844262e+01,5.503635162326805386e+01,4.742362280551750331e+01,4.254409477236529824e+01,4.110960958218893069e+01,2.544870924951661451e+00
2.385372088375312671e+01,2.385372088375312671e+01,2.607680962081059661e+01,2.420743687382040932e+01,5.600892785976178345e+01,4.816637831516918311e+01,4.167733196834941367e+01,4.110960958218893069e+01,2.545186886494578360e+00
2.247220505424423109e+01,2.280350850198275836e+01,2.555386467836127551e+01,2.561249694973139412e+01,5.600892785976178345e+01,4.883646178829911833e+01,4.341658669218482203e+01,4.119465984809195902e+01,2.518978360411886719e+00
2.195449840010014952e+01,2.280350850198275836e+01,2.641968962724581260e+01,2.561249694973139412e+01,5.500000000000000000e+01,4.810405388322277531e+01,4.167733196834941367e+01,4.110960958218893069e+01,2.524546231604808622e+00
2.195449840010014952e+01,2.202271554554523902e+01,2.555386467836127551e+01,2.561249694973139412e+01,5.600000000000000000e+01,4.883646178829911833e+01,4.167733196834941367e+01,4.110960958218893069e+01,2.524401262049431161e+00
2.059126028197400160e+01,2.126029162546929996e+01,2.555386467836127551e+01,2.483948469674844262e+01,5.600000000000000000e+01,4.810405388322277531e+01,4.254409477236529824e+01,4.219004621945797595e+01,2.538653817496185461e+00
2.012461179749810825e+01,2.121320343559642652e+01,2.555386467836127551e+01,2.561249694973139412e+01,5.600000000000000000e+01,4.810405388322277531e+01,4.254409477236529824e+01,4.219004621945797595e+01,2.533737436261906950e+00
2.059126028197400160e+01,2.193171219946130890e+01,2.555386467836127551e+01,2.561249694973139412e+01,5.600000000000000000e+01,4.742362280551750331e+01,4.254409477236529824e+01,4.229657196511320194e+01,2.538653817496185461e+00
2.059126028197400160e+01,2.126029162546929996e+01,2.641968962724581260e+01,2.549509756796392423e+01,5.500000000000000000e+01,4.738143096192853676e+01,4.254409477236529824e+01,4.219004621945797595e+01,2.538155232202928602e+00
2.059126028197400160e+01,2.202271554554523902e+01,2.641968962724581260e+01,2.483948469674844262e+01,5.500000000000000000e+01,4.738143096192853676e+01,4.254409477236529824e+01,4.219004621945797595e+01,2.538155232202928602e+00
2.059126028197400160e+01,2.126029162546929996e+01,2.555386467836127551e+01,2.483948469674844262e+01,5.600892785976178345e+01,4.742362280551750331e+01,4.341658669218482203e+01,4.229657196511320194e+01,2.538653817496185461e+00
2.059126028197400160e+01,2.126029162546929996e+01,2.555386467836127551e+01,2.483948469674844262e+01,5.600892785976178345e+01,4.742362280551750331e+01,4.341658669218482203e+01,4.229657196511320194e+01,2.538653817496185461e+00
2.109502310972898798e+01,2.202271554554523902e+01,2.555386467836127551e+01,2.483948469674844262e+01,5.600892785976178345e+01,4.742362280551750331e+01,4.341658669218482203e+01,4.229657196511320194e+01,2.543279131412991667e+00
2.109502310972898798e+01,2.202271554554523902e+01,2.555386467836127551e+01,2.483948469674844262e+01,5.600892785976178345e+01,4.742362280551750331e+01,4.341658669218482203e+01,4.229657196511320194e+01,2.543279131412991667e+00
2.059126028197400160e+01,2.126029162546929996e+01,2.555386467836127551e+01,2.483948469674844262e+01,5.600000000000000000e+01,4.742362280551750331e+01,4.254409477236529824e+01,4.229657196511320194e+01,2.538653817496185461e+00
2.059126028197400160e+01,2.126029162546929996e+01,2.555386467836127551e+01,2.483948469674844262e+01,5.600892785976178345e+01,4.742362280551750331e+01,4.341658669218482203e+01,4.229657196511320194e+01,2.538653817496185461e+00
2.059126028197400160e+01,2.126029162546929996e+01,2.641968962724581260e+01,2.549509756796392423e+01,5.600892785976178345e+01,4.742362280551750331e+01,4.341658669218482203e+01,4.229657196511320194e+01,2.543279131412991667e+00
2.109502310972898798e+01,2.126029162546929996e+01,2.555386467836127551e+01,2.549509756796392423e+01,5.600000000000000000e+01,4.810405388322277531e+01,4.254409477236529824e+01,4.219004621945797595e+01,2.543279131412991667e+00
2.109502310972898798e+01,2.126029162546929996e+01,2.555386467836127551e+01,2.549509756796392423e+01,5.600892785976178345e+01,4.742362280551750331e+01,4.341658669218482203e+01,4.229657196511320194e+01,2.543279131412991667e+00
2.059126028197400160e+01,2.051828452868319275e+01,2.555386467836127551e+01,2.549509756796392423e+01,5.600000000000000000e+01,4.742362280551750331e+01,4.254409477236529824e+01,4.229657196511320194e+01,2.538653817496185461e+00
2.012461179749810825e+01,2.051828452868319275e+01,2.641968962724581260e+01,2.549509756796392423e+01,5.600892785976178345e+01,4.810405388322277531e+01,4.341658669218482203e+01,4.219004621945797595e+01,2.538653817496185461e+00
2.147091055358388800e+01,2.126029162546929996e+01,2.607680962081059661e+01,2.483948469674844262e+01,5.600000000000000000e+01,4.742362280551750331e+01,4.254409477236529824e+01,4.229657196511320194e+01,2.538653817496185461e+00
2.059126028197400160e+01,2.126029162546929996e+01,2.555386467836127551e+01,2.483948469674844262e+01,5.600892785976178345e+01,4.742362280551750331e+01,4.341658669218482203e+01,4.229657196511320194e+01,2.538653817496185461e+00
2.059126028197400160e+01,2.126029162546929996e+01,2.555386467836127551e+01,2.483948469674844262e+01,5.600892785976178345e+01,4.810405388322277531e+01,4.341658669218482203e+01,4.219004621945797595e+01,2.538653817496185461e+00
2.012461179749810825e+01,2.121320343559642652e+01,2.692582403567251959e+01,2.549509756796392423e+01,5.600892785976178345e+01,4.810405388322277531e+01,4.341658669218482203e+01,4.219004621945797595e+01,2.569295564873364857e+00
2.012461179749810825e+01,2.121320343559642652e+01,2.692582403567251959e+01,2.549509756796392423e+01,5.600892785976178345e+01,4.742362280551750331e+01,4.341658669218482203e+01,4.229657196511320194e+01,2.569295564873364857e+00
1.923538406167134340e+01,2.051828452868319275e+01,2.549509756796392423e+01,2.624880949681337583e+01,5.500909015790026757e+01,4.808326112068522917e+01,4.341658669218482203e+01,4.229657196511320194e+01,2.482126273088595347e+00
2.024845673131658685e+01,2.202271554554523902e+01,2.555386467836127551e+01,2.408318915758459156e+01,5.600892785976178345e+01,4.742362280551750331e+01,4.341658669218482203e+01,4.229657196511320194e+01,2.573026890840023562e+00
2.202271554554523902e+01,2.280350850198275836e+01,2.469817807045693669e+01,2.475883680627989492e+01,5.600892785976178345e+01,4.742362280551750331e+01,4.341658669218482203e+01,4.229657196511320194e+01,2.579858552276418138e+00
2.267156809750926882e+01,2.280350850198275836e+01,2.385372088375312671e+01,2.475883680627989492e+01,5.600892785976178345e+01,4.742362280551750331e+01,4.254409477236529824e+01,4.219004621945797595e+01,2.590462754698201309e+00
2.420743687382040932e+01,2.332380757938120297e+01,2.469817807045693669e+01,2.408318915758459156e+01,5.600892785976178345e+01,4.810405388322277531e+01,4.254409477236529824e+01,4.210700654285459876e+01,2.539106084427282362e+00
2.475883680627989492e+01,2.555386467836127551e+01,2.469817807045693669e+01,2.408318915758459156e+01,5.500909015790026757e+01,4.810405388322277531e+01,4.304648650006176780e+01,4.210700654285459876e+01,2.573427365767852137e+00
2.420743687382040932e+01,2.418677324489564739e+01,2.555386467836127551e+01,2.408318915758459156e+01,5.600892785976178345e+01,4.742362280551750331e+01,4.254409477236529824e+01,4.219004621945797595e+01,2.543492021216074761e+00
2.360084744241189370e+01,2.332380757938120297e+01,2.555386467836127551e+01,2.408318915758459156e+01,5.600892785976178345e+01,4.742362280551750331e+01,4.254409477236529824e+01,4.219004621945797595e+01,2.539106084427282362e+00
2.360084744241189370e+01,2.332380757938120297e+01,2.555386467836127551e+01,2.408318915758459156e+01,5.600892785976178345e+01,4.742362280551750331e+01,4.254409477236529824e+01,4.219004621945797595e+01,2.539106084427282362e+00
2.280350850198275836e+01,2.302172886644267535e+01,2.555386467836127551e+01,2.475883680627989492e+01,5.600892785976178345e+01,4.742362280551750331e+01,4.254409477236529824e+01,4.219004621945797595e+01,2.566248738184389921e+00
2.220360331117451835e+01,2.220360331117451835e+01,2.555386467836127551e+01,2.475883680627989492e+01,5.600892785976178345e+01,4.742362280551750331e+01,4.254409477236529824e+01,4.219004621945797595e+01,2.562357707237745252e+00
2.220360331117451835e+01,2.360084744241189370e+01,2.555386467836127551e+01,2.483948469674844262e+01,5.600892785976178345e+01,4.742362280551750331e+01,4.254409477236529824e+01,4.219004621945797595e+01,2.562357707237745252e+00
2.220360331117451835e+01,2.280350850198275836e+01,2.555386467836127551e+01,2.549509756796392423e+01,5.600892785976178345e+01,4.742362280551750331e+01,4.254409477236529824e+01,4.219004621945797595e+01,2.562357707237745252e+00
2.220360331117451835e+01,2.280350850198275836e+01,2.555386467836127551e+01,2.549509756796392423e+01,5.600892785976178345e+01,4.742362280551750331e+01,4.254409477236529824e+01,4.219004621945797595e+01,2.562357707237745252e+00
2.163330765278393741e+01,2.140093455903269515e+01,2.555386467836127551e+01,2.475883680627989492e+01,5.600892785976178345e+01,4.742362280551750331e+01,4.254409477236529824e+01,4.219004621945797595e+01,2.558242504130634032e+00
2.343074902771996193e+01,2.385372088375312671e+01,2.459674775249768786e+01,2.624880949681337583e+01,5.600892785976178345e+01,4.879549159502340672e+01,4.341658669218482203e+01,4.229657196511320194e+01,2.485784473885837453e+00
2.758622844826744469e+01,2.594224354214569317e+01,2.418677324489564739e+01,2.624880949681337583e+01,5.600892785976178345e+01,4.879549159502340672e+01,4.341658669218482203e+01,4.229657196511320194e+01,2.475368183954867796e+00
2.831960451701259274e+01,2.865309756378880479e+01,2.523885892824792521e+01,2.549509756796392423e+01,5.800000000000000000e+01,4.957822102496216132e+01,4.341658669218482203e+01,4.229657196511320194e+01,2.574760012755040961e+00
3.275667870831839679e+01,3.312099032335839155e+01,2.360084744241189370e+01,2.617250465660480074e+01,5.800000000000000000e+01,5.032891812864647818e+01,4.390899680020029905e+01,4.229657196511320194e+01,2.634401004637368260e+00
3.269556544854363267e+01,3.522782990761707111e+01,2.343074902771996193e+01,2.617250465660480074e+01,5.600892785976178345e+01,4.883646178829911833e+01,4.304648650006176780e+01,4.229657196511320194e+01,2.729896536833818832e+00
2.500000000000000000e+01,2.801785145224380003e+01,1.868154169226940553e+01,3.014962686336266984e+01,5.008991914547277702e+01,4.280186911806539030e+01,4.338202392696772591e+01,4.373785545725807822e+01,3.306262938440053922e+00
2.267156809750926882e+01,3.176476034853718033e+01,1.811077027627483460e+01,3.041381265149109936e+01,4.509988913511872255e+01,3.905124837953326988e+01,4.589117562233506220e+01,4.609772228646443892e+01,3.559119146576088077e+00
2.267156809750926882e+01,3.138470965295043058e+01,1.802775637731994607e+01,3.104834939252004844e+01,4.589117562233506220e+01,3.807886552931954327e+01,3.920459156782531807e+01,4.148493702538308270e+01,3.556793353021119763e+00
2.209072203437452231e+01,3.635931792539568619e+01,1.780449381476485726e+01,2.360084744241189370e+01,4.589117562233506220e+01,3.832753579347360073e+01,4.104875150354758517e+01,3.984971769034255118e+01,2.082550642519199968e+00
2.002498439450078749e+01,3.535533905932737753e+01,1.702938636592640265e+01,2.202271554554523902e+01,4.341658669218482203e+01,3.901281840626231912e+01,4.011234224026316042e+01,3.984971769034255118e+01,2.064551614585251826e+00
1.910497317454279909e+01,3.443835071544512516e+01,1.697056274847713908e+01,2.334523505985750447e+01,4.148493702538308270e+01,3.901281840626231912e+01,3.911521443121588959e+01,3.956008088970496317e+01,2.080327916410342759e+00
2.209072203437452231e+01,3.671511950137163893e+01,1.769180601295413169e+01,2.334523505985750447e+01,4.123105625617660763e+01,3.801315561749642313e+01,3.911521443121588959e+01,3.956008088970496317e+01,2.079342131385612635e+00
2.433105012119287736e+01,3.712142238654116966e+01,1.780449381476485726e+01,2.343074902771996193e+01,4.100000000000000000e+01,3.705401462729781059e+01,3.920459156782531807e+01,3.956008088970496317e+01,2.023080788531411933e+00
2.600000000000000000e+01,3.984971769034255118e+01,1.746424919657297892e+01,2.247220505424423109e+01,4.031128874149274566e+01,3.649657518178931781e+01,3.569313659514949677e+01,3.900000000000000000e+01,1.911965763735930413e+00
2.640075756488817049e+01,4.143669871020131978e+01,1.992485884517127559e+01,2.184032966784155505e+01,3.982461550347975532e+01,3.736308338453881106e+01,3.448187929913333249e+01,3.848376280978771291e+01,1.779726287430760445e+00
2.420743687382040932e+01,3.811823710509183627e+01,2.061552812808830382e+01,2.121320343559642652e+01,3.858756276314947797e+01,3.794733192202055250e+01,3.352610922848042208e+01,3.848376280978771291e+01,1.755431464101054218e+00
2.280350850198275836e+01,3.701351104664349378e+01,2.039607805437113797e+01,2.121320343559642652e+01,3.827531841800927737e+01,3.862641583165593318e+01,3.383784863137726262e+01,3.891015291668743714e+01,1.767852097327239580e+00
2.523885892824792521e+01,3.820994634908559817e+01,2.137755832643194864e+01,2.121320343559642652e+01,3.827531841800927737e+01,3.862641583165593318e+01,3.289376840679705083e+01,3.848376280978771291e+01,1.807228189489149095e+00
2.523885892824792521e+01,3.733630940518894192e+01,2.061552812808830382e+01,2.121320343559642652e+01,3.773592452822641263e+01,3.733630940518894192e+01,3.383784863137726262e+01,3.801315561749642313e+01,1.839825334607102292e+00
2.523885892824792521e+01,3.748332962798262713e+01,2.061552812808830382e+01,2.022374841615668473e+01,3.827531841800927737e+01,3.769615364994152884e+01,3.383784863137726262e+01,3.935733730830885690e+01,1.846393898253312127e+00
2.607680962081059661e+01,3.748332962798262713e+01,2.061552812808830382e+01,2.121320343559642652e+01,3.773592452822641263e+01,3.640054944640259293e+01,3.289376840679705083e+01,3.801315561749642313e+01,1.851333118533218469e+00
2.607680962081059661e+01,3.748332962798262713e+01,2.061552812808830382e+01,2.121320343559642652e+01,3.773592452822641263e+01,3.640054944640259293e+01,3.289376840679705083e+01,3.801315561749642313e+01,1.851333118533218469e+00
2.607680962081059661e+01,3.748332962798262713e+01,2.039607805437113797e+01,2.022374841615668473e+01,3.827531841800927737e+01,3.769615364994152884e+01,3.289376840679705083e+01,3.891015291668743714e+01,1.839825334607102292e+00
2.607680962081059661e+01,3.748332962798262713e+01,2.061552812808830382e+01,2.121320343559642652e+01,3.773592452822641263e+01,3.676955262170046979e+01,3.289376840679705083e+01,3.891015291668743714e+01,1.851333118533218469e+00
2.607680962081059661e+01,3.748332962798262713e+01,2.039607805437113797e+01,2.022374841615668473e+01,3.827531841800927737e+01,3.769615364994152884e+01,3.289376840679705083e+01,3.891015291668743714e+01,1.839825334607102292e+00
2.607680962081059661e+01,3.748332962798262713e+01,2.039607805437113797e+01,2.022374841615668473e+01,3.827531841800927737e+01,3.769615364994152884e+01,3.324154027718932269e+01,3.801315561749642313e+01,1.856469124077452015e+00
2.607680962081059661e+01,3.847076812334268681e+01,2.039607805437113797e+01,2.039607805437113797e+01,3.773592452822641263e+01,3.769615364994152884e+01,3.383784863137726262e+01,3.891015291668743714e+01,1.839825334607102292e+00
2.563201123595259290e+01,3.613862199918530393e+01,2.088061301782110135e+01,2.184032966784155505e+01,3.635931792539568619e+01,3.716180835212409050e+01,3.383784863137726262e+01,3.891015291668743714e+01,1.999415200033196394e+00
1.612451549659709826e+01,2.915475947422650194e+01,1.627882059609970611e+01,2.334523505985750447e+01,3.981205847478876336e+01,3.668787265568828104e+01,3.764306044943742080e+01,4.024922359499621649e+01,2.346136153799430524e+00
1.216552506059643868e+01,2.879236009777593708e+01,1.627882059609970611e+01,2.280350850198275836e+01,4.071854614300466579e+01,3.613862199918530393e+01,3.613862199918530393e+01,4.071854614300466579e+01,2.288880614399639857e+00
1.414213562373095101e+01,2.823118842698620767e+01,1.627882059609970611e+01,2.267156809750926882e+01,3.900000000000000000e+01,3.613862199918530393e+01,3.687817782917154830e+01,4.031128874149274566e+01,2.306258153456126614e+00
1.649242250247064234e+01,2.817800560721074277e+01,1.702938636592640265e+01,2.408318915758459156e+01,3.900000000000000000e+01,3.590264614203248072e+01,3.687817782917154830e+01,3.939543120718441571e+01,2.402653693620878883e+00
1.711724276862369010e+01,2.952964612046680060e+01,1.555634918610404505e+01,2.202271554554523902e+01,3.939543120718441571e+01,3.710795063055894616e+01,3.710795063055894616e+01,3.939543120718441571e+01,2.351680774436666344e+00
1.711724276862369010e+01,2.952964612046680060e+01,1.555634918610404505e+01,2.202271554554523902e+01,3.939543120718441571e+01,3.687817782917154830e+01,3.687817782917154830e+01,3.939543120718441571e+01,2.336653004064671357e+00
1.726267650163206824e+01,2.952964612046680060e+01,1.555634918610404505e+01,2.280350850198275836e+01,3.939543120718441571e+01,3.736308338453881106e+01,3.710795063055894616e+01,4.031128874149274566e+01,2.384379396037095589e+00
1.824828759089465890e+01,3.001666203960726875e+01,1.555634918610404505e+01,2.280350850198275836e+01,3.939543120718441571e+01,3.736308338453881106e+01,3.710795063055894616e+01,4.031128874149274566e+01,2.393511562256506853e+00
1.711724276862369010e+01,3.041381265149109936e+01,1.697056274847713908e+01,2.267156809750926882e+01,4.031128874149274566e+01,3.687817782917154830e+01,3.710795063055894616e+01,3.939543120718441571e+01,2.315591817127326646e+00
1.811077027627483460e+01,2.952964612046680060e+01,1.555634918610404505e+01,2.267156809750926882e+01,4.031128874149274566e+01,3.687817782917154830e+01,3.710795063055894616e+01,3.939543120718441571e+01,2.346731050309787125e+00
1.802775637731994607e+01,3.041381265149109936e+01,1.555634918610404505e+01,2.267156809750926882e+01,4.031128874149274566e+01,3.687817782917154830e+01,3.710795063055894616e+01,3.939543120718441571e+01,2.315591817127326646e+00
1.702938636592640265e+01,3.041381265149109936e+01,1.720465053408525335e+01,2.475883680627989492e+01,3.862641583165593318e+01,3.517101079013794873e+01,3.710795063055894616e+01,3.939543120718441571e+01,2.363904437651801693e+00
1.702938636592640265e+01,3.041381265149109936e+01,1.627882059609970611e+01,2.267156809750926882e+01,4.031128874149274566e+01,3.687817782917154830e+01,3.710795063055894616e+01,3.939543120718441571e+01,2.315591817127326646e+00
1.811077027627483460e+01,3.001666203960726875e+01,1.555634918610404505e+01,2.202271554554523902e+01,3.939543120718441571e+01,3.710795063055894616e+01,3.710795063055894616e+01,3.939543120718441571e+01,2.361758820681782112e+00
1.824828759089465890e+01,2.915475947422650194e+01,1.627882059609970611e+01,2.267156809750926882e+01,3.900000000000000000e+01,3.613862199918530393e+01,3.710795063055894616e+01,3.939543120718441571e+01,2.394091030031183287e+00
1.726267650163206824e+01,3.001666203960726875e+01,1.627882059609970611e+01,2.280350850198275836e+01,3.939543120718441571e+01,3.736308338453881106e+01,3.710795063055894616e+01,4.031128874149274566e+01,2.393511562256506853e+00
1.726267650163206824e+01,2.915475947422650194e+01,1.702938636592640265e+01,2.267156809750926882e+01,3.900000000000000000e+01,3.613862199918530393e+01,3.710795063055894616e+01,3.939543120718441571e+01,2.394091030031183287e+00
1.726267650163206824e+01,3.001666203960726875e+01,1.627882059609970611e+01,2.280350850198275836e+01,3.939543120718441571e+01,3.710795063055894616e+01,3.710795063055894616e+01,3.939543120718441571e+01,2.393511562256506853e+00
1.726267650163206824e+01,3.001666203960726875e+01,1.627882059609970611e+01,2.280350850198275836e+01,3.939543120718441571e+01,3.736308338453881106e+01,3.710795063055894616e+01,4.031128874149274566e+01,2.393511562256506853e+00
1.726267650163206824e+01,3.001666203960726875e+01,1.627882059609970611e+01,2.280350850198275836e+01,3.939543120718441571e+01,3.710795063055894616e+01,3.710795063055894616e+01,3.939543120718441571e+01,2.393511562256506853e+00
1.726267650163206824e+01,3.001666203960726875e+01,1.627882059609970611e+01,2.280350850198275836e+01,3.939543120718441571e+01,3.640054944640259293e+01,3.710795063055894616e+01,4.071854614300466579e+01,2.393511562256506853e+00
1.726267650163206824e+01,2.968164415931165934e+01,1.702938636592640265e+01,2.202271554554523902e+01,3.900000000000000000e+01,3.613862199918530393e+01,3.710795063055894616e+01,3.939543120718441571e+01,2.394091030031183287e+00
1.726267650163206824e+01,2.915475947422650194e+01,1.702938636592640265e+01,2.267156809750926882e+01,3.900000000000000000e+01,3.544009029333869876e+01,3.710795063055894616e+01,4.071854614300466579e+01,2.394091030031183287e+00
1.726267650163206824e+01,2.915475947422650194e+01,1.627882059609970611e+01,2.202271554554523902e+01,3.939543120718441571e+01,3.640054944640259293e+01,3.710795063055894616e+01,4.071854614300466579e+01,2.393511562256506853e+00
1.726267650163206824e+01,2.968164415931165934e+01,1.702938636592640265e+01,2.202271554554523902e+01,3.900000000000000000e+01,3.544009029333869876e+01,3.710795063055894616e+01,4.071854614300466579e+01,2.394091030031183287e+00
1.726267650163206824e+01,2.915475947422650194e+01,1.702938636592640265e+01,2.267156809750926882e+01,3.900000000000000000e+01,3.544009029333869876e+01,3.710795063055894616e+01,4.071854614300466579e+01,2.394091030031183287e+00
1.824828759089465890e+01,3.023243291566194912e+01,1.702938636592640265e+01,2.202271554554523902e+01,3.900000000000000000e+01,3.544009029333869876e+01,3.710795063055894616e+01,4.071854614300466579e+01,2.402139146000464631e+00
1.726267650163206824e+01,2.968164415931165934e+01,1.702938636592640265e+01,2.202271554554523902e+01,3.900000000000000000e+01,3.544009029333869876e+01,3.710795063055894616e+01,4.071854614300466579e+01,2.394091030031183287e+00
1.726267650163206824e+01,2.968164415931165934e+01,1.702938636592640265e+01,2.202271554554523902e+01,3.900000000000000000e+01,3.544009029333869876e+01,3.710795063055894616e+01,4.071854614300466579e+01,2.394091030031183287e+00
1.726267650163206824e+01,2.968164415931165934e+01,1.702938636592640265e+01,2.202271554554523902e+01,3.900000000000000000e+01,3.544009029333869876e+01,3.710795063055894616e+01,4.071854614300466579e+01,2.394091030031183287e+00
1.726267650163206824e+01,2.968164415931165934e+01,1.702938636592640265e+01,2.202271554554523902e+01,3.900000000000000000e+01,3.544009029333869876e+01,3.710795063055894616e+01,4.071854614300466579e+01,2.394091030031183287e+00
1.726267650163206824e+01,2.968164415931165934e+01,1.702938636592640265e+01,2.202271554554523902e+01,3.900000000000000000e+01,3.544009029333869876e+01,3.710795063055894616e+01,4.071854614300466579e+01,2.394091030031183287e+00
1.824828759089465890e+01,2.968164415931165934e+01,1.627882059609970611e+01,2.202271554554523902e+01,3.939543120718441571e+01,3.640054944640259293e+01,3.710795063055894616e+01,4.071854614300466579e+01,2.402076663294866243e+00
1.824828759089465890e+01,2.968164415931165934e+01,1.627882059609970611e+01,2.202271554554523902e+01,3.939543120718441571e+01,3.640054944640259293e+01,3.710795063055894616e+01,4.071854614300466579e+01,2.402076663294866243e+00
1.824828759089465890e+01,2.968164415931165934e+01,1.627882059609970611e+01,2.202271554554523902e+01,3.939543120718441571e+01,3.640054944640259293e+01,3.710795063055894616e+01,4.071854614300466579e+01,2.402076663294866243e+00
1.824828759089465890e+01,2.968164415931165934e+01,1.627882059609970611e+01,2.202271554554523902e+01,3.939543120718441571e+01,3.640054944640259293e+01,3.710795063055894616e+01,4.071854614300466579e+01,2.402076663294866243e+00
1.824828759089465890e+01,3.023243291566194912e+01,1.702938636592640265e+01,2.202271554554523902e+01,3.900000000000000000e+01,3.640054944640259293e+01,3.710795063055894616e+01,4.031128874149274566e+01,2.402139146000464631e+00
1.824828759089465890e+01,2.968164415931165934e+01,1.702938636592640265e+01,2.267156809750926882e+01,3.900000000000000000e+01,3.544009029333869876e+01,3.710795063055894616e+01,4.071854614300466579e+01,2.402139146000464631e+00
1.824828759089465890e+01,2.968164415931165934e+01,1.702938636592640265e+01,2.267156809750926882e+01,3.900000000000000000e+01,3.613862199918530393e+01,3.710795063055894616e+01,3.939543120718441571e+01,2.402139146000464631e+00
1.824828759089465890e+01,2.968164415931165934e+01,1.627882059609970611e+01,2.202271554554523902e+01,3.939543120718441571e+01,3.640054944640259293e+01,3.710795063055894616e+01,4.071854614300466579e+01,2.402076663294866243e+00
1.824828759089465890e+01,2.968164415931165934e+01,1.627882059609970611e+01,2.202271554554523902e+01,3.939543120718441571e+01,3.640054944640259293e+01,3.710795063055894616e+01,4.071854614300466579e+01,2.402076663294866243e+00
1.824828759089465890e+01,2.968164415931165934e+01,1.627882059609970611e+01,2.202271554554523902e+01,3.939543120718441571e+01,3.710795063055894616e+01,3.710795063055894616e+01,3.939543120718441571e+01,2.402076663294866243e+00
1.824828759089465890e+01,2.968164415931165934e+01,1.627882059609970611e+01,2.202271554554523902e+01,3.939543120718441571e+01,3.640054944640259293e+01,3.710795063055894616e+01,4.071854614300466579e+01,2.402076663294866243e+00
1.824828759089465890e+01,2.968164415931165934e+01,1.627882059609970611e+01,2.202271554554523902e+01,3.939543120718441571e+01,3.710795063055894616e+01,3.710795063055894616e+01,3.939543120718441571e+01,2.402076663294866243e+00
1.811077027627483460e+01,3.052867504494749440e+01,1.627882059609970611e+01,2.202271554554523902e+01,3.939543120718441571e+01,3.613862199918530393e+01,3.710795063055894616e+01,3.981205847478876336e+01,2.371222260564340267e+00
1.811077027627483460e+01,3.052867504494749440e+01,1.627882059609970611e+01,2.202271554554523902e+01,3.939543120718441571e+01,3.613862199918530393e+01,3.710795063055894616e+01,3.981205847478876336e+01,2.371222260564340267e+00
1.824828759089465890e+01,2.968164415931165934e+01,1.627882059609970611e+01,2.202271554554523902e+01,3.939543120718441571e+01,3.640054944640259293e+01,3.710795063055894616e+01,4.071854614300466579e+01,2.402076663294866243e+00
1.824828759089465890e+01,2.968164415931165934e+01,1.627882059609970611e+01,2.202271554554523902e+01,3.939543120718441571e+01,3.710795063055894616e+01,3.710795063055894616e+01,3.939543120718441571e+01,2.402076663294866243e+00
1.824828759089465890e+01,2.968164415931165934e+01,1.627882059609970611e+01,2.202271554554523902e+01,3.939543120718441571e+01,3.640054944640259293e+01,3.710795063055894616e+01,4.071854614300466579e+01,2.402076663294866243e+00
1.824828759089465890e+01,2.968164415931165934e+01,1.627882059609970611e+01,2.202271554554523902e+01,3.939543120718441571e+01,3.640054944640259293e+01,3.710795063055894616e+01,4.071854614300466579e+01,2.402076663294866243e+00
1.923538406167134340e+01,3.080584360149872580e+01,1.627882059609970611e+01,2.140093455903269515e+01,3.939543120718441571e+01,3.710795063055894616e+01,3.710795063055894616e+01,3.939543120718441571e+01,2.410124779264147588e+00
1.941648783894759944e+01,3.000000000000000000e+01,1.702938636592640265e+01,2.202271554554523902e+01,3.900000000000000000e+01,3.613862199918530393e+01,3.710795063055894616e+01,3.939543120718441571e+01,2.439335722080786084e+00
1.964688270438849926e+01,3.000000000000000000e+01,1.702938636592640265e+01,2.280350850198275836e+01,3.807886552931954327e+01,3.640054944640259293e+01,3.710795063055894616e+01,3.939543120718441571e+01,2.484784753533191282e+00
1.941648783894759944e+01,3.000000000000000000e+01,1.702938636592640265e+01,2.202271554554523902e+01,3.807886552931954327e+01,3.640054944640259293e+01,3.710795063055894616e+01,3.939543120718441571e+01,2.454775003831147995e+00
1.941648783894759944e+01,3.080584360149872580e+01,1.702938636592640265e+01,2.280350850198275836e+01,3.807886552931954327e+01,3.640054944640259293e+01,3.710795063055894616e+01,3.939543120718441571e+01,2.454775003831147995e+00
1.923538406167134340e+01,3.106444913401813324e+01,1.627882059609970611e+01,2.280350850198275836e+01,3.848376280978771291e+01,3.668787265568828104e+01,3.710795063055894616e+01,4.071854614300466579e+01,2.425390768810927522e+00
1.941648783894759944e+01,3.023243291566194912e+01,1.627882059609970611e+01,2.280350850198275836e+01,3.848376280978771291e+01,3.640054944640259293e+01,3.710795063055894616e+01,3.981205847478876336e+01,2.455863142683507139e+00
1.843908891458577415e+01,2.968164415931165934e+01,1.627882059609970611e+01,2.280350850198275836e+01,3.848376280978771291e+01,3.640054944640259293e+01,3.710795063055894616e+01,3.981205847478876336e+01,2.448713111311991764e+00
1.746424919657297892e+01,2.968164415931165934e+01,1.843908891458577415e+01,2.267156809750926882e+01,3.900000000000000000e+01,3.544009029333869876e+01,3.710795063055894616e+01,4.071854614300466579e+01,2.402139146000464631e+00
1.503329637837290811e+01,1.843908891458577415e+01,1.992485884517127559e+01,2.376972864800942631e+01,3.981205847478876336e+01,3.736308338453881106e+01,3.710795063055894616e+01,4.071854614300466579e+01,3.149111308902096784e+00
1.431782106327635340e+01,1.697056274847713908e+01,2.102379604162863913e+01,2.418677324489564739e+01,4.085339643163099055e+01,3.667424164178449786e+01,3.569313659514949677e+01,4.049691346263317371e+01,3.021847438704827304e+00
1.442220510185595650e+01,1.664331697709323876e+01,2.109502310972898798e+01,2.302172886644267535e+01,4.205948168962618183e+01,3.721558813185679071e+01,3.551056180912940619e+01,3.956008088970496317e+01,2.935471311714485942e+00
1.664331697709323876e+01,1.414213562373095101e+01,2.459674775249768786e+01,2.280350850198275836e+01,4.197618372363071160e+01,3.501428280002319582e+01,3.733630940518894192e+01,3.860051813123756403e+01,2.615348866733945954e+00
1.615549442140351033e+01,1.216552506059643868e+01,2.483948469674844262e+01,2.154065922853801496e+01,4.751841748206688720e+01,3.337663853655727308e+01,3.721558813185679071e+01,3.956008088970496317e+01,2.524554243269792941e+00
1.676305461424021104e+01,1.334166406412633421e+01,2.545584412271571040e+01,2.282542442102665348e+01,4.801041553663121420e+01,3.492849839314595783e+01,3.863935817272331263e+01,4.130375285612676350e+01,2.636144312716136362e+00
1.529705854077835525e+01,1.360147050873544394e+01,2.420743687382040932e+01,2.220360331117451835e+01,4.638965401897280572e+01,3.860051813123756403e+01,3.624913792078371699e+01,3.820994634908559817e+01,2.724890392850394694e+00
1.788854381999831844e+01,9.433981132056603158e+00,2.607680962081059661e+01,2.147091055358388800e+01,4.031128874149274566e+01,3.894868418830089496e+01,4.244997055358224713e+01,4.071854614300466579e+01,2.345021770753605850e+00
3.001666203960726875e+01,3.162277660168379523e+00,2.213594362117865444e+01,1.941648783894759944e+01,4.313930922024598402e+01,4.492215489043240240e+01,4.338202392696772591e+01,3.606937759374286401e+01,1.519510540177202662e+00
2.641968962724581260e+01,5.000000000000000000e+00,2.340939982143925135e+01,1.746424919657297892e+01,4.167733196834941367e+01,4.356604182158393002e+01,4.554119014694280310e+01,3.500000000000000000e+01,1.840268976727060357e+00
2.773084924772409465e+01,6.324555320336759046e+00,2.418677324489564739e+01,1.897366596101027625e+01,3.569313659514949677e+01,4.201190307520000999e+01,4.809365862564419558e+01,3.546829570193639825e+01,1.932590876569699301e+00
2.983286778035259701e+01,7.280109889280518054e+00,2.280350850198275836e+01,1.910497317454279909e+01,3.612478373637688378e+01,3.820994634908559817e+01,4.604345773288535071e+01,3.573513677041127323e+01,1.747911774409340202e+00
2.844292530665578411e+01,6.708203932499369415e+00,2.193171219946130890e+01,2.051828452868319275e+01,3.701351104664349378e+01,3.687817782917154830e+01,4.716990566028302112e+01,3.511409973215887703e+01,1.737284887284428869e+00
2.915475947422650194e+01,7.280109889280518054e+00,2.202271554554523902e+01,2.140093455903269515e+01,3.701351104664349378e+01,3.613862199918530393e+01,4.925444142409900650e+01,3.546829570193639825e+01,1.646125217623236825e+00
2.801785145224380003e+01,7.000000000000000000e+00,2.163330765278393741e+01,2.000000000000000000e+01,3.811823710509183627e+01,3.573513677041127323e+01,5.048762224545735222e+01,3.640054944640259293e+01,1.634565913631308431e+00
3.301514803843835466e+01,1.868154169226940553e+01,1.941648783894759944e+01,3.400000000000000000e+01,3.883297567789519888e+01,3.758989225842500304e+01,5.277309920783504538e+01,3.101612483854164637e+01,1.373846996277290122e+00
2.807133769523639799e+01,1.300000000000000000e+01,1.923538406167134340e+01,2.061552812808830382e+01,3.905124837953326988e+01,3.721558813185679071e+01,5.277309920783504538e+01,3.008321791298264714e+01,1.426990036737036505e+00
3.512833614050059339e+01,1.910497317454279909e+01,2.009975124224177989e+01,3.106444913401813324e+01,4.016217125604640614e+01,3.883297567789519888e+01,5.491812087098392681e+01,2.751363298439520833e+01,1.339583484889772302e+00
3.820994634908559817e+01,1.941648783894759944e+01,2.009975124224177989e+01,2.061552812808830382e+01,3.956008088970496317e+01,3.280243893371345365e+01,4.997999599839919682e+01,3.471310991541956525e+01,1.440471253923597539e+00
3.811823710509183627e+01,2.061552812808830382e+01,2.102379604162863913e+01,2.158703314492290204e+01,3.939543120718441571e+01,3.255764119219941222e+01,5.015974481593781320e+01,3.452535300326413648e+01,1.531765622629734258e+00
3.505709628591620941e+01,1.720465053408525335e+01,1.824828759089465890e+01,2.280350850198275836e+01,4.118252056394800320e+01,3.465544690232691494e+01,4.770744176750625343e+01,3.721558813185679071e+01,1.817353520575925696e+00
3.257299494980465937e+01,1.843908891458577415e+01,1.931320791582796659e+01,2.236067977499789805e+01,3.966106403010387993e+01,3.560898762952971452e+01,4.742362280551750331e+01,3.807886552931954327e+01,2.235570821612242298e+00
3.257299494980465937e+01,1.612451549659709826e+01,2.000000000000000000e+01,1.972308292331602075e+01,4.080441152620633005e+01,3.661966684720110976e+01,4.596737973824481571e+01,3.827531841800927737e+01,2.389889597538361166e+00
3.046309242345563462e+01,1.603121954188139853e+01,2.051828452868319275e+01,1.860107523773827509e+01,3.828837943815329226e+01,3.689173349139343117e+01,4.780167361086847677e+01,3.939543120718441571e+01,2.603609509079966244e+00
3.138470965295043058e+01,1.500000000000000000e+01,2.121320343559642652e+01,1.843908891458577415e+01,3.905124837953326988e+01,3.661966684720110976e+01,4.701063709417263681e+01,4.071854614300466579e+01,2.603609509079966244e+00
3.087069808086626210e+01,1.603121954188139853e+01,2.126029162546929996e+01,1.984943324127920761e+01,3.780211634287159939e+01,3.720215047547655018e+01,4.622769732530488085e+01,3.939543120718441571e+01,2.601173153319209064e+00
3.130495168499705727e+01,1.700000000000000000e+01,2.051828452868319275e+01,1.843908891458577415e+01,3.780211634287159939e+01,3.720215047547655018e+01,4.545327270945404763e+01,3.848376280978771291e+01,2.599786191656547452e+00
3.195309061734091571e+01,1.403566884761819900e+01,2.121320343559642652e+01,1.843908891458577415e+01,3.780211634287159939e+01,3.720215047547655018e+01,4.468780594300866227e+01,3.757658845611187104e+01,2.524837550299228184e+00
3.138470965295043058e+01,1.403566884761819900e+01,2.051828452868319275e+01,1.769180601295413169e+01,3.860051813123756403e+01,3.801315561749642313e+01,4.545327270945404763e+01,3.848376280978771291e+01,2.556991397469467131e+00
2.915475947422650194e+01,1.334166406412633421e+01,2.061552812808830382e+01,1.920937271229854559e+01,3.605551275463989214e+01,3.969886648255841521e+01,4.622769732530488085e+01,3.981205847478876336e+01,2.695066658998751308e+00
2.483948469674844262e+01,1.526433752247374720e+01,2.220360331117451835e+01,1.835755975068581947e+01,3.712142238654116966e+01,4.177319714841084419e+01,4.468780594300866227e+01,3.939543120718441571e+01,2.929898167640565987e+00
2.549509756796392423e+01,1.749285568453590045e+01,2.163330765278393741e+01,1.788854381999831844e+01,3.700000000000000000e+01,4.455333881989092504e+01,4.393176527297759293e+01,3.862641583165593318e+01,2.928860872898182865e+00
2.662705391138869615e+01,1.780449381476485726e+01,2.236067977499789805e+01,1.897366596101027625e+01,3.373425558686599857e+01,4.780167361086847677e+01,4.110960958218893069e+01,3.935733730830885690e+01,2.993704527138763005e+00
2.580697580112788003e+01,1.500000000000000000e+01,2.284731931759172596e+01,1.824828759089465890e+01,3.298484500494128469e+01,4.640043103248072498e+01,4.252058325093859992e+01,3.981205847478876336e+01,3.036103345064702808e+00
2.580697580112788003e+01,1.500000000000000000e+01,2.193171219946130890e+01,1.843908891458577415e+01,3.275667870831839679e+01,4.640043103248072498e+01,4.252058325093859992e+01,3.939543120718441571e+01,2.989685577795273108e+00
2.580697580112788003e+01,1.500000000000000000e+01,2.193171219946130890e+01,1.843908891458577415e+01,3.373425558686599857e+01,4.701063709417263681e+01,4.252058325093859992e+01,3.939543120718441571e+01,2.994249771269901217e+00
2.580697580112788003e+01,1.500000000000000000e+01,2.193171219946130890e+01,1.843908891458577415e+01,3.373425558686599857e+01,4.701063709417263681e+01,4.252058325093859992e+01,3.939543120718441571e+01,2.994249771269901217e+00
2.580697580112788003e+01,1.581138830084189628e+01,2.193171219946130890e+01,1.746424919657297892e+01,3.373425558686599857e+01,4.701063709417263681e+01,4.252058325093859992e+01,3.939543120718441571e+01,2.994249771269901217e+00
2.662705391138869615e+01,1.640121946685672683e+01,2.154065922853801496e+01,1.772004514666934938e+01,3.373425558686599857e+01,4.701063709417263681e+01,4.252058325093859992e+01,3.939543120718441571e+01,2.994249771269901217e+00
2.662705391138869615e+01,1.562049935181330795e+01,2.154065922853801496e+01,1.868154169226940553e+01,3.373425558686599857e+01,4.701063709417263681e+01,4.252058325093859992e+01,3.939543120718441571e+01,2.994249771269901217e+00
2.640075756488817049e+01,1.500000000000000000e+01,2.193171219946130890e+01,1.868154169226940553e+01,3.373425558686599857e+01,4.701063709417263681e+01,4.252058325093859992e+01,3.939543120718441571e+01,2.961652626151948464e+00
2.523885892824792521e+01,1.627882059609970611e+01,2.193171219946130890e+01,1.868154169226940553e+01,3.373425558686599857e+01,4.701063709417263681e+01,4.252058325093859992e+01,3.939543120718441571e+01,3.026496653705155193e+00
2.256102834535695578e+01,2.012461179749810825e+01,2.404163056034261459e+01,2.000000000000000000e+01,3.471310991541956525e+01,4.891829923454003648e+01,4.482186966202993972e+01,4.031128874149274566e+01,3.401645551711617088e+00
2.570992026436488231e+01,2.147091055358388800e+01,2.596150997149434048e+01,2.200000000000000000e+01,3.512833614050059339e+01,5.220153254455274805e+01,4.482186966202993972e+01,4.254409477236529824e+01,3.334379951129553543e+00
2.640075756488817049e+01,1.612451549659709826e+01,2.570992026436488231e+01,2.200000000000000000e+01,3.901281840626231912e+01,5.360037313302958495e+01,4.393176527297759293e+01,4.272001872658765365e+01,3.207328524590672192e+00
2.594224354214569317e+01,1.389244398944980396e+01,2.570992026436488231e+01,2.202271554554523902e+01,3.901281840626231912e+01,5.300943312279428454e+01,4.393176527297759293e+01,4.365775990588614519e+01,3.192120571664935014e+00
2.594224354214569317e+01,1.389244398944980396e+01,2.570992026436488231e+01,2.202271554554523902e+01,3.701351104664349378e+01,5.300943312279428454e+01,4.468780594300866227e+01,4.272001872658765365e+01,3.187371625004532305e+00
2.549509756796392423e+01,1.476482306023340030e+01,2.570992026436488231e+01,2.202271554554523902e+01,3.801315561749642313e+01,5.300943312279428454e+01,4.393176527297759293e+01,4.272001872658765365e+01,3.215712031186567010e+00
2.640075756488817049e+01,1.526433752247374720e+01,2.570992026436488231e+01,2.202271554554523902e+01,3.801315561749642313e+01,5.243090691567331874e+01,4.393176527297759293e+01,4.365775990588614519e+01,3.202579577930269039e+00
2.640075756488817049e+01,1.526433752247374720e+01,2.570992026436488231e+01,2.202271554554523902e+01,3.801315561749642313e+01,5.300943312279428454e+01,4.393176527297759293e+01,4.272001872658765365e+01,3.202579577930269039e+00
2.683281572999747766e+01,1.442220510185595650e+01,2.570992026436488231e+01,2.202271554554523902e+01,3.701351104664349378e+01,5.243090691567331874e+01,4.468780594300866227e+01,4.365775990588614519e+01,3.174860247067653241e+00
2.683281572999747766e+01,1.442220510185595650e+01,2.549509756796392423e+01,2.102379604162863913e+01,3.801315561749642313e+01,5.300943312279428454e+01,4.468780594300866227e+01,4.365775990588614519e+01,3.192120571664935014e+00
2.640075756488817049e+01,1.526433752247374720e+01,2.549509756796392423e+01,2.102379604162863913e+01,3.801315561749642313e+01,5.300943312279428454e+01,4.468780594300866227e+01,4.365775990588614519e+01,3.220460977846970163e+00
2.640075756488817049e+01,1.526433752247374720e+01,2.549509756796392423e+01,2.102379604162863913e+01,3.801315561749642313e+01,5.300943312279428454e+01,4.468780594300866227e+01,4.365775990588614519e+01,3.220460977846970163e+00
2.640075756488817049e+01,1.526433752247374720e+01,2.570992026436488231e+01,2.202271554554523902e+01,3.701351104664349378e+01,5.243090691567331874e+01,4.468780594300866227e+01,4.365775990588614519e+01,3.202579577930269039e+00
2.683281572999747766e+01,1.442220510185595650e+01,2.570992026436488231e+01,2.202271554554523902e+01,3.701351104664349378e+01,5.300943312279428454e+01,4.468780594300866227e+01,4.272001872658765365e+01,3.174860247067653241e+00
2.594224354214569317e+01,1.442220510185595650e+01,2.596150997149434048e+01,2.202271554554523902e+01,3.701351104664349378e+01,5.300943312279428454e+01,4.468780594300866227e+01,4.272001872658765365e+01,3.174860247067653241e+00
2.683281572999747766e+01,1.442220510185595650e+01,2.570992026436488231e+01,2.202271554554523902e+01,3.801315561749642313e+01,5.243090691567331874e+01,4.393176527297759293e+01,4.365775990588614519e+01,3.174860247067653241e+00
2.640075756488817049e+01,1.442220510185595650e+01,2.473863375370596174e+01,2.202271554554523902e+01,3.801315561749642313e+01,5.243090691567331874e+01,4.393176527297759293e+01,4.365775990588614519e+01,3.174860247067653241e+00
2.549509756796392423e+01,1.442220510185595650e+01,2.500000000000000000e+01,2.202271554554523902e+01,3.801315561749642313e+01,5.243090691567331874e+01,4.393176527297759293e+01,4.365775990588614519e+01,3.174860247067653241e+00
2.594224354214569317e+01,1.442220510185595650e+01,2.596150997149434048e+01,2.202271554554523902e+01,3.701351104664349378e+01,5.243090691567331874e+01,4.468780594300866227e+01,4.365775990588614519e+01,3.174860247067653241e+00
2.683281572999747766e+01,1.442220510185595650e+01,2.570992026436488231e+01,2.202271554554523902e+01,3.701351104664349378e+01,5.243090691567331874e+01,4.468780594300866227e+01,4.365775990588614519e+01,3.174860247067653241e+00
2.683281572999747766e+01,1.389244398944980396e+01,2.570992026436488231e+01,2.302172886644267535e+01,3.701351104664349378e+01,5.243090691567331874e+01,4.468780594300866227e+01,4.365775990588614519e+01,3.174860247067653241e+00
2.683281572999747766e+01,1.389244398944980396e+01,2.570992026436488231e+01,2.302172886644267535e+01,3.701351104664349378e+01,5.243090691567331874e+01,4.468780594300866227e+01,4.365775990588614519e+01,3.174860247067653241e+00
2.594224354214569317e+01,1.389244398944980396e+01,2.570992026436488231e+01,2.202271554554523902e+01,3.701351104664349378e+01,5.243090691567331874e+01,4.468780594300866227e+01,4.365775990588614519e+01,3.187371625004532305e+00
2.549509756796392423e+01,1.389244398944980396e+01,2.473863375370596174e+01,2.202271554554523902e+01,3.701351104664349378e+01,5.243090691567331874e+01,4.468780594300866227e+01,4.365775990588614519e+01,3.187371625004532305e+00
2.594224354214569317e+01,1.389244398944980396e+01,2.570992026436488231e+01,2.202271554554523902e+01,3.801315561749642313e+01,5.300943312279428454e+01,4.393176527297759293e+01,4.272001872658765365e+01,3.187371625004532305e+00
2.549509756796392423e+01,1.389244398944980396e+01,2.473863375370596174e+01,2.202271554554523902e+01,3.701351104664349378e+01,5.243090691567331874e+01,4.468780594300866227e+01,4.365775990588614519e+01,3.187371625004532305e+00
2.549509756796392423e+01,1.476482306023340030e+01,2.570992026436488231e+01,2.202271554554523902e+01,3.701351104664349378e+01,5.243090691567331874e+01,4.468780594300866227e+01,4.365775990588614519e+01,3.215712031186567010e+00
2.549509756796392423e+01,1.476482306023340030e+01,2.451530134426252516e+01,2.100000000000000000e+01,3.801315561749642313e+01,5.300943312279428454e+01,4.534313619501853765e+01,4.332435804486893716e+01,3.193364151693094399e+00
2.594224354214569317e+01,1.389244398944980396e+01,2.549509756796392423e+01,2.102379604162863913e+01,3.801315561749642313e+01,5.300943312279428454e+01,4.534313619501853765e+01,4.332435804486893716e+01,3.193364151693094399e+00
2.594224354214569317e+01,1.389244398944980396e+01,2.570992026436488231e+01,2.202271554554523902e+01,3.701351104664349378e+01,5.243090691567331874e+01,4.459820624195551630e+01,4.237924020083418242e+01,3.170251194840275843e+00
2.816025568065744622e+01,7.071067811865475505e+00,2.500000000000000000e+01,1.788854381999831844e+01,3.471310991541956525e+01,4.701063709417263681e+01,4.313930922024598402e+01,3.733630940518894192e+01,2.487381146175501101e+00
2.570992026436488231e+01,9.433981132056603158e+00,2.334523505985750447e+01,1.910497317454279909e+01,3.544009029333869876e+01,4.404543109109047805e+01,4.386342439892261780e+01,3.794733192202055250e+01,2.461725573301754011e+00
3.014962686336266984e+01,1.204159457879229578e+01,2.247220505424423109e+01,1.972308292331602075e+01,3.492849839314595783e+01,3.962322551231790158e+01,4.172529209005013229e+01,3.640054944640259293e+01,2.199346530039183456e+00
2.912043955712207222e+01,1.581138830084189628e+01,2.202271554554523902e+01,1.802775637731994607e+01,3.661966684720110976e+01,3.612478373637688378e+01,4.252058325093859992e+01,3.361547262794321966e+01,1.861719645729880357e+00
3.623534186398687496e+01,1.708800749063506075e+01,2.334523505985750447e+01,2.000000000000000000e+01,3.560898762952971452e+01,3.061045573002793319e+01,4.244997055358224713e+01,3.448187929913333249e+01,1.579343127227508026e+00
3.758989225842500304e+01,1.838477631085023489e+01,2.353720459187963954e+01,2.109502310972898798e+01,3.606937759374286401e+01,3.052867504494749440e+01,4.313930922024598402e+01,3.231098884280702066e+01,1.630316258083663206e+00
3.623534186398687496e+01,2.247220505424423109e+01,2.469817807045693669e+01,2.009975124224177989e+01,3.584689665786984136e+01,3.231098884280702066e+01,4.465422712353221613e+01,3.080584360149872580e+01,4.458417753908399561e+00
3.465544690232691494e+01,2.517935662402834396e+01,2.701851217221259205e+01,1.802775637731994607e+01,3.417601498127012150e+01,3.522782990761707111e+01,4.368065933568311010e+01,3.061045573002793319e+01,4.428990793159039541e+00
3.820994634908559817e+01,2.807133769523639799e+01,2.500000000000000000e+01,1.700000000000000000e+01,3.544009029333869876e+01,4.201190307520000999e+01,4.295346318982905842e+01,2.600000000000000000e+01,4.402883742443058246e+00
3.087069808086626210e+01,2.418677324489564739e+01,2.459674775249768786e+01,1.780449381476485726e+01,3.765634076752546378e+01,4.275511665286389729e+01,4.011234224026316042e+01,2.647640458974745314e+01,4.538281405071710850e+00
2.941088233970548416e+01,2.630589287593181069e+01,2.549509756796392423e+01,2.061552812808830382e+01,3.605551275463989214e+01,4.016217125604640614e+01,3.905124837953326988e+01,2.517935662402834396e+01,4.559706519658908164e+00
2.886173937932362321e+01,2.624880949681337583e+01,2.501999200639360765e+01,2.024845673131658685e+01,4.011234224026316042e+01,4.031128874149274566e+01,3.452535300326413648e+01,2.630589287593181069e+01,4.435449623355768978e+00
2.302172886644267535e+01,2.376972864800942631e+01,2.435159132377184221e+01,2.200000000000000000e+01,3.312099032335839155e+01,3.764306044943742080e+01,3.560898762952971452e+01,3.190611226708763226e+01,4.326288256040225377e+00
1.749285568453590045e+01,1.838477631085023489e+01,2.280350850198275836e+01,2.340939982143925135e+01,3.405877273185280529e+01,3.577708763999663688e+01,3.801315561749642313e+01,2.900000000000000000e+01,4.336139855195924930e+00
1.421267040355189515e+01,1.897366596101027625e+01,2.302172886644267535e+01,1.969771560359220786e+01,3.492849839314595783e+01,2.961418578992169515e+01,3.712142238654116966e+01,2.765863337187866122e+01,4.008667116761186477e+00
1.389244398944980396e+01,1.581138830084189628e+01,2.193171219946130890e+01,2.024845673131658685e+01,3.700000000000000000e+01,2.801785145224380003e+01,3.534119409414458346e+01,2.483948469674844262e+01,4.105907987465335474e+00
1.300000000000000000e+01,1.746424919657297892e+01,1.979898987322333070e+01,2.121320343559642652e+01,3.612478373637688378e+01,2.816025568065744622e+01,4.060788100849390503e+01,3.001666203960726875e+01,4.014161895497737831e+00
1.360147050873544394e+01,2.012461179749810825e+01,1.860107523773827509e+01,2.236067977499789805e+01,4.004996878900157498e+01,3.220248437620923454e+01,4.204759208325727826e+01,2.640075756488817049e+01,2.225682142940433206e+00
1.523154621172781731e+01,2.059126028197400160e+01,1.843908891458577415e+01,2.236067977499789805e+01,4.031128874149274566e+01,3.220248437620923454e+01,4.903060268852505033e+01,2.863564212655270680e+01,2.444165609505549064e+00
1.523154621172781731e+01,2.102379604162863913e+01,1.984943324127920761e+01,2.332380757938120297e+01,3.858756276314947797e+01,3.280243893371345365e+01,4.215447781671598193e+01,2.983286778035259701e+01,2.724103482856252256e+00
1.627882059609970611e+01,2.385372088375312671e+01,1.910497317454279909e+01,2.247220505424423109e+01,4.081666326391709987e+01,3.111269837220809009e+01,3.640054944640259293e+01,2.751363298439520833e+01,3.366102349015736017e+00
1.486606874731850603e+01,2.370653918225939449e+01,2.051828452868319275e+01,2.280350850198275836e+01,3.940812099047606409e+01,3.182766092567909766e+01,3.848376280978771291e+01,2.823118842698620767e+01,3.267142390698318799e+00
1.780449381476485726e+01,2.580697580112788003e+01,2.121320343559642652e+01,2.202271554554523902e+01,3.966106403010387993e+01,3.111269837220809009e+01,3.667424164178449786e+01,2.915475947422650194e+01,3.225355249008953873e+00
2.080865204668481283e+01,2.690724809414741969e+01,2.126029162546929996e+01,2.343074902771996193e+01,4.049691346263317371e+01,3.182766092567909766e+01,3.492849839314595783e+01,2.906888370749726747e+01,3.286456022997453541e+00
2.334523505985750447e+01,2.580697580112788003e+01,2.140093455903269515e+01,2.220360331117451835e+01,4.049691346263317371e+01,3.182766092567909766e+01,3.269556544854363267e+01,2.778488797889960793e+01,2.884988340452622868e+00
2.831960451701259274e+01,2.915475947422650194e+01,2.109502310972898798e+01,2.325940669922601600e+01,4.186884283091664116e+01,3.190611226708763226e+01,3.244996147917590434e+01,2.860069929215018192e+01,2.877628929964088478e+00
2.126029162546929996e+01,2.729468812791236232e+01,2.184032966784155505e+01,2.549509756796392423e+01,4.534313619501853765e+01,3.546829570193639825e+01,3.753664875824691904e+01,3.413209633175202384e+01,2.943764005850142418e+00
1.702938636592640265e+01,2.640075756488817049e+01,2.334523505985750447e+01,2.817800560721074277e+01,4.891829923454003648e+01,3.832753579347360073e+01,3.905124837953326988e+01,3.448187929913333249e+01,2.986921699735694880e+00
1.627882059609970611e+01,2.561249694973139412e+01,2.517935662402834396e+01,2.968164415931165934e+01,5.024937810560444973e+01,4.242640687119285303e+01,3.894868418830089496e+01,3.580502757993631491e+01,3.104819939986916300e+00
1.878829422805593552e+01,2.900000000000000000e+01,2.334523505985750447e+01,3.061045573002793319e+01,5.099019513592784847e+01,4.440720662234903671e+01,3.939543120718441571e+01,3.841874542459709119e+01,3.280533323606832141e+00
1.802775637731994607e+01,3.061045573002793319e+01,2.213594362117865444e+01,2.983286778035259701e+01,4.669047011971500893e+01,4.627094120503709718e+01,4.317406628984580408e+01,4.036087214122112954e+01,2.833511069063519017e+00
1.923538406167134340e+01,3.162277660168379256e+01,1.992485884517127559e+01,3.047950130825634218e+01,4.957822102496216132e+01,4.904079934095691584e+01,4.197618372363071160e+01,3.894868418830089496e+01,2.764309761014470013e+00
2.022374841615668473e+01,3.244996147917590434e+01,2.193171219946130890e+01,3.041381265149109936e+01,4.967896939349688523e+01,4.925444142409900650e+01,4.244997055358224713e+01,3.969886648255841521e+01,2.732888336134458029e+00
2.121320343559642652e+01,3.220248437620923454e+01,2.325940669922601600e+01,2.983286778035259701e+01,5.360037313302958495e+01,5.000999900019994726e+01,3.939543120718441571e+01,3.969886648255841521e+01,2.776615331102175954e+00
2.109502310972898798e+01,3.360059523282288296e+01,2.507987240796890660e+01,3.061045573002793319e+01,5.300943312279428454e+01,5.021951811795887721e+01,3.981205847478876336e+01,3.905124837953326988e+01,2.786344933253892542e+00
2.236067977499789805e+01,3.189043743820394994e+01,2.435159132377184221e+01,3.124099870362661591e+01,5.522680508593630577e+01,5.239274758971894386e+01,3.944616584663204151e+01,3.661966684720110976e+01,2.942279550548460243e+00
1.236931687685298087e+01,2.563201123595259290e+01,2.507987240796890660e+01,3.106444913401813324e+01,5.724508712544684386e+01,5.675385449465084520e+01,3.721558813185679071e+01,3.500000000000000000e+01,2.860058853208741869e+00
8.602325267042626677e+00,2.213594362117865444e+01,2.596150997149434048e+01,3.140063693621516450e+01,5.730619512757760958e+01,5.707013229352109818e+01,3.758989225842500304e+01,3.420526275297414287e+01,2.959269858228811945e+00
1.140175425099137918e+01,2.325940669922601600e+01,2.789265136196270589e+01,3.342154993413680586e+01,5.714017850864661341e+01,5.557877292636101174e+01,3.935733730830885690e+01,3.500000000000000000e+01,3.296956907441326301e+00
1.280624847486569706e+01,2.220360331117451835e+01,2.961418578992169515e+01,3.255764119219941222e+01,5.685947590331799972e+01,5.333854141237834767e+01,3.891015291668743714e+01,3.580502757993631491e+01,3.214829243511093892e+00
1.303840481040529831e+01,1.835755975068581947e+01,2.828427124746190202e+01,3.201562118716424266e+01,5.660388679233962250e+01,5.261178575186362139e+01,3.847076812334268681e+01,3.605551275463989214e+01,2.985982429865070120e+00
1.303840481040529831e+01,1.886796226411320632e+01,2.906888370749726747e+01,3.244996147917590434e+01,5.353503525729669121e+01,5.063595560468865386e+01,4.024922359499621649e+01,3.635931792539568619e+01,2.902235787436132863e+00
1.303840481040529831e+01,1.923538406167134340e+01,2.617250465660480074e+01,3.244996147917590434e+01,5.408326913195983821e+01,5.035871324805668792e+01,3.981205847478876336e+01,3.635931792539568619e+01,2.946023727377546475e+00
1.204159457879229578e+01,1.972308292331602075e+01,2.707397274136176790e+01,3.244996147917590434e+01,5.437830449729009530e+01,5.048762224545735222e+01,3.716180835212409050e+01,3.661966684720110976e+01,2.971814379621454894e+00
1.414213562373095101e+01,1.910497317454279909e+01,2.807133769523639799e+01,2.906888370749726747e+01,5.521775076911409030e+01,4.925444142409900650e+01,3.716180835212409050e+01,3.720215047547655018e+01,2.921142515261875072e+00
1.500000000000000000e+01,2.024845673131658685e+01,2.601922366251537611e+01,2.846049894151541437e+01,5.748912940721923803e+01,5.000000000000000000e+01,3.900000000000000000e+01,3.720215047547655018e+01,2.858303881967153348e+00
1.315294643796590535e+01,2.061552812808830382e+01,2.707397274136176790e+01,2.941088233970548416e+01,5.805170109479996654e+01,5.003998401278721531e+01,3.956008088970496317e+01,3.780211634287159939e+01,2.904058021694180702e+00
1.264911064067351809e+01,1.769180601295413169e+01,2.906888370749726747e+01,2.996664812754339380e+01,5.672741841473133917e+01,5.000999900019994726e+01,3.900000000000000000e+01,3.701351104664349378e+01,2.902703923433093802e+00
1.264911064067351809e+01,1.702938636592640265e+01,3.006659275674581622e+01,3.088689042296100240e+01,5.467174773134657784e+01,5.100980297942739838e+01,3.956008088970496317e+01,3.828837943815329226e+01,2.939108079148079256e+00
1.334166406412633421e+01,2.247220505424423109e+01,2.816025568065744622e+01,3.046309242345563462e+01,5.872818744010409375e+01,5.414794548272353580e+01,4.123105625617660763e+01,3.894868418830089496e+01,3.056360813243260921e+00
1.649242250247064234e+01,2.284731931759172596e+01,2.729468812791236232e+01,3.067572330035593353e+01,6.161980201201558316e+01,5.557877292636101174e+01,4.079215610874227593e+01,3.969886648255841521e+01,3.007279326082973103e+00
1.923538406167134340e+01,2.376972864800942631e+01,2.729468812791236232e+01,2.983286778035259701e+01,6.325345840347387849e+01,5.510898293381941926e+01,3.962322551231790158e+01,3.982461550347975532e+01,2.976152331795159256e+00
2.236067977499789805e+01,2.607680962081059661e+01,2.745906043549196340e+01,2.942787793912432193e+01,6.481512169239520915e+01,5.700877125495689768e+01,3.920459156782531807e+01,4.000000000000000000e+01,2.961739153797315005e+00
2.147091055358388800e+01,2.886173937932362321e+01,2.745906043549196340e+01,3.228002478313794654e+01,6.280127387243032899e+01,5.604462507680821659e+01,4.110960958218893069e+01,4.060788100849390503e+01,3.102856177358433776e+00
1.769180601295413169e+01,2.830194339616981125e+01,2.707397274136176790e+01,3.354101966249684352e+01,6.171709649683788967e+01,5.787054518492114852e+01,3.945883931389771959e+01,3.801315561749642313e+01,3.253140663767339458e+00
1.118033988749894903e+01,2.061552812808830382e+01,3.100000000000000000e+01,3.138470965295043058e+01,5.800000000000000000e+01,5.813776741499453493e+01,3.733630940518894192e+01,3.744329045369811126e+01,3.196097658313771017e+00
1.236931687685298087e+01,1.664331697709323876e+01,3.014962686336266984e+01,2.920616373302046753e+01,5.728001396647874088e+01,5.703507692639679760e+01,3.667424164178449786e+01,3.689173349139343117e+01,3.224733885478234363e+00
1.140175425099137918e+01,1.612451549659709826e+01,2.927456233660889495e+01,2.765863337187866122e+01,5.941380311005179493e+01,5.600892785976178345e+01,3.478505426185217431e+01,3.522782990761707111e+01,3.254558875780179328e+00
1.236931687685298087e+01,1.802775637731994607e+01,3.014962686336266984e+01,2.941088233970548416e+01,5.728001396647874088e+01,5.400925846556310717e+01,3.668787265568828104e+01,3.720215047547655018e+01,3.184368101600085765e+00
1.315294643796590535e+01,1.802775637731994607e+01,2.915475947422650194e+01,3.023243291566194912e+01,5.663920903402518547e+01,5.500000000000000000e+01,3.807886552931954327e+01,3.764306044943742080e+01,3.138703681024539449e+00
1.100000000000000000e+01,2.193171219946130890e+01,3.000000000000000000e+01,3.088689042296100240e+01,5.731491952362839726e+01,5.500909015790026757e+01,3.807886552931954327e+01,3.764306044943742080e+01,3.153073630597974297e+00
1.341640786499873883e+01,1.838477631085023489e+01,3.101612483854164637e+01,2.863564212655270680e+01,5.728001396647874088e+01,5.500909015790026757e+01,3.807886552931954327e+01,3.780211634287159939e+01,3.040367352938656786e+00
1.252996408614166768e+01,1.697056274847713908e+01,3.014962686336266984e+01,2.863564212655270680e+01,5.658621740318043436e+01,5.303772242470447651e+01,3.807886552931954327e+01,3.780211634287159939e+01,3.012040650829853838e+00
1.303840481040529831e+01,1.780449381476485726e+01,3.014962686336266984e+01,3.046309242345563462e+01,5.672741841473133917e+01,5.315072906367324634e+01,3.981205847478876336e+01,3.860051813123756403e+01,3.026376863924050920e+00
1.345362404707370985e+01,1.697056274847713908e+01,2.961418578992169515e+01,2.912043955712207222e+01,5.672741841473133917e+01,5.215361924162119323e+01,4.079215610874227593e+01,3.982461550347975532e+01,2.893479204493116796e+00
1.345362404707370985e+01,1.860107523773827509e+01,3.104834939252004844e+01,2.961418578992169515e+01,5.608029957123981291e+01,5.135172830587107029e+01,3.931920650267500150e+01,4.000000000000000000e+01,2.901933089234445262e+00
1.442220510185595650e+01,1.749285568453590045e+01,3.067572330035593353e+01,2.707397274136176790e+01,5.560575509783137704e+01,4.949747468305832854e+01,3.920459156782531807e+01,4.080441152620633005e+01,2.828895097225167188e+00
1.476482306023340030e+01,1.700000000000000000e+01,3.087069808086626210e+01,2.800000000000000000e+01,5.382378656319155397e+01,4.652956049652736681e+01,4.019950248448355978e+01,4.140048308896890461e+01,2.727355344997219877e+00
1.486606874731850603e+01,1.835755975068581947e+01,2.751363298439520833e+01,2.801785145224380003e+01,5.325410782277739230e+01,4.554119014694280310e+01,4.019950248448355978e+01,4.140048308896890461e+01,2.758231859872003700e+00
1.486606874731850603e+01,1.749285568453590045e+01,2.816025568065744622e+01,2.701851217221259205e+01,5.353503525729669121e+01,4.472135954999579610e+01,4.219004621945797595e+01,4.263801121065568367e+01,2.821123328472865399e+00
1.389244398944980396e+01,1.746424919657297892e+01,2.773084924772409465e+01,2.617250465660480074e+01,5.300000000000000000e+01,4.373785545725807822e+01,4.130375285612676350e+01,4.123105625617660763e+01,2.696213414011966236e+00
1.486606874731850603e+01,1.392838827718411920e+01,2.830194339616981125e+01,2.517935662402834396e+01,5.147815070493500400e+01,4.197618372363071160e+01,4.019950248448355978e+01,4.000000000000000000e+01,2.597181158556786329e+00
1.581138830084189628e+01,1.315294643796590535e+01,2.765863337187866122e+01,2.596150997149434048e+01,5.100000000000000000e+01,4.197618372363071160e+01,4.119465984809195902e+01,4.000000000000000000e+01,2.388715940176798114e+00
1.708800749063506075e+01,1.303840481040529831e+01,3.041381265149109936e+01,2.816025568065744622e+01,5.053711507397311209e+01,4.244997055358224713e+01,4.104875150354758517e+01,3.940812099047606409e+01,2.339104893200044444e+00
1.627882059609970611e+01,1.303840481040529831e+01,3.114482300479487265e+01,2.816025568065744622e+01,5.099019513592784847e+01,4.148493702538308270e+01,4.110960958218893069e+01,3.940812099047606409e+01,2.359695876443844043e+00
1.627882059609970611e+01,1.303840481040529831e+01,2.973213749463701205e+01,2.751363298439520833e+01,5.099019513592784847e+01,4.148493702538308270e+01,4.110960958218893069e+01,3.940812099047606409e+01,2.328362850711529486e+00
1.603121954188139853e+01,1.204159457879229578e+01,3.220248437620923454e+01,2.751363298439520833e+01,4.701063709417263681e+01,3.883297567789519888e+01,4.104875150354758517e+01,3.966106403010387993e+01,2.280906032810529727e+00
1.711724276862369010e+01,1.140175425099137918e+01,3.201562118716424266e+01,2.529822128134703618e+01,4.810405388322277531e+01,3.687817782917154830e+01,4.031128874149274566e+01,3.827531841800927737e+01,2.293355982403459059e+00
1.711724276862369010e+01,1.140175425099137918e+01,3.280243893371345365e+01,2.624880949681337583e+01,4.846648326421053810e+01,3.687817782917154830e+01,3.920459156782531807e+01,3.911521443121588959e+01,2.301092731603057828e+00
1.811077027627483460e+01,1.077032961426900748e+01,3.220248437620923454e+01,2.563201123595259290e+01,4.939635614091387339e+01,3.710795063055894616e+01,3.920459156782531807e+01,3.911521443121588959e+01,2.241522174864534200e+00
1.811077027627483460e+01,1.077032961426900748e+01,3.301514803843835466e+01,2.657066051117284644e+01,4.846648326421053810e+01,3.710795063055894616e+01,3.920459156782531807e+01,3.827531841800927737e+01,2.228826159953430253e+00
1.910497317454279909e+01,9.848857801796103928e+00,3.360059523282288296e+01,2.624880949681337583e+01,4.810405388322277531e+01,3.613862199918530393e+01,3.920459156782531807e+01,3.827531841800927737e+01,2.237239669613007909e+00
1.824828759089465890e+01,1.077032961426900748e+01,3.220248437620923454e+01,2.657066051117284644e+01,4.846648326421053810e+01,3.710795063055894616e+01,3.920459156782531807e+01,3.827531841800927737e+01,2.228826159953430253e+00
1.702938636592640265e+01,1.077032961426900748e+01,3.301514803843835466e+01,2.529822128134703618e+01,4.775981574503821037e+01,3.613862199918530393e+01,4.019950248448355978e+01,3.827531841800927737e+01,2.274078033398790222e+00
1.802775637731994607e+01,9.848857801796103928e+00,3.301514803843835466e+01,2.529822128134703618e+01,4.964876634922563881e+01,3.640054944640259293e+01,4.019950248448355978e+01,3.911521443121588959e+01,2.261327508072040970e+00
2.088061301782110135e+01,1.063014581273464998e+01,3.052867504494749440e+01,2.640075756488817049e+01,5.015974481593781320e+01,3.929376540877699853e+01,4.019950248448355978e+01,3.883297567789519888e+01,2.057167296637343767e+00
1.941648783894759944e+01,1.081665382639196871e+01,3.052867504494749440e+01,2.683281572999747766e+01,5.107837115648853654e+01,4.052159917870962147e+01,4.019950248448355978e+01,3.827531841800927737e+01,2.092951962134324440e+00
1.838477631085023489e+01,1.360147050873544394e+01,2.968164415931165934e+01,2.683281572999747766e+01,5.107837115648853654e+01,3.956008088970496317e+01,3.905124837953326988e+01,3.996248240537617136e+01,2.191143679287486101e+00
1.615549442140351033e+01,2.100000000000000000e+01,2.370653918225939449e+01,2.668332812825266842e+01,4.884669896727925220e+01,3.905124837953326988e+01,4.004996878900157498e+01,3.996248240537617136e+01,2.723877984347290671e+00
1.565247584249852864e+01,2.061552812808830382e+01,2.435159132377184221e+01,2.729468812791236232e+01,4.924428900898052319e+01,3.905124837953326988e+01,3.905124837953326988e+01,3.996248240537617136e+01,2.829395948630748059e+00
1.442220510185595650e+01,3.000000000000000000e+01,1.456021977856103611e+01,2.912043955712207222e+01,4.742362280551750331e+01,3.605551275463989214e+01,4.031128874149274566e+01,4.326661530556787483e+01,3.553512718862628095e+00
1.000000000000000000e+01,3.067572330035593353e+01,1.581138830084189628e+01,2.385372088375312671e+01,4.472135954999579610e+01,3.522782990761707111e+01,4.026164427839479032e+01,4.161730409336962566e+01,2.298200668853140893e+00
1.104536101718726115e+01,3.201562118716424266e+01,1.555634918610404505e+01,2.360084744241189370e+01,4.390899680020029905e+01,3.667424164178449786e+01,3.929376540877699853e+01,4.243819034784588951e+01,2.205618772096122004e+00
1.431782106327635340e+01,3.373425558686599857e+01,1.664331697709323876e+01,2.262741699796952233e+01,4.219004621945797595e+01,3.590264614203248072e+01,3.929376540877699853e+01,4.220189569201838253e+01,2.096176608850916612e+00
1.897366596101027625e+01,3.785498646149540036e+01,2.154065922853801496e+01,2.109502310972898798e+01,4.104875150354758517e+01,3.546829570193639825e+01,3.862641583165593318e+01,4.201190307520000999e+01,2.029367837262403995e+00
2.009975124224177989e+01,3.640054944640259293e+01,1.972308292331602075e+01,2.267156809750926882e+01,3.920459156782531807e+01,3.534119409414458346e+01,3.827531841800927737e+01,4.327817001676480402e+01,2.285566465443825912e+00
2.630589287593181069e+01,3.981205847478876336e+01,1.923538406167134340e+01,2.343074902771996193e+01,3.966106403010387993e+01,3.453983207834108526e+01,3.921734310225515685e+01,4.263801121065568367e+01,2.274346500389268222e+00
2.961418578992169515e+01,4.159326868617084472e+01,1.878829422805593552e+01,2.280350850198275836e+01,3.883297567789519888e+01,3.453983207834108526e+01,3.956008088970496317e+01,4.110960958218893069e+01,2.289311277594375138e+00
2.912043955712207222e+01,4.162931659299729859e+01,2.024845673131658685e+01,2.109502310972898798e+01,3.940812099047606409e+01,3.361547262794321966e+01,3.939543120718441571e+01,4.031128874149274566e+01,2.219700387972351141e+00
2.886173937932362321e+01,4.123105625617660763e+01,1.931320791582796659e+01,2.302172886644267535e+01,3.940812099047606409e+01,3.401470270338990076e+01,3.848376280978771291e+01,4.036087214122112954e+01,2.252175674821271123e+00
2.983286778035259701e+01,4.162931659299729859e+01,1.931320791582796659e+01,2.302172886644267535e+01,3.940812099047606409e+01,3.492849839314595783e+01,3.848376280978771291e+01,3.969886648255841521e+01,2.265437496757684688e+00
2.886173937932362321e+01,4.123105625617660763e+01,1.969771560359220786e+01,2.385372088375312671e+01,3.801315561749642313e+01,3.401470270338990076e+01,3.807886552931954327e+01,3.969886648255841521e+01,2.260945668461294744e+00
2.886173937932362321e+01,4.215447781671598193e+01,2.061552812808830382e+01,2.385372088375312671e+01,3.883297567789519888e+01,3.361547262794321966e+01,3.807886552931954327e+01,3.969886648255841521e+01,2.226261123438944445e+00
2.789265136196270589e+01,4.178516483155235761e+01,2.061552812808830382e+01,2.385372088375312671e+01,3.883297567789519888e+01,3.361547262794321966e+01,3.807886552931954327e+01,3.969886648255841521e+01,2.212832178674286610e+00
2.886173937932362321e+01,4.215447781671598193e+01,2.061552812808830382e+01,2.385372088375312671e+01,3.883297567789519888e+01,3.361547262794321966e+01,3.807886552931954327e+01,3.969886648255841521e+01,2.226261123438944445e+00
2.863564212655270680e+01,4.123105625617660763e+01,2.061552812808830382e+01,2.385372088375312671e+01,3.883297567789519888e+01,3.361547262794321966e+01,3.807886552931954327e+01,3.969886648255841521e+01,2.244758499631765325e+00
2.863564212655270680e+01,4.123105625617660763e+01,2.061552812808830382e+01,2.385372088375312671e+01,3.883297567789519888e+01,3.361547262794321966e+01,3.807886552931954327e+01,3.969886648255841521e+01,2.244758499631765325e+00
2.886173937932362321e+01,4.123105625617660763e+01,2.061552812808830382e+01,2.332380757938120297e+01,3.883297567789519888e+01,3.361547262794321966e+01,3.807886552931954327e+01,3.969886648255841521e+01,2.226261123438944445e+00
2.886173937932362321e+01,4.123105625617660763e+01,2.061552812808830382e+01,2.332380757938120297e+01,3.966106403010387993e+01,3.269556544854363267e+01,3.848376280978771291e+01,4.036087214122112954e+01,2.226261123438944445e+00
2.886173937932362321e+01,4.123105625617660763e+01,2.061552812808830382e+01,2.332380757938120297e+01,3.966106403010387993e+01,3.269556544854363267e+01,3.848376280978771291e+01,4.036087214122112954e+01,2.226261123438944445e+00
2.886173937932362321e+01,4.215447781671598193e+01,2.061552812808830382e+01,2.385372088375312671e+01,3.966106403010387993e+01,3.361547262794321966e+01,3.848376280978771291e+01,3.969886648255841521e+01,2.226261123438944445e+00
2.886173937932362321e+01,4.123105625617660763e+01,2.061552812808830382e+01,2.332380757938120297e+01,3.966106403010387993e+01,3.361547262794321966e+01,3.848376280978771291e+01,3.969886648255841521e+01,2.226261123438944445e+00
2.886173937932362321e+01,4.215447781671598193e+01,2.061552812808830382e+01,2.385372088375312671e+01,3.966106403010387993e+01,3.269556544854363267e+01,3.848376280978771291e+01,4.036087214122112954e+01,2.226261123438944445e+00
2.886173937932362321e+01,4.215447781671598193e+01,2.061552812808830382e+01,2.385372088375312671e+01,3.966106403010387993e+01,3.269556544854363267e+01,3.848376280978771291e+01,4.036087214122112954e+01,2.226261123438944445e+00
2.886173937932362321e+01,4.215447781671598193e+01,2.061552812808830382e+01,2.385372088375312671e+01,3.966106403010387993e+01,3.269556544854363267e+01,3.848376280978771291e+01,4.036087214122112954e+01,2.226261123438944445e+00
2.340939982143925135e+01,3.956008088970496317e+01,1.931320791582796659e+01,2.163330765278393741e+01,3.920459156782531807e+01,3.534119409414458346e+01,3.848376280978771291e+01,4.036087214122112954e+01,2.161723240640359478e+00
2.163330765278393741e+01,3.601388621073821383e+01,1.964688270438849926e+01,2.256102834535695578e+01,3.905124837953326988e+01,3.498571136907180090e+01,3.712142238654116966e+01,4.177319714841084419e+01,1.988622373437270774e+00
2.690724809414741969e+01,3.901281840626231912e+01,1.923538406167134340e+01,2.209072203437452231e+01,3.748332962798262713e+01,3.801315561749642313e+01,3.858756276314947797e+01,4.031128874149274566e+01,2.027293904424187776e+00
2.701851217221259205e+01,3.832753579347360073e+01,2.202271554554523902e+01,2.353720459187963954e+01,3.687817782917154830e+01,3.841874542459709119e+01,3.883297567789519888e+01,3.969886648255841521e+01,1.933916614135090750e+00
2.505992817228333536e+01,3.640054944640259293e+01,2.402082429892862692e+01,2.549509756796392423e+01,3.280243893371345365e+01,3.753664875824691904e+01,3.744329045369811126e+01,3.764306044943742080e+01,1.863764490548334596e+00
2.801785145224380003e+01,3.667424164178449786e+01,2.300000000000000000e+01,2.507987240796890660e+01,3.289376840679705083e+01,4.070626487409523975e+01,3.860051813123756403e+01,3.848376280978771291e+01,2.260238816122651428e+00
3.264965543462901820e+01,4.304648650006176780e+01,2.302172886644267535e+01,2.256102834535695578e+01,2.983286778035259701e+01,3.956008088970496317e+01,3.661966684720110976e+01,3.862641583165593318e+01,2.396726187213440440e+00
3.330165161069342616e+01,4.101219330881975367e+01,2.109502310972898798e+01,2.158703314492290204e+01,3.140063693621516450e+01,3.984971769034255118e+01,3.535533905932737753e+01,3.794733192202055250e+01,2.477346420741269650e+00
3.280243893371345365e+01,4.004996878900157498e+01,2.202271554554523902e+01,2.435159132377184221e+01,3.255764119219941222e+01,4.080441152620633005e+01,3.492849839314595783e+01,3.640054944640259293e+01,2.497658081451311851e+00
2.920616373302046753e+01,3.733630940518894192e+01,2.300000000000000000e+01,2.469817807045693669e+01,3.313608305156178346e+01,4.512205669071391156e+01,3.807886552931954327e+01,3.847076812334268681e+01,2.613422994271595190e+00
2.983286778035259701e+01,3.712142238654116966e+01,2.300000000000000000e+01,2.376972864800942631e+01,3.640054944640259293e+01,5.044799302251775686e+01,3.900000000000000000e+01,3.811823710509183627e+01,2.706251850531180558e+00
3.124099870362661591e+01,3.522782990761707111e+01,2.418677324489564739e+01,2.469817807045693669e+01,3.269556544854363267e+01,5.295280917949490629e+01,4.396589587396121601e+01,3.313608305156178346e+01,2.818418865854169120e+00
2.900000000000000000e+01,3.605551275463989214e+01,2.400000000000000000e+01,2.376972864800942631e+01,3.623534186398687496e+01,4.837354648979129479e+01,4.707440918375927907e+01,3.900000000000000000e+01,2.971814379621454894e+00
3.041381265149109936e+01,3.712142238654116966e+01,2.402082429892862692e+01,2.469817807045693669e+01,4.134005321718877468e+01,4.627094120503709718e+01,4.219004621945797595e+01,3.847076812334268681e+01,3.004435613143847661e+00
1.931320791582796659e+01,2.607680962081059661e+01,2.517935662402834396e+01,2.376972864800942631e+01,4.664761515876240594e+01,4.924428900898052319e+01,4.328972164382672361e+01,3.894868418830089496e+01,3.130909991019908301e+00
1.216552506059643868e+01,2.061552812808830382e+01,2.549509756796392423e+01,2.220360331117451835e+01,5.011985634456667071e+01,5.154609587543949090e+01,4.440720662234903671e+01,3.894868418830089496e+01,3.144078149714322201e+00
1.414213562373095101e+01,2.236067977499789805e+01,2.668332812825266842e+01,2.408318915758459156e+01,5.008991914547277702e+01,5.032891812864647818e+01,4.455333881989092504e+01,3.894868418830089496e+01,3.169024794808142254e+00
1.503329637837290811e+01,2.121320343559642652e+01,2.596150997149434048e+01,2.517935662402834396e+01,5.331041174104736058e+01,5.056678751908212632e+01,4.393176527297759293e+01,4.114608122288196768e+01,3.147282492614282390e+00
1.303840481040529831e+01,1.838477631085023489e+01,2.789265136196270589e+01,2.517935662402834396e+01,5.331041174104736058e+01,5.015974481593781320e+01,4.197618372363071160e+01,4.123105625617660763e+01,3.122330587857098827e+00
1.442220510185595650e+01,1.700000000000000000e+01,2.765863337187866122e+01,2.630589287593181069e+01,5.280151512977634098e+01,4.846648326421053810e+01,4.100000000000000000e+01,4.254409477236529824e+01,3.156564311623898167e+00
1.303840481040529831e+01,1.802775637731994607e+01,2.816025568065744622e+01,2.517935662402834396e+01,5.331041174104736058e+01,4.792702786528703740e+01,4.100000000000000000e+01,4.254409477236529824e+01,3.141161990395057835e+00
1.389244398944980396e+01,1.843908891458577415e+01,2.816025568065744622e+01,2.408318915758459156e+01,5.478138369920934991e+01,4.875448697299562184e+01,4.100000000000000000e+01,4.215447781671598193e+01,3.141592653589793116e+00
1.421267040355189515e+01,1.565247584249852864e+01,2.624880949681337583e+01,2.400000000000000000e+01,5.348831648126532912e+01,4.833218389437828932e+01,4.100000000000000000e+01,4.178516483155235761e+01,3.238066428772380156e+00
1.562049935181330795e+01,1.476482306023340030e+01,2.657066051117284644e+01,2.807133769523639799e+01,5.032891812864647818e+01,4.965883607174054504e+01,4.244997055358224713e+01,3.956008088970496317e+01,3.315288131437031716e+00
1.442220510185595650e+01,1.964688270438849926e+01,2.692582403567251959e+01,2.707397274136176790e+01,5.255473337388364996e+01,4.919349550499537571e+01,4.197618372363071160e+01,3.939543120718441571e+01,3.286049741611436481e+00
1.523154621172781731e+01,2.137755832643194864e+01,2.624880949681337583e+01,2.607680962081059661e+01,5.107837115648853654e+01,4.785394445602159408e+01,4.356604182158393002e+01,3.858756276314947797e+01,3.291405110162690661e+00
1.565247584249852864e+01,2.039607805437113797e+01,2.624880949681337583e+01,2.607680962081059661e+01,5.056678751908212632e+01,4.875448697299562184e+01,4.373785545725807822e+01,3.858756276314947797e+01,3.325805061593953837e+00
1.476482306023340030e+01,2.158703314492290204e+01,2.624880949681337583e+01,2.617250465660480074e+01,4.875448697299562184e+01,4.661544808322666000e+01,4.257933771208753626e+01,3.858756276314947797e+01,3.323241483589805423e+00
1.208304597359457233e+01,2.088061301782110135e+01,2.435159132377184221e+01,2.507987240796890660e+01,4.716990566028302112e+01,4.518849411078001310e+01,4.440720662234903671e+01,3.689173349139343117e+01,3.267389694844720971e+00
1.303840481040529831e+01,2.668332812825266842e+01,2.451530134426252516e+01,2.402082429892862692e+01,4.494441010848846219e+01,4.623851208678756564e+01,4.554119014694280310e+01,3.671511950137163893e+01,3.088878759009689556e+00
2.282542442102665348e+01,3.443835071544512516e+01,2.220360331117451835e+01,2.549509756796392423e+01,3.939543120718441571e+01,4.632493928760187885e+01,4.440720662234903671e+01,3.443835071544512516e+01,2.719088194505355549e+00
2.600000000000000000e+01,3.624913792078371699e+01,2.137755832643194864e+01,2.418677324489564739e+01,4.159326868617084472e+01,4.652956049652736681e+01,4.318564576337836769e+01,3.757658845611187104e+01,2.689872908305558585e+00
2.549509756796392423e+01,3.605551275463989214e+01,2.280350850198275836e+01,2.549509756796392423e+01,4.272001872658765365e+01,4.726520919238589613e+01,4.304648650006176780e+01,3.807886552931954327e+01,2.597915835849203603e+00
2.729468812791236232e+01,3.764306044943742080e+01,2.418677324489564739e+01,2.483948469674844262e+01,4.263801121065568367e+01,5.000000000000000000e+01,4.401136216933077350e+01,3.996248240537617136e+01,2.529840171169357887e+00
2.828427124746190202e+01,3.360059523282288296e+01,2.370653918225939449e+01,2.555386467836127551e+01,4.103656905736638549e+01,5.115662224971465122e+01,4.501110973970759943e+01,3.920459156782531807e+01,2.654140018403917445e+00
2.816025568065744622e+01,3.114482300479487265e+01,2.061552812808830382e+01,2.236067977499789805e+01,4.876474136094643796e+01,5.096076922496362727e+01,4.275511665286389729e+01,4.622769732530488085e+01,2.659874722562762805e+00
3.014962686336266984e+01,3.106444913401813324e+01,2.147091055358388800e+01,2.334523505985750447e+01,4.588027898781784586e+01,5.008991914547277702e+01,4.052159917870962147e+01,4.494441010848846219e+01,2.614657719237011513e+00
3.106444913401813324e+01,3.080584360149872580e+01,2.370653918225939449e+01,2.408318915758459156e+01,4.539823785126466760e+01,5.186520991955976001e+01,4.085339643163099055e+01,4.472135954999579610e+01,2.748590991486250079e+00
3.313608305156178346e+01,3.000000000000000000e+01,2.340939982143925135e+01,2.302172886644267535e+01,5.203844732503075221e+01,5.300943312279428454e+01,3.858756276314947797e+01,4.396589587396121601e+01,2.802712179984822249e+00
3.101612483854164637e+01,2.640075756488817049e+01,2.507987240796890660e+01,2.501999200639360765e+01,5.100980297942739838e+01,5.481788029466298440e+01,4.201190307520000999e+01,4.159326868617084472e+01,2.960105168323408975e+00
2.915475947422650194e+01,2.662705391138869615e+01,2.683281572999747766e+01,2.601922366251537611e+01,5.203844732503075221e+01,5.640035460881429685e+01,4.060788100849390503e+01,3.962322551231790158e+01,2.979234892360419273e+00
2.647640458974745314e+01,2.343074902771996193e+01,2.662705391138869615e+01,2.601922366251537611e+01,5.703507692639679760e+01,5.860034129593444874e+01,4.031128874149274566e+01,3.931920650267500150e+01,3.084173184735470308e+00
2.376972864800942631e+01,2.000000000000000000e+01,2.745906043549196340e+01,2.507987240796890660e+01,5.707889277132134254e+01,5.522680508593630577e+01,3.962322551231790158e+01,4.554119014694280310e+01,3.115501962397470237e+00
2.051828452868319275e+01,1.442220510185595650e+01,2.900000000000000000e+01,2.745906043549196340e+01,5.703507692639679760e+01,5.467174773134657784e+01,3.820994634908559817e+01,4.356604182158393002e+01,3.262414093938692972e+00
2.505992817228333536e+01,2.140093455903269515e+01,2.828427124746190202e+01,2.549509756796392423e+01,5.600000000000000000e+01,5.622277118748238678e+01,4.103656905736638549e+01,4.031128874149274566e+01,3.296395088705725840e+00
2.751363298439520833e+01,2.408318915758459156e+01,2.828427124746190202e+01,2.844292530665578411e+01,5.600892785976178345e+01,5.622277118748238678e+01,4.031128874149274566e+01,4.060788100849390503e+01,3.228620595501238366e+00
3.104834939252004844e+01,2.549509756796392423e+01,2.701851217221259205e+01,2.828427124746190202e+01,5.700877125495689768e+01,5.841232746604093506e+01,4.036087214122112954e+01,3.863935817272331263e+01,3.204169803035421094e+00
2.789265136196270589e+01,2.404163056034261459e+01,2.831960451701259274e+01,2.915475947422650194e+01,5.803447251418763386e+01,5.841232746604093506e+01,4.045985664828781836e+01,3.863935817272331263e+01,3.178578121830170300e+00
1.720465053408525335e+01,1.612451549659709826e+01,2.780287754891568852e+01,2.927456233660889495e+01,5.707889277132134254e+01,5.731491952362839726e+01,4.242640687119285303e+01,4.539823785126466760e+01,3.134803233180675441e+00
1.886796226411320632e+01,1.788854381999831844e+01,2.765863337187866122e+01,2.647640458974745314e+01,5.700877125495689768e+01,5.597320787662611963e+01,4.186884283091664116e+01,4.785394445602159408e+01,3.133494450299646239e+00
1.969771560359220786e+01,1.941648783894759944e+01,2.692582403567251959e+01,2.828427124746190202e+01,5.707889277132134254e+01,5.544366510251644797e+01,4.455333881989092504e+01,4.652956049652736681e+01,3.008059118322072401e+00
2.418677324489564739e+01,2.209072203437452231e+01,2.607680962081059661e+01,2.886173937932362321e+01,4.704253394535630406e+01,4.808326112068522917e+01,4.318564576337836769e+01,4.219004621945797595e+01,2.677663987822919367e+00
2.529822128134703618e+01,2.308679276123039159e+01,2.501999200639360765e+01,2.692582403567251959e+01,4.504442251822083421e+01,4.763402145525821396e+01,4.404543109109047805e+01,4.301162633521313694e+01,2.637638792919897668e+00
2.563201123595259290e+01,2.319482700948640286e+01,2.531797780234432693e+01,2.549509756796392423e+01,4.257933771208753626e+01,4.837354648979129479e+01,4.220189569201838253e+01,4.301162633521313694e+01,2.651673296732713236e+00
2.865309756378880479e+01,2.022374841615668473e+01,2.376972864800942631e+01,2.483948469674844262e+01,4.304648650006176780e+01,5.192301994298868095e+01,3.966106403010387993e+01,4.527692569068708650e+01,2.739345489238348641e+00
2.865309756378880479e+01,2.002498439450078749e+01,2.529822128134703618e+01,2.545584412271571040e+01,4.420407221060068537e+01,5.412947441089742995e+01,4.024922359499621649e+01,4.317406628984580408e+01,2.862852130519620619e+00
2.884441020371191300e+01,2.308679276123039159e+01,2.529822128134703618e+01,2.475883680627989492e+01,4.701063709417263681e+01,5.608921464952063474e+01,3.992492955535426091e+01,4.244997055358224713e+01,2.854792895723803792e+00
2.607680962081059661e+01,2.334523505985750447e+01,2.789265136196270589e+01,2.617250465660480074e+01,5.044799302251775686e+01,4.964876634922563881e+01,3.668787265568828104e+01,4.569463863518345192e+01,2.851211832978290950e+00
2.340939982143925135e+01,1.843908891458577415e+01,2.961418578992169515e+01,2.758622844826744469e+01,5.390732788777421547e+01,4.627094120503709718e+01,3.354101966249684352e+01,4.741307836451878899e+01,2.944962204531701655e+00
2.729468812791236232e+01,1.941648783894759944e+01,2.692582403567251959e+01,2.900000000000000000e+01,5.728001396647874088e+01,5.215361924162119323e+01,3.324154027718932269e+01,4.565084884205330695e+01,3.016221743374926767e+00
2.302172886644267535e+01,1.923538406167134340e+01,2.657066051117284644e+01,2.831960451701259274e+01,5.307541803886239506e+01,5.203844732503075221e+01,3.712142238654116966e+01,4.410215414239988974e+01,2.924797938055379021e+00
2.202271554554523902e+01,1.720465053408525335e+01,2.640075756488817049e+01,2.915475947422650194e+01,5.000000000000000000e+01,5.103920062069938268e+01,3.622154055254966920e+01,4.382921400162225467e+01,2.749492962295518428e+00
2.262741699796952233e+01,1.838477631085023489e+01,2.624880949681337583e+01,2.594224354214569317e+01,4.802082881417187821e+01,5.048762224545735222e+01,3.712142238654116966e+01,4.482186966202993972e+01,2.769174701378346093e+00
2.220360331117451835e+01,1.700000000000000000e+01,2.441311123146740414e+01,2.529822128134703618e+01,4.561797891182817466e+01,5.336665625650533684e+01,3.712142238654116966e+01,4.360045871318327926e+01,2.639489549760113629e+00
2.332380757938120297e+01,1.749285568453590045e+01,2.745906043549196340e+01,2.630589287593181069e+01,4.143669871020131978e+01,5.292447448959696743e+01,3.700000000000000000e+01,4.341658669218482203e+01,2.654913459914917340e+00
2.469817807045693669e+01,1.581138830084189628e+01,2.778488797889960793e+01,2.607680962081059661e+01,4.414748010928823163e+01,5.546169849544818931e+01,3.601388621073821383e+01,4.393176527297759293e+01,2.723646778580464556e+00
2.683281572999747766e+01,2.121320343559642652e+01,2.884441020371191300e+01,2.517935662402834396e+01,4.729693436154187225e+01,5.147815070493500400e+01,3.238826948140329165e+01,4.527692569068708650e+01,2.773363967842148003e+00
2.282542442102665348e+01,1.655294535724684835e+01,2.817800560721074277e+01,2.601922366251537611e+01,4.440720662234903671e+01,5.080354318352215159e+01,3.255764119219941222e+01,4.609772228646443892e+01,2.740363854584944470e+00
2.193171219946130890e+01,1.431782106327635340e+01,2.886173937932362321e+01,2.451530134426252516e+01,4.901020301937138157e+01,5.315072906367324634e+01,3.453983207834108526e+01,4.701063709417263681e+01,3.607721647075900151e+00
1.941648783894759944e+01,1.603121954188139853e+01,2.828427124746190202e+01,2.529822128134703618e+01,4.716990566028302112e+01,5.590169943749474157e+01,3.623534186398687496e+01,4.561797891182817466e+01,3.688449833165464931e+00
2.334523505985750447e+01,1.612451549659709826e+01,3.214031735997639316e+01,2.683281572999747766e+01,4.805205510693585325e+01,5.521775076911409030e+01,3.405877273185280529e+01,4.301162633521313694e+01,3.550882100582770207e+00
2.061552812808830382e+01,1.500000000000000000e+01,3.140063693621516450e+01,2.731300056749532601e+01,5.092150822589606207e+01,5.420332093147060704e+01,3.047950130825634218e+01,4.512205669071391156e+01,3.466190331261402413e+00
2.451530134426252516e+01,1.627882059609970611e+01,3.106444913401813324e+01,2.507987240796890660e+01,5.502726596879041665e+01,5.470831746635972337e+01,2.831960451701259274e+01,4.373785545725807822e+01,3.424688438889288644e+00
2.451530134426252516e+01,1.649242250247064234e+01,2.915475947422650194e+01,2.435159132377184221e+01,5.923681287847954735e+01,5.608029957123981291e+01,2.968164415931165934e+01,4.201190307520000999e+01,3.283489708193957135e+00
2.195449840010014952e+01,1.104536101718726115e+01,2.844292530665578411e+01,2.570992026436488231e+01,5.597320787662611963e+01,5.660388679233962250e+01,3.400000000000000000e+01,3.900000000000000000e+01,3.150087594871903818e+00
2.051828452868319275e+01,1.004987562112088995e+01,2.879236009777593708e+01,2.617250465660480074e+01,5.481788029466298440e+01,5.464430436925700008e+01,3.361547262794321966e+01,3.905124837953326988e+01,3.070254411050672871e+00
1.860107523773827509e+01,1.236931687685298087e+01,2.817800560721074277e+01,2.707397274136176790e+01,5.277309920783504538e+01,5.161395160225576006e+01,3.264965543462901820e+01,3.721558813185679071e+01,3.020458259824269742e+00
2.024845673131658685e+01,1.004987562112088995e+01,2.745906043549196340e+01,2.729468812791236232e+01,5.333854141237834767e+01,5.200961449578337437e+01,3.312099032335839155e+01,3.748332962798262713e+01,2.898963610199211338e+00
2.140093455903269515e+01,9.219544457292887074e+00,2.780287754891568852e+01,2.828427124746190202e+01,5.323532661682465772e+01,5.185556864985669279e+01,3.224903099319419653e+01,3.667424164178449786e+01,2.860635782061016652e+00
2.220360331117451835e+01,1.019803902718556898e+01,2.860069929215018192e+01,2.844292530665578411e+01,5.414794548272353580e+01,5.173973328110611902e+01,3.224903099319419653e+01,3.667424164178449786e+01,2.877963303558403574e+00
1.969771560359220786e+01,9.055385138137417300e+00,2.690724809414741969e+01,2.789265136196270589e+01,5.303772242470447651e+01,4.810405388322277531e+01,3.224903099319419653e+01,3.634556369077249371e+01,2.808237204318080327e+00
2.024845673131658685e+01,9.055385138137417300e+00,2.687005768508880621e+01,2.846049894151541437e+01,5.100000000000000000e+01,4.601086828130936368e+01,3.361547262794321966e+01,3.733630940518894192e+01,2.738477064371094283e+00
1.931320791582796659e+01,9.055385138137417300e+00,2.617250465660480074e+01,2.846049894151541437e+01,5.600000000000000000e+01,4.738143096192853676e+01,3.492849839314595783e+01,3.705401462729781059e+01,2.712814626143776664e+00
2.193171219946130890e+01,9.000000000000000000e+00,2.765863337187866122e+01,2.816025568065744622e+01,5.503635162326805386e+01,4.808326112068522917e+01,3.448187929913333249e+01,3.805259518088089266e+01,2.760388439884494005e+00
2.701851217221259205e+01,1.523154621172781731e+01,3.041381265149109936e+01,2.570992026436488231e+01,5.135172830587107029e+01,4.701063709417263681e+01,3.535533905932737753e+01,3.900000000000000000e+01,2.643276859379487309e+00
2.900000000000000000e+01,1.788854381999831844e+01,2.969848480983499428e+01,2.692582403567251959e+01,5.048762224545735222e+01,4.720169488482378739e+01,3.689173349139343117e+01,4.200000000000000000e+01,2.668054963428040605e+00
2.561249694973139412e+01,1.360147050873544394e+01,3.023243291566194912e+01,2.570992026436488231e+01,5.035871324805668792e+01,4.780167361086847677e+01,3.966106403010387993e+01,4.301162633521313694e+01,2.795541328192045594e+00
1.979898987322333070e+01,1.431782106327635340e+01,2.720294101747088789e+01,2.507987240796890660e+01,4.738143096192853676e+01,4.632493928760187885e+01,4.081666326391709987e+01,4.304648650006176780e+01,3.098360051143932647e+00
1.802775637731994607e+01,1.523154621172781731e+01,2.500000000000000000e+01,2.353720459187963954e+01,4.527692569068708650e+01,4.579301256742124338e+01,4.219004621945797595e+01,4.304648650006176780e+01,3.433336419553947749e+00
1.726267650163206824e+01,1.700000000000000000e+01,2.418677324489564739e+01,2.505992817228333536e+01,4.044749683231336945e+01,4.651881339845203200e+01,4.188078318274384770e+01,4.301162633521313694e+01,3.657103603988571372e+00
1.923538406167134340e+01,1.655294535724684835e+01,2.647640458974745314e+01,2.523885892824792521e+01,3.863935817272331263e+01,4.661544808322666000e+01,4.081666326391709987e+01,4.101219330881975367e+01,3.643985016390104192e+00
1.902629759044044633e+01,1.476482306023340030e+01,2.549509756796392423e+01,2.469817807045693669e+01,3.785498646149540036e+01,4.681879964287850271e+01,4.254409477236529824e+01,4.201190307520000999e+01,3.558599185176186008e+00
1.902629759044044633e+01,1.486606874731850603e+01,2.630589287593181069e+01,2.385372088375312671e+01,4.148493702538308270e+01,4.846648326421053810e+01,4.070626487409523975e+01,4.104875150354758517e+01,3.532619924185282034e+00
2.009975124224177989e+01,1.456021977856103611e+01,2.549509756796392423e+01,2.302172886644267535e+01,4.368065933568311010e+01,4.846648326421053810e+01,4.204759208325727826e+01,4.229657196511320194e+01,3.510552199795649919e+00
1.811077027627483460e+01,1.526433752247374720e+01,2.647640458974745314e+01,2.580697580112788003e+01,4.427188724235730888e+01,4.870318264754368442e+01,4.254409477236529824e+01,4.356604182158393002e+01,3.545840870297311653e+00
1.711724276862369010e+01,1.414213562373095101e+01,2.668332812825266842e+01,2.765863337187866122e+01,4.272001872658765365e+01,4.870318264754368442e+01,4.254409477236529824e+01,4.177319714841084419e+01,3.579677650166922298e+00
1.676305461424021104e+01,1.627882059609970611e+01,2.692582403567251959e+01,2.758622844826744469e+01,4.215447781671598193e+01,4.838388161361177708e+01,4.346262762420145975e+01,4.220189569201838253e+01,3.644435864517654000e+00
1.923538406167134340e+01,1.860107523773827509e+01,2.720294101747088789e+01,2.828427124746190202e+01,4.254409477236529824e+01,4.904079934095691584e+01,4.346262762420145975e+01,4.317406628984580408e+01,3.666451518712797064e+00
2.640075756488817049e+01,2.158703314492290204e+01,2.376972864800942631e+01,2.404163056034261459e+01,4.701063709417263681e+01,5.096076922496362727e+01,4.308131845707602992e+01,4.522167621838005402e+01,3.571153549860446752e+00
2.968164415931165934e+01,2.402082429892862692e+01,2.376972864800942631e+01,2.500000000000000000e+01,4.802082881417187821e+01,5.385164807134503917e+01,4.215447781671598193e+01,4.464302857109942835e+01,3.415865290361741025e+00
2.778488797889960793e+01,2.402082429892862692e+01,2.549509756796392423e+01,2.500000000000000000e+01,4.992995093127971273e+01,5.536244214266563546e+01,4.215447781671598193e+01,4.396589587396121601e+01,3.409225281707124910e+00
2.376972864800942631e+01,1.923538406167134340e+01,2.647640458974745314e+01,2.561249694973139412e+01,5.080354318352215159e+01,5.675385449465084520e+01,4.085339643163099055e+01,4.396589587396121601e+01,3.378363179518879100e+00
1.552417469626002422e+01,1.500000000000000000e+01,2.657066051117284644e+01,2.690724809414741969e+01,5.249761899362675166e+01,5.922837157984339029e+01,3.860051813123756403e+01,4.110960958218893069e+01,3.560483728177489482e+00
1.603121954188139853e+01,1.220655561573370207e+01,2.789265136196270589e+01,2.831960451701259274e+01,5.162363799656122865e+01,5.984145720150872449e+01,3.710795063055894616e+01,3.827531841800927737e+01,3.399118920715292091e+00
1.726267650163206824e+01,1.220655561573370207e+01,2.886173937932362321e+01,2.690724809414741969e+01,5.375872022286245056e+01,6.001666435249462950e+01,3.613862199918530393e+01,3.921734310225515685e+01,3.349088880024995607e+00
1.711724276862369010e+01,1.562049935181330795e+01,2.844292530665578411e+01,2.607680962081059661e+01,5.032891812864647818e+01,6.216912416947820930e+01,4.123105625617660763e+01,3.794733192202055250e+01,3.290838360532847062e+00
1.800000000000000000e+01,1.442220510185595650e+01,2.844292530665578411e+01,2.640075756488817049e+01,5.099019513592784847e+01,6.118823416311342100e+01,4.123105625617660763e+01,3.862641583165593318e+01,3.282347088975833493e+00
1.800000000000000000e+01,1.421267040355189515e+01,2.647640458974745314e+01,2.662705391138869615e+01,5.099019513592784847e+01,6.100000000000000000e+01,4.123105625617660763e+01,3.956008088970496317e+01,3.253369695124272098e+00
2.220360331117451835e+01,1.649242250247064234e+01,2.745906043549196340e+01,2.523885892824792521e+01,5.166236541235795698e+01,6.100000000000000000e+01,4.123105625617660763e+01,3.992492955535426091e+01,3.195356837231476455e+00
2.451530134426252516e+01,2.002498439450078749e+01,2.828427124746190202e+01,2.469817807045693669e+01,5.166236541235795698e+01,6.100000000000000000e+01,4.100000000000000000e+01,3.900000000000000000e+01,3.156525657699673637e+00
2.433105012119287736e+01,1.802775637731994607e+01,2.729468812791236232e+01,2.469817807045693669e+01,5.234500931320960149e+01,6.082762530298219872e+01,4.197618372363071160e+01,4.071854614300466579e+01,3.116650427125364331e+00
2.451530134426252516e+01,2.102379604162863913e+01,2.927456233660889495e+01,2.469817807045693669e+01,5.234500931320960149e+01,5.984145720150872449e+01,4.123105625617660763e+01,4.162931659299729859e+01,3.173184847822955845e+00
2.376972864800942631e+01,2.109502310972898798e+01,2.844292530665578411e+01,2.385372088375312671e+01,5.307541803886239506e+01,6.001666435249462950e+01,4.220189569201838253e+01,4.204759208325727826e+01,3.221422639302030433e+00
2.683281572999747766e+01,2.319482700948640286e+01,2.500000000000000000e+01,2.385372088375312671e+01,5.445181356024792763e+01,5.930430001273094831e+01,4.257933771208753626e+01,4.477722635447621968e+01,3.207511677567149277e+00
2.906888370749726747e+01,2.601922366251537611e+01,2.596150997149434048e+01,2.332380757938120297e+01,5.303772242470447651e+01,5.842088667591411877e+01,4.554119014694280310e+01,4.494441010848846219e+01,3.179851487640980245e+00
2.529822128134703618e+01,2.102379604162863913e+01,2.570992026436488231e+01,2.247220505424423109e+01,5.445181356024792763e+01,5.941380311005179493e+01,4.638965401897280572e+01,4.522167621838005402e+01,3.119911314272412639e+00
2.500000000000000000e+01,2.002498439450078749e+01,2.570992026436488231e+01,2.247220505424423109e+01,5.375872022286245056e+01,5.941380311005179493e+01,4.638965401897280572e+01,4.440720662234903671e+01,3.097545603467356745e+00
2.039607805437113797e+01,1.746424919657297892e+01,2.570992026436488231e+01,2.469817807045693669e+01,5.448853090330111115e+01,5.941380311005179493e+01,4.638965401897280572e+01,4.500000000000000000e+01,3.155480649520760572e+00
2.088061301782110135e+01,1.708800749063506075e+01,2.376972864800942631e+01,2.385372088375312671e+01,5.663920903402518547e+01,6.140032573203500732e+01,4.527692569068708650e+01,4.440720662234903671e+01,3.150872387210640113e+00
2.039607805437113797e+01,1.612451549659709826e+01,2.404163056034261459e+01,2.469817807045693669e+01,5.731491952362839726e+01,6.251399843235113707e+01,4.428317965096906050e+01,4.326661530556787483e+01,3.165775913242001582e+00
1.800000000000000000e+01,1.414213562373095101e+01,2.668332812825266842e+01,2.720294101747088789e+01,5.445181356024792763e+01,6.029925372672533967e+01,4.418144406874904462e+01,4.272001872658765365e+01,3.177640142286752400e+00
1.702938636592640265e+01,1.486606874731850603e+01,2.570992026436488231e+01,2.607680962081059661e+01,5.445181356024792763e+01,6.020797289396147534e+01,4.310452412450461424e+01,4.219004621945797595e+01,3.175477983493911083e+00
1.964688270438849926e+01,1.746424919657297892e+01,2.451530134426252516e+01,2.469817807045693669e+01,5.738466694161429160e+01,6.328506932918696037e+01,4.204759208325727826e+01,4.049691346263317371e+01,3.131675623335690162e+00
2.404163056034261459e+01,1.824828759089465890e+01,2.570992026436488231e+01,2.441311123146740414e+01,5.813776741499453493e+01,6.428063471995278633e+01,4.204759208325727826e+01,4.049691346263317371e+01,3.088611977685689958e+00
2.282542442102665348e+01,2.102379604162863913e+01,2.624880949681337583e+01,2.701851217221259205e+01,5.748912940721923803e+01,6.328506932918696037e+01,4.219004621945797595e+01,4.188078318274384770e+01,3.264712572601524698e+00
2.758622844826744469e+01,2.459674775249768786e+01,2.416609194718914466e+01,2.828427124746190202e+01,5.544366510251644797e+01,6.212889826803626647e+01,4.318564576337836769e+01,4.243819034784588951e+01,3.356250389529014555e+00
2.745906043549196340e+01,2.701851217221259205e+01,2.332380757938120297e+01,2.973213749463701205e+01,5.481788029466298440e+01,6.207253821135397942e+01,4.318564576337836769e+01,4.243819034784588951e+01,3.488002585585047832e+00
2.879236009777593708e+01,2.906888370749726747e+01,2.280350850198275836e+01,2.745906043549196340e+01,4.841487374764081864e+01,5.600892785976178345e+01,4.428317965096906050e+01,4.440720662234903671e+01,3.633667568757042332e+00
2.816025568065744622e+01,2.900000000000000000e+01,2.163330765278393741e+01,3.023243291566194912e+01,4.939635614091387339e+01,5.731491952362839726e+01,4.410215414239988974e+01,4.545327270945404763e+01,3.555483396311013955e+00
2.121320343559642652e+01,2.563201123595259290e+01,2.061552812808830382e+01,3.130495168499705727e+01,4.965883607174054504e+01,6.236986451805070431e+01,4.301162633521313694e+01,4.263801121065568367e+01,3.629032978356130812e+00
2.002498439450078749e+01,2.668332812825266842e+01,2.126029162546929996e+01,3.008321791298264714e+01,4.964876634922563881e+01,6.419501538281613762e+01,4.229657196511320194e+01,4.177319714841084419e+01,3.680056619094981052e+00
1.166190378969060149e+01,1.923538406167134340e+01,2.343074902771996193e+01,2.886173937932362321e+01,5.000000000000000000e+01,6.332456079595025500e+01,4.079215610874227593e+01,4.101219330881975367e+01,3.657189087004962591e+00
1.552417469626002422e+01,2.209072203437452231e+01,2.080865204668481283e+01,2.657066051117284644e+01,5.457105459856901319e+01,6.673080248281148386e+01,4.176122603564220270e+01,3.780211634287159939e+01,3.601068271391615561e+00
1.529705854077835525e+01,2.202271554554523902e+01,2.202271554554523902e+01,2.912043955712207222e+01,5.481788029466298440e+01,6.612866246946175863e+01,4.110960958218893069e+01,3.841874542459709119e+01,3.602221403836902702e+00
1.941648783894759944e+01,2.404163056034261459e+01,2.061552812808830382e+01,2.731300056749532601e+01,5.629387178015027615e+01,6.500000000000000000e+01,4.123105625617660763e+01,3.911521443121588959e+01,3.457379063992594315e+00
1.627882059609970611e+01,2.236067977499789805e+01,2.126029162546929996e+01,2.751363298439520833e+01,5.903388857258176614e+01,6.407807737440317908e+01,4.162931659299729859e+01,4.159326868617084472e+01,3.488081672544761425e+00
1.300000000000000000e+01,2.000000000000000000e+01,2.193171219946130890e+01,2.846049894151541437e+01,5.885575587824864385e+01,6.307138812488591384e+01,4.159326868617084472e+01,4.204759208325727826e+01,3.434013435925774793e+00
1.220655561573370207e+01,1.746424919657297892e+01,2.334523505985750447e+01,2.879236009777593708e+01,5.968249324550709645e+01,6.397655820689325168e+01,4.070626487409523975e+01,4.071854614300466579e+01,3.332156552003279426e+00
1.300000000000000000e+01,1.529705854077835525e+01,2.408318915758459156e+01,2.823118842698620767e+01,5.885575587824864385e+01,6.356099432828281692e+01,4.024922359499621649e+01,4.024922359499621649e+01,3.228881674663010237e+00
1.252996408614166768e+01,1.612451549659709826e+01,2.404163056034261459e+01,2.692582403567251959e+01,5.984145720150872449e+01,6.447480127925948068e+01,4.024922359499621649e+01,4.024922359499621649e+01,3.312762732403117028e+00
1.414213562373095101e+01,1.811077027627483460e+01,2.408318915758459156e+01,2.600000000000000000e+01,6.181423784210236505e+01,6.539113089708726534e+01,3.894868418830089496e+01,3.891015291668743714e+01,3.345636649780925787e+00
1.749285568453590045e+01,2.024845673131658685e+01,2.262741699796952233e+01,2.683281572999747766e+01,6.477653896280658330e+01,6.777905281132217397e+01,3.982461550347975532e+01,3.939543120718441571e+01,3.273014668294528029e+00
2.147091055358388800e+01,2.280350850198275836e+01,2.280350850198275836e+01,2.692582403567251959e+01,6.562011886609167277e+01,6.870953354520753464e+01,3.982461550347975532e+01,3.900000000000000000e+01,3.149613871931451925e+00
2.617250465660480074e+01,2.385372088375312671e+01,2.594224354214569317e+01,2.906888370749726747e+01,6.378871373526824584e+01,6.741661516273269683e+01,4.070626487409523975e+01,3.900000000000000000e+01,2.909035711784884182e+00
2.906888370749726747e+01,2.647640458974745314e+01,2.596150997149434048e+01,2.690724809414741969e+01,6.360031446463138138e+01,6.403124237432848531e+01,4.159326868617084472e+01,3.900000000000000000e+01,2.802835755544387908e+00
2.973213749463701205e+01,2.729468812791236232e+01,2.570992026436488231e+01,2.690724809414741969e+01,6.008327554319920694e+01,5.894064811316550134e+01,4.295346318982905842e+01,4.215447781671598193e+01,2.810393452872955500e+00
3.252691193458118590e+01,2.927456233660889495e+01,2.596150997149434048e+01,2.758622844826744469e+01,5.977457653551382322e+01,5.948108943185220454e+01,4.338202392696772591e+01,4.215447781671598193e+01,2.809425809262181328e+00
3.041381265149109936e+01,2.692582403567251959e+01,2.435159132377184221e+01,2.758622844826744469e+01,6.016643582596529427e+01,6.072890580275590366e+01,4.295346318982905842e+01,4.215447781671598193e+01,2.839744816045894460e+00
2.758622844826744469e+01,2.459674775249768786e+01,2.549509756796392423e+01,2.831960451701259274e+01,6.063827174318213054e+01,6.074537019394976056e+01,4.382921400162225467e+01,4.365775990588614519e+01,2.896501034403316854e+00
1.562049935181330795e+01,2.247220505424423109e+01,2.343074902771996193e+01,2.720294101747088789e+01,6.511528238439882443e+01,6.612866246946175863e+01,4.341658669218482203e+01,4.237924020083418242e+01,3.218733957476679564e+00
2.325940669922601600e+01,2.483948469674844262e+01,2.202271554554523902e+01,2.662705391138869615e+01,6.395310782127792493e+01,6.462197768561404132e+01,4.134005321718877468e+01,4.016217125604640614e+01,3.134692550785548093e+00
2.594224354214569317e+01,2.545584412271571040e+01,2.343074902771996193e+01,2.745906043549196340e+01,6.413267497929585659e+01,6.519202405202648265e+01,4.081666326391709987e+01,3.956008088970496317e+01,3.123053368750226877e+00
2.549509756796392423e+01,2.690724809414741969e+01,2.343074902771996193e+01,2.801785145224380003e+01,6.511528238439882443e+01,6.648308055437864539e+01,4.081666326391709987e+01,3.992492955535426091e+01,3.148185964640613843e+00
2.459674775249768786e+01,2.561249694973139412e+01,2.267156809750926882e+01,2.801785145224380003e+01,6.609841147864295863e+01,6.706713054842886379e+01,4.167733196834941367e+01,4.049691346263317371e+01,3.154925196883938909e+00
2.600000000000000000e+01,2.701851217221259205e+01,2.267156809750926882e+01,2.884441020371191300e+01,6.511528238439882443e+01,6.612866246946175863e+01,4.167733196834941367e+01,4.049691346263317371e+01,3.173186479970606655e+00
2.416609194718914466e+01,2.580697580112788003e+01,2.343074902771996193e+01,2.968164415931165934e+01,6.511528238439882443e+01,6.648308055437864539e+01,4.167733196834941367e+01,4.085339643163099055e+01,3.176189473946604114e+00
2.376972864800942631e+01,2.580697580112788003e+01,2.267156809750926882e+01,2.830194339616981125e+01,6.609841147864295863e+01,6.706713054842886379e+01,4.081666326391709987e+01,3.956008088970496317e+01,3.204483807795107886e+00
2.816025568065744622e+01,2.906888370749726747e+01,2.267156809750926882e+01,2.915475947422650194e+01,6.413267497929585659e+01,6.519202405202648265e+01,4.167733196834941367e+01,4.049691346263317371e+01,3.208701503985001757e+00
3.228002478313794654e+01,3.114482300479487265e+01,2.343074902771996193e+01,3.001666203960726875e+01,6.082762530298219872e+01,6.369458375717671572e+01,4.118252056394800320e+01,3.956008088970496317e+01,3.159642750152667823e+00
2.941088233970548416e+01,2.973213749463701205e+01,2.420743687382040932e+01,3.138470965295043058e+01,6.181423784210236505e+01,6.592419889539803535e+01,4.254409477236529824e+01,3.956008088970496317e+01,3.156788401669393451e+00
1.345362404707370985e+01,1.868154169226940553e+01,2.343074902771996193e+01,2.594224354214569317e+01,6.747592163134935106e+01,7.130918594402827182e+01,3.996248240537617136e+01,3.769615364994152884e+01,3.224676928139342813e+00
1.486606874731850603e+01,1.897366596101027625e+01,2.420743687382040932e+01,2.729468812791236232e+01,6.661080993352355506e+01,6.946221994724902515e+01,4.000000000000000000e+01,3.605551275463989214e+01,3.154858873624469151e+00
1.581138830084189628e+01,2.154065922853801496e+01,2.420743687382040932e+01,2.778488797889960793e+01,6.648308055437864539e+01,6.946221994724902515e+01,3.982461550347975532e+01,3.448187929913333249e+01,3.153444874622706173e+00
2.109502310972898798e+01,2.385372088375312671e+01,2.483948469674844262e+01,2.830194339616981125e+01,6.946221994724902515e+01,7.244998274671982585e+01,3.841874542459709119e+01,3.228002478313794654e+01,3.115683411264699387e+00
2.012461179749810825e+01,2.555386467836127551e+01,2.343074902771996193e+01,2.801785145224380003e+01,7.034912934784622962e+01,7.373601562330310344e+01,3.905124837953326988e+01,3.201562118716424266e+01,3.128648392773222486e+00
2.109502310972898798e+01,2.469817807045693669e+01,2.483948469674844262e+01,2.884441020371191300e+01,6.946221994724902515e+01,7.244998274671982585e+01,3.841874542459709119e+01,3.228002478313794654e+01,3.115683411264699387e+00
2.370653918225939449e+01,2.640075756488817049e+01,2.483948469674844262e+01,2.884441020371191300e+01,6.946221994724902515e+01,7.116881339463233758e+01,3.841874542459709119e+01,3.298484500494128469e+01,3.105716963858492718e+00
1.972308292331602075e+01,2.549509756796392423e+01,2.475883680627989492e+01,2.884441020371191300e+01,7.045565981523414223e+01,7.244998274671982585e+01,3.920459156782531807e+01,3.420526275297414287e+01,3.181877948092713737e+00
1.802775637731994607e+01,2.376972864800942631e+01,2.475883680627989492e+01,2.830194339616981125e+01,7.045565981523414223e+01,7.244998274671982585e+01,3.920459156782531807e+01,3.420526275297414287e+01,3.193505331049097506e+00
1.389244398944980396e+01,1.902629759044044633e+01,2.617250465660480074e+01,2.817800560721074277e+01,6.835934464285040235e+01,7.130918594402827182e+01,3.982461550347975532e+01,3.420526275297414287e+01,3.188538001851200843e+00
1.236931687685298087e+01,1.513274595042155646e+01,2.690724809414741969e+01,2.657066051117284644e+01,6.438167441127949076e+01,6.670832032063167105e+01,3.828837943815329226e+01,3.324154027718932269e+01,3.205590584613597027e+00
1.334166406412633421e+01,1.600000000000000000e+01,2.701851217221259205e+01,2.683281572999747766e+01,6.350590523722971170e+01,6.630987860040161763e+01,3.828837943815329226e+01,3.228002478313794654e+01,3.124019770242322469e+00
1.303840481040529831e+01,1.603121954188139853e+01,2.780287754891568852e+01,2.683281572999747766e+01,6.166036003787198183e+01,6.407807737440317908e+01,3.687817782917154830e+01,3.162277660168379256e+01,3.146813299087803273e+00
1.500000000000000000e+01,1.513274595042155646e+01,2.801785145224380003e+01,2.523885892824792521e+01,5.922837157984339029e+01,6.146543744251723496e+01,3.623534186398687496e+01,3.138470965295043058e+01,3.057827331913435920e+00
1.403566884761819900e+01,1.414213562373095101e+01,2.778488797889960793e+01,2.692582403567251959e+01,5.869412236331675814e+01,5.980802621722271795e+01,3.841874542459709119e+01,3.289376840679705083e+01,3.027152348319729569e+00
1.315294643796590535e+01,1.612451549659709826e+01,2.778488797889960793e+01,2.830194339616981125e+01,5.990826320300063657e+01,6.040695324215582218e+01,3.764306044943742080e+01,3.195309061734091571e+01,3.076953635088281125e+00
1.403566884761819900e+01,1.513274595042155646e+01,2.778488797889960793e+01,2.745906043549196340e+01,5.894064811316550134e+01,6.040695324215582218e+01,3.764306044943742080e+01,3.101612483854164637e+01,3.037321041662138121e+00
1.414213562373095101e+01,1.612451549659709826e+01,2.817800560721074277e+01,2.701851217221259205e+01,5.824087911424414443e+01,5.724508712544684386e+01,3.687817782917154830e+01,3.195309061734091571e+01,3.003190051855506137e+00
1.303840481040529831e+01,1.627882059609970611e+01,2.773084924772409465e+01,2.701851217221259205e+01,6.072890580275590366e+01,5.852349955359812839e+01,3.828837943815329226e+01,3.257299494980465937e+01,3.019663259208188233e+00
1.403566884761819900e+01,1.676305461424021104e+01,2.823118842698620767e+01,2.758622844826744469e+01,6.236184731067545783e+01,6.044005294504630399e+01,3.828837943815329226e+01,3.228002478313794654e+01,2.932517011249968331e+00
1.403566884761819900e+01,1.513274595042155646e+01,2.692582403567251959e+01,2.906888370749726747e+01,6.456004956627589308e+01,6.378871373526824584e+01,4.000000000000000000e+01,3.324154027718932269e+01,2.912700663642479704e+00
1.300000000000000000e+01,1.414213562373095101e+01,2.469817807045693669e+01,2.765863337187866122e+01,6.580273550544841044e+01,6.378871373526824584e+01,4.000000000000000000e+01,3.448187929913333249e+01,2.916818777455912226e+00
1.303840481040529831e+01,1.600000000000000000e+01,2.555386467836127551e+01,2.801785145224380003e+01,6.306346010171024830e+01,6.389053137985315090e+01,4.140048308896890461e+01,3.448187929913333249e+01,3.046138939257079237e+00
1.081665382639196871e+01,1.726267650163206824e+01,2.193171219946130890e+01,2.731300056749532601e+01,5.707013229352109818e+01,5.950630218724735698e+01,4.301162633521313694e+01,3.860051813123756403e+01,3.255195374345453807e+00
1.529705854077835525e+01,2.570992026436488231e+01,1.749285568453590045e+01,3.080584360149872580e+01,4.850773134253961416e+01,4.964876634922563881e+01,4.123105625617660763e+01,4.049691346263317371e+01,3.609699541839654913e+00
1.345362404707370985e+01,2.778488797889960793e+01,1.431782106327635340e+01,2.701851217221259205e+01,4.933558553417604031e+01,4.522167621838005402e+01,4.177319714841084419e+01,4.301162633521313694e+01,4.032788989911034960e+00
1.769180601295413169e+01,2.830194339616981125e+01,1.400000000000000000e+01,2.807133769523639799e+01,4.609772228646443892e+01,3.820994634908559817e+01,4.103656905736638549e+01,4.767598976424086743e+01,3.981330574200010020e+00
1.392838827718411920e+01,3.047950130825634218e+01,1.431782106327635340e+01,2.280350850198275836e+01,4.527692569068708650e+01,3.401470270338990076e+01,3.858756276314947797e+01,5.108815909777920439e+01,1.939100808499679696e+00
1.843908891458577415e+01,3.280243893371345365e+01,1.640121946685672683e+01,2.282542442102665348e+01,4.617358552246078318e+01,3.712142238654116966e+01,3.758989225842500304e+01,4.716990566028302112e+01,1.805061504567924358e+00
2.158703314492290204e+01,3.405877273185280529e+01,1.910497317454279909e+01,2.220360331117451835e+01,4.501110973970759943e+01,3.676955262170046979e+01,3.676955262170046979e+01,4.501110973970759943e+01,1.856057218081666571e+00
2.137755832643194864e+01,3.201562118716424266e+01,1.838477631085023489e+01,2.126029162546929996e+01,4.159326868617084472e+01,3.981205847478876336e+01,3.700000000000000000e+01,4.509988913511872255e+01,1.982147472257695053e+00
2.334523505985750447e+01,3.189043743820394994e+01,1.702938636592640265e+01,2.267156809750926882e+01,4.044749683231336945e+01,3.847076812334268681e+01,3.640054944640259293e+01,4.410215414239988974e+01,2.065565959312811728e+00
2.517935662402834396e+01,3.623534186398687496e+01,1.838477631085023489e+01,2.343074902771996193e+01,4.148493702538308270e+01,4.104875150354758517e+01,3.612478373637688378e+01,4.143669871020131978e+01,2.143285990468167146e+00
2.906888370749726747e+01,3.753664875824691904e+01,1.720465053408525335e+01,2.126029162546929996e+01,4.052159917870962147e+01,3.705401462729781059e+01,3.405877273185280529e+01,3.981205847478876336e+01,2.154948756857731240e+00
3.001666203960726875e+01,3.753664875824691904e+01,1.720465053408525335e+01,2.121320343559642652e+01,4.016217125604640614e+01,3.712142238654116966e+01,3.306055050963308162e+01,4.002499219237900263e+01,2.163314591678770604e+00
2.807133769523639799e+01,3.551056180912940619e+01,1.860107523773827509e+01,2.385372088375312671e+01,3.939543120718441571e+01,3.847076812334268681e+01,3.324154027718932269e+01,3.956008088970496317e+01,2.152003891782223732e+00
2.915475947422650194e+01,3.580502757993631491e+01,1.860107523773827509e+01,2.195449840010014952e+01,3.982461550347975532e+01,3.962322551231790158e+01,3.354101966249684352e+01,3.827531841800927737e+01,2.210008903141299275e+00
2.901723625709381693e+01,3.580502757993631491e+01,1.941648783894759944e+01,2.247220505424423109e+01,3.935733730830885690e+01,3.863935817272331263e+01,3.471310991541956525e+01,3.769615364994152884e+01,2.245780637229755516e+00
2.906888370749726747e+01,3.522782990761707111e+01,1.802775637731994607e+01,2.247220505424423109e+01,3.981205847478876336e+01,3.863935817272331263e+01,3.590264614203248072e+01,3.769615364994152884e+01,2.236586737280347847e+00
3.006659275674581622e+01,3.500000000000000000e+01,1.802775637731994607e+01,2.195449840010014952e+01,3.827531841800927737e+01,4.026164427839479032e+01,3.471310991541956525e+01,3.848376280978771291e+01,2.313094513022460497e+00
2.716615541441224835e+01,3.383784863137726262e+01,1.702938636592640265e+01,2.247220505424423109e+01,3.828837943815329226e+01,4.396589587396121601e+01,3.569313659514949677e+01,3.935733730830885690e+01,2.391625413919821419e+00
2.807133769523639799e+01,3.420526275297414287e+01,1.979898987322333070e+01,2.370653918225939449e+01,3.959797974644666141e+01,4.522167621838005402e+01,3.710795063055894616e+01,3.911521443121588959e+01,2.489026335186071748e+00
3.001666203960726875e+01,3.394112549695427816e+01,1.984943324127920761e+01,2.418677324489564739e+01,3.962322551231790158e+01,4.438468204234429493e+01,3.905124837953326988e+01,3.801315561749642313e+01,2.582491330256273088e+00
3.041381265149109936e+01,3.471310991541956525e+01,2.140093455903269515e+01,2.580697580112788003e+01,4.103656905736638549e+01,4.617358552246078318e+01,3.860051813123756403e+01,3.860051813123756403e+01,2.724508293322961183e+00
2.607680962081059661e+01,3.255764119219941222e+01,2.247220505424423109e+01,2.692582403567251959e+01,4.482186966202993972e+01,4.904079934095691584e+01,3.889730067755344578e+01,3.905124837953326988e+01,2.704254761841909271e+00
2.729468812791236232e+01,3.255764119219941222e+01,2.332380757938120297e+01,2.692582403567251959e+01,4.716990566028302112e+01,5.092150822589606207e+01,3.848376280978771291e+01,3.748332962798262713e+01,2.853566787962025231e+00
2.927456233660889495e+01,3.330165161069342616e+01,2.441311123146740414e+01,2.683281572999747766e+01,4.788527957525151635e+01,5.032891812864647818e+01,3.982461550347975532e+01,3.720215047547655018e+01,2.888374146756979233e+00
2.800000000000000000e+01,3.189043743820394994e+01,2.500000000000000000e+01,2.846049894151541437e+01,4.875448697299562184e+01,5.348831648126532912e+01,3.807886552931954327e+01,3.420526275297414287e+01,2.812739598003265673e+00
3.014962686336266984e+01,3.324154027718932269e+01,2.420743687382040932e+01,2.731300056749532601e+01,4.661544808322666000e+01,5.331041174104736058e+01,4.118252056394800320e+01,3.551056180912940619e+01,2.926732694872468343e+00
2.716615541441224835e+01,3.252691193458118590e+01,2.385372088375312671e+01,2.729468812791236232e+01,4.964876634922563881e+01,5.100000000000000000e+01,4.049691346263317371e+01,4.024922359499621649e+01,3.005891845373521054e+00
2.807133769523639799e+01,3.330165161069342616e+01,2.441311123146740414e+01,2.906888370749726747e+01,5.220153254455274805e+01,5.011985634456667071e+01,3.982461550347975532e+01,3.956008088970496317e+01,3.019449229340823937e+00
2.729468812791236232e+01,3.111269837220809009e+01,2.441311123146740414e+01,2.773084924772409465e+01,5.604462507680821659e+01,5.423098745182499414e+01,3.780211634287159939e+01,3.640054944640259293e+01,3.026904514058336826e+00
2.500000000000000000e+01,3.162277660168379256e+01,2.561249694973139412e+01,2.879236009777593708e+01,5.756735185849701963e+01,5.571355310873647682e+01,3.828837943815329226e+01,3.417601498127012150e+01,2.894928869284742579e+00
2.256102834535695578e+01,3.352610922848042208e+01,2.408318915758459156e+01,2.941088233970548416e+01,5.748912940721923803e+01,5.636488268416781011e+01,3.538361202590826338e+01,3.361547262794321966e+01,2.730662422815365531e+00
2.549509756796392423e+01,3.905124837953326988e+01,2.220360331117451835e+01,3.026549190084311292e+01,5.688585061331156822e+01,5.724508712544684386e+01,3.471310991541956525e+01,3.361547262794321966e+01,2.468676309714298522e+00
2.920616373302046753e+01,3.931920650267500150e+01,2.236067977499789805e+01,2.801785145224380003e+01,5.632051136131489244e+01,5.603570290448760005e+01,3.606937759374286401e+01,3.700000000000000000e+01,2.527959720644839425e+00
2.884441020371191300e+01,3.931920650267500150e+01,2.549509756796392423e+01,3.000000000000000000e+01,5.500000000000000000e+01,5.166236541235795698e+01,3.330165161069342616e+01,4.026164427839479032e+01,2.616131203152917806e+00
2.817800560721074277e+01,3.667424164178449786e+01,2.416609194718914466e+01,2.801785145224380003e+01,4.909175083453430943e+01,5.390732788777421547e+01,4.101219330881975367e+01,3.807886552931954327e+01,2.677945044588986967e+00
2.731300056749532601e+01,3.640054944640259293e+01,2.418677324489564739e+01,2.716615541441224835e+01,5.100980297942739838e+01,5.390732788777421547e+01,3.841874542459709119e+01,3.452535300326413648e+01,2.797491366936796453e+00
2.816025568065744622e+01,3.511409973215887703e+01,2.505992817228333536e+01,2.716615541441224835e+01,5.400000000000000000e+01,5.700877125495689768e+01,3.640054944640259293e+01,3.157530680769388809e+01,2.850423029755191351e+00
2.353720459187963954e+01,3.104834939252004844e+01,2.549509756796392423e+01,2.607680962081059661e+01,5.903388857258176614e+01,5.762811813689563678e+01,3.661966684720110976e+01,3.522782990761707111e+01,2.833174642487296779e+00
1.902629759044044633e+01,2.844292530665578411e+01,2.683281572999747766e+01,2.617250465660480074e+01,5.903388857258176614e+01,5.685068161420758059e+01,3.807886552931954327e+01,3.401470270338990076e+01,2.884717422712297363e+00
2.039607805437113797e+01,2.624880949681337583e+01,2.778488797889960793e+01,2.647640458974745314e+01,5.608029957123981291e+01,5.375872022286245056e+01,3.883297567789519888e+01,3.905124837953326988e+01,3.031655846201804838e+00
2.469817807045693669e+01,2.758622844826744469e+01,2.500000000000000000e+01,2.701851217221259205e+01,5.303772242470447651e+01,5.234500931320960149e+01,3.982461550347975532e+01,4.011234224026316042e+01,3.493091459313835578e+00
2.420743687382040932e+01,2.690724809414741969e+01,2.441311123146740414e+01,2.687005768508880621e+01,5.323532661682465772e+01,4.920365840057017692e+01,4.244997055358224713e+01,4.318564576337836769e+01,2.808911513049324959e+00
1.500000000000000000e+01,2.267156809750926882e+01,2.193171219946130890e+01,2.441311123146740414e+01,5.217278984298232558e+01,4.382921400162225467e+01,4.201190307520000999e+01,4.110960958218893069e+01,2.760211386061981464e+00
1.500000000000000000e+01,2.280350850198275836e+01,2.102379604162863913e+01,2.523885892824792521e+01,5.192301994298868095e+01,4.440720662234903671e+01,4.263801121065568367e+01,4.159326868617084472e+01,2.792936412256252776e+00
1.664331697709323876e+01,2.262741699796952233e+01,2.102379604162863913e+01,2.418677324489564739e+01,5.281098370604357228e+01,4.390899680020029905e+01,4.318564576337836769e+01,4.159326868617084472e+01,2.777244025715390752e+00
1.523154621172781731e+01,2.126029162546929996e+01,2.213594362117865444e+01,2.370653918225939449e+01,5.478138369920934991e+01,4.518849411078001310e+01,4.313930922024598402e+01,4.197618372363071160e+01,2.766566556880386774e+00
1.835755975068581947e+01,2.469817807045693669e+01,2.353720459187963954e+01,2.640075756488817049e+01,5.590169943749474157e+01,4.427188724235730888e+01,4.313930922024598402e+01,4.002499219237900263e+01,2.748846406246402196e+00
2.012461179749810825e+01,2.376972864800942631e+01,2.418677324489564739e+01,2.640075756488817049e+01,5.594640292279746063e+01,4.368065933568311010e+01,4.327817001676480402e+01,4.148493702538308270e+01,2.702770643014665186e+00
2.022374841615668473e+01,2.121320343559642652e+01,2.300000000000000000e+01,2.353720459187963954e+01,5.780138406647370175e+01,4.414748010928823163e+01,4.318564576337836769e+01,4.026164427839479032e+01,2.485897027348257016e+00
2.100000000000000000e+01,2.308679276123039159e+01,2.334523505985750447e+01,2.300000000000000000e+01,5.860034129593444874e+01,4.428317965096906050e+01,4.327817001676480402e+01,3.794733192202055250e+01,2.401829624043218203e+00
2.002498439450078749e+01,2.300000000000000000e+01,2.334523505985750447e+01,2.402082429892862692e+01,5.748912940721923803e+01,4.401136216933077350e+01,4.301162633521313694e+01,3.733630940518894192e+01,2.463489975921235864e+00
1.513274595042155646e+01,2.220360331117451835e+01,2.473863375370596174e+01,2.400000000000000000e+01,5.748912940721923803e+01,4.404543109109047805e+01,4.280186911806539030e+01,3.640054944640259293e+01,2.519547837399437995e+00
1.389244398944980396e+01,1.897366596101027625e+01,2.529822128134703618e+01,2.601922366251537611e+01,5.597320787662611963e+01,4.304648650006176780e+01,4.280186911806539030e+01,3.546829570193639825e+01,2.419029064185440614e+00
1.442220510185595650e+01,1.931320791582796659e+01,2.529822128134703618e+01,2.707397274136176790e+01,5.869412236331675814e+01,4.509988913511872255e+01,4.272001872658765365e+01,3.624913792078371699e+01,2.472336117072335249e+00
1.612451549659709826e+01,1.868154169226940553e+01,2.563201123595259290e+01,2.807133769523639799e+01,5.872818744010409375e+01,4.609772228646443892e+01,4.114608122288196768e+01,3.801315561749642313e+01,2.492536536245398171e+00
1.788854381999831844e+01,1.843908891458577415e+01,2.529822128134703618e+01,2.807133769523639799e+01,5.825804665451803288e+01,4.638965401897280572e+01,4.143669871020131978e+01,3.905124837953326988e+01,2.546092533548540260e+00
1.749285568453590045e+01,1.910497317454279909e+01,2.640075756488817049e+01,2.828427124746190202e+01,5.622277118748238678e+01,4.554119014694280310e+01,4.002499219237900263e+01,4.031128874149274566e+01,2.535867814444316082e+00
1.720465053408525335e+01,1.802775637731994607e+01,2.830194339616981125e+01,2.828427124746190202e+01,5.280151512977634098e+01,4.440720662234903671e+01,3.962322551231790158e+01,3.962322551231790158e+01,2.478553891461957370e+00
1.612451549659709826e+01,1.600000000000000000e+01,2.906888370749726747e+01,2.816025568065744622e+01,5.131276644266999654e+01,4.242640687119285303e+01,4.079215610874227593e+01,3.894868418830089496e+01,2.334194756012017535e+00
1.746424919657297892e+01,1.414213562373095101e+01,3.041381265149109936e+01,2.846049894151541437e+01,5.197114584074513033e+01,4.317406628984580408e+01,4.143669871020131978e+01,3.828837943815329226e+01,2.268677481856589129e+00
1.664331697709323876e+01,1.627882059609970611e+01,2.900000000000000000e+01,2.879236009777593708e+01,5.232590180780452016e+01,4.301162633521313694e+01,4.318564576337836769e+01,3.905124837953326988e+01,2.345631502789291556e+00
1.526433752247374720e+01,1.612451549659709826e+01,2.900000000000000000e+01,2.846049894151541437e+01,5.366563145999495532e+01,4.459820624195551630e+01,4.310452412450461424e+01,3.905124837953326988e+01,2.399084103879371987e+00
1.526433752247374720e+01,1.711724276862369010e+01,2.906888370749726747e+01,3.008321791298264714e+01,5.546169849544818931e+01,4.661544808322666000e+01,4.301162633521313694e+01,3.920459156782531807e+01,2.399645385583875967e+00
1.920937271229854559e+01,1.835755975068581947e+01,2.983286778035259701e+01,2.863564212655270680e+01,5.700877125495689768e+01,4.477722635447621968e+01,4.201190307520000999e+01,4.000000000000000000e+01,2.393214606066274897e+00
2.051828452868319275e+01,2.024845673131658685e+01,2.920616373302046753e+01,2.952964612046680060e+01,5.758472019555187416e+01,4.527692569068708650e+01,4.201190307520000999e+01,3.940812099047606409e+01,2.377340762959177844e+00
2.061552812808830382e+01,1.860107523773827509e+01,2.920616373302046753e+01,2.817800560721074277e+01,5.664803615307418738e+01,4.477722635447621968e+01,4.301162633521313694e+01,4.000000000000000000e+01,2.334921104168283801e+00
2.000000000000000000e+01,1.780449381476485726e+01,2.920616373302046753e+01,2.683281572999747766e+01,5.758472019555187416e+01,4.477722635447621968e+01,4.300000000000000000e+01,4.000000000000000000e+01,2.336503381328831619e+00
2.080865204668481283e+01,1.843908891458577415e+01,2.920616373302046753e+01,2.641968962724581260e+01,5.793962374748389976e+01,4.527692569068708650e+01,4.200000000000000000e+01,3.920459156782531807e+01,2.307986256761326960e+00
2.080865204668481283e+01,1.780449381476485726e+01,2.842534080710379030e+01,2.641968962724581260e+01,5.793962374748389976e+01,4.527692569068708650e+01,4.300000000000000000e+01,3.982461550347975532e+01,2.301054022883351813e+00
2.080865204668481283e+01,1.780449381476485726e+01,2.842534080710379030e+01,2.641968962724581260e+01,5.793962374748389976e+01,4.614108798023730884e+01,4.300000000000000000e+01,3.920459156782531807e+01,2.301054022883351813e+00
2.080865204668481283e+01,1.780449381476485726e+01,2.920616373302046753e+01,2.729468812791236232e+01,5.700877125495689768e+01,4.477722635447621968e+01,4.300000000000000000e+01,3.982461550347975532e+01,2.291016606486856233e+00
2.024845673131658685e+01,1.720465053408525335e+01,2.920616373302046753e+01,2.729468812791236232e+01,5.700877125495689768e+01,4.565084884205330695e+01,4.300000000000000000e+01,3.920459156782531807e+01,2.291856236852101603e+00
2.080865204668481283e+01,1.720465053408525335e+01,2.906888370749726747e+01,2.683281572999747766e+01,5.700877125495689768e+01,4.477722635447621968e+01,4.200000000000000000e+01,3.920459156782531807e+01,2.328956021713826985e+00
2.080865204668481283e+01,1.720465053408525335e+01,2.842534080710379030e+01,2.729468812791236232e+01,5.738466694161429160e+01,4.565084884205330695e+01,4.200000000000000000e+01,3.920459156782531807e+01,2.291856236852101603e+00
2.080865204668481283e+01,1.720465053408525335e+01,2.842534080710379030e+01,2.729468812791236232e+01,5.738466694161429160e+01,4.477722635447621968e+01,4.200000000000000000e+01,3.982461550347975532e+01,2.291856236852101603e+00
2.024845673131658685e+01,1.664331697709323876e+01,2.842534080710379030e+01,2.729468812791236232e+01,5.738466694161429160e+01,4.565084884205330695e+01,4.200000000000000000e+01,3.920459156782531807e+01,2.292746708566871572e+00
2.024845673131658685e+01,1.664331697709323876e+01,2.842534080710379030e+01,2.729468812791236232e+01,5.738466694161429160e+01,4.565084884205330695e+01,4.200000000000000000e+01,3.920459156782531807e+01,2.292746708566871572e+00
1.972308292331602075e+01,1.612451549659709826e+01,2.842534080710379030e+01,2.729468812791236232e+01,5.738466694161429160e+01,4.565084884205330695e+01,4.200000000000000000e+01,3.920459156782531807e+01,2.293692782078364800e+00
1.972308292331602075e+01,1.612451549659709826e+01,2.842534080710379030e+01,2.729468812791236232e+01,5.830951894845300387e+01,4.565084884205330695e+01,4.201190307520000999e+01,3.920459156782531807e+01,2.293692782078364800e+00
1.749285568453590045e+01,1.615549442140351033e+01,2.701851217221259205e+01,2.729468812791236232e+01,5.830951894845300387e+01,4.565084884205330695e+01,4.201190307520000999e+01,3.920459156782531807e+01,2.329021112423920403e+00
1.523154621172781731e+01,1.503329637837290811e+01,2.765863337187866122e+01,2.823118842698620767e+01,5.331041174104736058e+01,4.386342439892261780e+01,4.301162633521313694e+01,3.841874542459709119e+01,2.361375790976583566e+00
1.581138830084189628e+01,1.500000000000000000e+01,2.617250465660480074e+01,2.846049894151541437e+01,5.371219600798313820e+01,4.438468204234429493e+01,4.201190307520000999e+01,3.860051813123756403e+01,2.432966381462122740e+00
1.562049935181330795e+01,1.811077027627483460e+01,2.475883680627989492e+01,2.879236009777593708e+01,5.608029957123981291e+01,4.472135954999579610e+01,4.300000000000000000e+01,4.000000000000000000e+01,2.522280374455345253e+00
2.193171219946130890e+01,2.102379604162863913e+01,2.408318915758459156e+01,2.879236009777593708e+01,5.608029957123981291e+01,4.565084884205330695e+01,4.304648650006176780e+01,4.000000000000000000e+01,2.516629397806211088e+00
2.370653918225939449e+01,2.441311123146740414e+01,2.549509756796392423e+01,2.683281572999747766e+01,5.946427498927402411e+01,4.604345773288535071e+01,4.204759208325727826e+01,4.000000000000000000e+01,2.530369720749300555e+00
2.109502310972898798e+01,2.302172886644267535e+01,2.617250465660480074e+01,2.683281572999747766e+01,5.946427498927402411e+01,4.548626166217663780e+01,4.204759208325727826e+01,4.080441152620633005e+01,2.509852764233008848e+00
2.080865204668481283e+01,2.247220505424423109e+01,2.690724809414741969e+01,2.817800560721074277e+01,5.852349955359812839e+01,4.548626166217663780e+01,4.304648650006176780e+01,4.060788100849390503e+01,2.466998835096236853e+00
2.220360331117451835e+01,2.220360331117451835e+01,2.690724809414741969e+01,2.817800560721074277e+01,5.852349955359812839e+01,4.548626166217663780e+01,4.304648650006176780e+01,4.060788100849390503e+01,2.437063490544459032e+00
2.140093455903269515e+01,2.163330765278393741e+01,2.690724809414741969e+01,2.817800560721074277e+01,5.852349955359812839e+01,4.548626166217663780e+01,4.304648650006176780e+01,4.060788100849390503e+01,2.440557536423370699e+00
2.302172886644267535e+01,2.280350850198275836e+01,2.617250465660480074e+01,2.729468812791236232e+01,5.852349955359812839e+01,4.548626166217663780e+01,4.304648650006176780e+01,4.060788100849390503e+01,2.437063490544459032e+00
2.773084924772409465e+01,2.687005768508880621e+01,2.545584412271571040e+01,2.729468812791236232e+01,5.758472019555187416e+01,4.494441010848846219e+01,4.304648650006176780e+01,4.060788100849390503e+01,2.436078404610780179e+00
2.973213749463701205e+01,2.900000000000000000e+01,2.408318915758459156e+01,2.594224354214569317e+01,5.724508712544684386e+01,4.410215414239988974e+01,4.304648650006176780e+01,4.060788100849390503e+01,2.485244285926601293e+00
3.289376840679705083e+01,3.124099870362661591e+01,2.334523505985750447e+01,2.692582403567251959e+01,5.758472019555187416e+01,4.410215414239988974e+01,4.304648650006176780e+01,4.123105625617660763e+01,2.424411457090701383e+00
3.478505426185217431e+01,3.342154993413680586e+01,2.334523505985750447e+01,2.745906043549196340e+01,5.630275304103698630e+01,4.410215414239988974e+01,4.304648650006176780e+01,3.982461550347975532e+01,2.418279100823864880e+00
3.140063693621516450e+01,3.114482300479487265e+01,2.262741699796952233e+01,2.863564212655270680e+01,5.385164807134503917e+01,4.294182110716777601e+01,4.318564576337836769e+01,4.220189569201838253e+01,2.509327027054471415e+00
3.535533905932737753e+01,3.330165161069342616e+01,2.302172886644267535e+01,2.823118842698620767e+01,5.423098745182499414e+01,4.382921400162225467e+01,4.229657196511320194e+01,4.243819034784588951e+01,2.572295576706704168e+00
3.140063693621516450e+01,3.195309061734091571e+01,2.195449840010014952e+01,3.157530680769388809e+01,5.646237685397241535e+01,4.701063709417263681e+01,4.356604182158393002e+01,4.326661530556787483e+01,2.826991217786964938e+00
3.324154027718932269e+01,3.269556544854363267e+01,2.195449840010014952e+01,3.178049716414140846e+01,5.738466694161429160e+01,4.701063709417263681e+01,4.328972164382672361e+01,4.243819034784588951e+01,2.781008920414368646e+00
3.512833614050059339e+01,3.361547262794321966e+01,2.332380757938120297e+01,3.059411708155671050e+01,5.724508712544684386e+01,4.494441010848846219e+01,4.356604182158393002e+01,4.410215414239988974e+01,2.803165396580595825e+00
3.551056180912940619e+01,3.252691193458118590e+01,2.483948469674844262e+01,2.973213749463701205e+01,5.948108943185220454e+01,4.661544808322666000e+01,4.373785545725807822e+01,4.390899680020029905e+01,2.645760102752619858e+00
3.700000000000000000e+01,3.244996147917590434e+01,2.475883680627989492e+01,2.906888370749726747e+01,5.894064811316550134e+01,4.622769732530488085e+01,4.295346318982905842e+01,4.254409477236529824e+01,2.523296290123450358e+00
3.736308338453881106e+01,3.301514803843835466e+01,2.475883680627989492e+01,2.954657340538831534e+01,5.651548460377916427e+01,4.360045871318327926e+01,4.295346318982905842e+01,4.294182110716777601e+01,2.560591806810259996e+00
3.785498646149540036e+01,3.405877273185280529e+01,2.334523505985750447e+01,2.996664812754339380e+01,5.457105459856901319e+01,4.301162633521313694e+01,4.393176527297759293e+01,4.254409477236529824e+01,2.575204966107652815e+00
3.401470270338990076e+01,3.413209633175202384e+01,2.080865204668481283e+01,3.008321791298264714e+01,5.192301994298868095e+01,4.081666326391709987e+01,4.356604182158393002e+01,4.219004621945797595e+01,2.729182211992405627e+00
3.452535300326413648e+01,3.324154027718932269e+01,1.772004514666934938e+01,2.816025568065744622e+01,4.712748667179271678e+01,3.757658845611187104e+01,4.130375285612676350e+01,3.996248240537617136e+01,2.841455274534750330e+00
2.941088233970548416e+01,3.401470270338990076e+01,1.077032961426900748e+01,2.716615541441224835e+01,3.889730067755344578e+01,3.201562118716424266e+01,4.400000000000000000e+01,4.326661530556787483e+01,3.360261599463735038e+00
2.720294101747088789e+01,3.201562118716424266e+01,1.500000000000000000e+01,2.302172886644267535e+01,3.758989225842500304e+01,3.257299494980465937e+01,4.049691346263317371e+01,3.828837943815329226e+01,2.788184839331078635e+00
2.707397274136176790e+01,3.551056180912940619e+01,1.664331697709323876e+01,2.202271554554523902e+01,3.807886552931954327e+01,3.231098884280702066e+01,3.992492955535426091e+01,3.969886648255841521e+01,2.412370043405022813e+00
2.640075756488817049e+01,3.764306044943742080e+01,1.838477631085023489e+01,2.154065922853801496e+01,3.828837943815329226e+01,3.498571136907180090e+01,3.847076812334268681e+01,4.101219330881975367e+01,2.222673785350867348e+00
2.500000000000000000e+01,3.712142238654116966e+01,2.088061301782110135e+01,2.308679276123039159e+01,3.701351104664349378e+01,3.920459156782531807e+01,3.827531841800927737e+01,3.969886648255841521e+01,2.176935167394707715e+00
3.000000000000000000e+01,3.832753579347360073e+01,2.061552812808830382e+01,2.400000000000000000e+01,3.635931792539568619e+01,4.031128874149274566e+01,3.580502757993631491e+01,4.045985664828781836e+01,2.255986436978720810e+00
2.860069929215018192e+01,3.721558813185679071e+01,2.236067977499789805e+01,2.308679276123039159e+01,3.546829570193639825e+01,4.482186966202993972e+01,3.676955262170046979e+01,3.801315561749642313e+01,2.393214606066274897e+00
3.124099870362661591e+01,3.920459156782531807e+01,2.121320343559642652e+01,2.308679276123039159e+01,3.352610922848042208e+01,4.390899680020029905e+01,3.860051813123756403e+01,3.712142238654116966e+01,2.517884087203293042e+00
3.061045573002793319e+01,3.931920650267500150e+01,2.121320343559642652e+01,2.202271554554523902e+01,3.310589071449369669e+01,3.758989225842500304e+01,3.661966684720110976e+01,3.712142238654116966e+01,2.468546932845812503e+00
3.140063693621516450e+01,4.031128874149274566e+01,2.121320343559642652e+01,2.300000000000000000e+01,3.264965543462901820e+01,3.624913792078371699e+01,3.858756276314947797e+01,3.716180835212409050e+01,2.533566605499522950e+00
2.865309756378880479e+01,3.765634076752546378e+01,2.061552812808830382e+01,2.319482700948640286e+01,3.176476034853718033e+01,3.534119409414458346e+01,3.827531841800927737e+01,3.716180835212409050e+01,2.627720752041281749e+00
3.041381265149109936e+01,3.807886552931954327e+01,2.039607805437113797e+01,2.220360331117451835e+01,3.264965543462901820e+01,3.623534186398687496e+01,3.911521443121588959e+01,3.584689665786984136e+01,2.655628954759545746e+00
3.138470965295043058e+01,3.981205847478876336e+01,2.022374841615668473e+01,2.220360331117451835e+01,3.264965543462901820e+01,3.535533905932737753e+01,3.827531841800927737e+01,3.584689665786984136e+01,2.593273109772155305e+00
3.182766092567909766e+01,4.000000000000000000e+01,1.902629759044044633e+01,2.308679276123039159e+01,3.312099032335839155e+01,3.498571136907180090e+01,3.744329045369811126e+01,3.534119409414458346e+01,2.363266508076353301e+00
3.138470965295043058e+01,3.862641583165593318e+01,2.088061301782110135e+01,2.385372088375312671e+01,2.863564212655270680e+01,3.862641583165593318e+01,3.744329045369811126e+01,3.668787265568828104e+01,2.164416274995563771e+00
2.823118842698620767e+01,3.443835071544512516e+01,2.340939982143925135e+01,2.475883680627989492e+01,2.901723625709381693e+01,4.060788100849390503e+01,3.807886552931954327e+01,3.748332962798262713e+01,2.291103741973063990e+00
2.863564212655270680e+01,3.046309242345563462e+01,2.340939982143925135e+01,2.561249694973139412e+01,2.334523505985750447e+01,3.605551275463989214e+01,4.201190307520000999e+01,3.794733192202055250e+01,2.743846605282898921e+00
3.008321791298264714e+01,3.138470965295043058e+01,2.140093455903269515e+01,2.195449840010014952e+01,2.731300056749532601e+01,3.577708763999663688e+01,3.807886552931954327e+01,3.577708763999663688e+01,2.711571508332695224e+00
2.961418578992169515e+01,2.973213749463701205e+01,2.202271554554523902e+01,2.284731931759172596e+01,2.745906043549196340e+01,3.721558813185679071e+01,3.640054944640259293e+01,3.671511950137163893e+01,2.636781505425175531e+00
3.100000000000000000e+01,2.973213749463701205e+01,1.969771560359220786e+01,1.941648783894759944e+01,3.061045573002793319e+01,4.410215414239988974e+01,3.546829570193639825e+01,3.605551275463989214e+01,2.604307939289021601e+00
3.601388621073821383e+01,2.900000000000000000e+01,1.941648783894759944e+01,2.002498439450078749e+01,3.041381265149109936e+01,4.172529209005013229e+01,3.448187929913333249e+01,3.889730067755344578e+01,2.730528106199928473e+00
3.512833614050059339e+01,2.973213749463701205e+01,2.118962010041709121e+01,2.022374841615668473e+01,3.383784863137726262e+01,4.103656905736638549e+01,3.498571136907180090e+01,4.104875150354758517e+01,2.869415069597770263e+00
3.801315561749642313e+01,3.124099870362661591e+01,1.964688270438849926e+01,1.910497317454279909e+01,3.736308338453881106e+01,4.252058325093859992e+01,3.720215047547655018e+01,4.294182110716777601e+01,2.925004870163830262e+00
3.811823710509183627e+01,3.360059523282288296e+01,2.193171219946130890e+01,2.022374841615668473e+01,4.011234224026316042e+01,4.049691346263317371e+01,3.676955262170046979e+01,4.535416188179426911e+01,3.129855431365314189e+00
3.863935817272331263e+01,3.052867504494749440e+01,2.459674775249768786e+01,2.302172886644267535e+01,4.600000000000000000e+01,4.459820624195551630e+01,3.962322551231790158e+01,4.539823785126466760e+01,3.190084021830462468e+00
3.765634076752546378e+01,3.190611226708763226e+01,2.555386467836127551e+01,2.308679276123039159e+01,4.800000000000000000e+01,4.596737973824481571e+01,4.031128874149274566e+01,4.527692569068708650e+01,3.198906862695833020e+00
3.929376540877699853e+01,3.138470965295043058e+01,2.469817807045693669e+01,2.451530134426252516e+01,5.000000000000000000e+01,4.879549159502340672e+01,4.101219330881975367e+01,4.428317965096906050e+01,3.280977312526737855e+00
3.517101079013794873e+01,3.001666203960726875e+01,2.617250465660480074e+01,2.647640458974745314e+01,5.200961449578337437e+01,5.099019513592784847e+01,4.101219330881975367e+01,4.341658669218482203e+01,3.284424578597826994e+00
3.710795063055894616e+01,3.088689042296100240e+01,2.483948469674844262e+01,2.549509756796392423e+01,5.108815909777920439e+01,5.360037313302958495e+01,3.969886648255841521e+01,3.905124837953326988e+01,3.228272704752972899e+00
3.832753579347360073e+01,3.401470270338990076e+01,2.404163056034261459e+01,2.404163056034261459e+01,4.751841748206688720e+01,4.920365840057017692e+01,4.080441152620633005e+01,4.301162633521313694e+01,3.222067274859297115e+00
3.716180835212409050e+01,3.668787265568828104e+01,2.483948469674844262e+01,2.059126028197400160e+01,4.123105625617660763e+01,4.252058325093859992e+01,4.140048308896890461e+01,4.301162633521313694e+01,3.325385636715598281e+00
3.721558813185679071e+01,3.733630940518894192e+01,2.370653918225939449e+01,2.061552812808830382e+01,3.905124837953326988e+01,4.110960958218893069e+01,4.220189569201838253e+01,4.244997055358224713e+01,3.510074056036632584e+00
3.764306044943742080e+01,3.900000000000000000e+01,2.184032966784155505e+01,2.109502310972898798e+01,4.215447781671598193e+01,4.243819034784588951e+01,4.440720662234903671e+01,4.237924020083418242e+01,3.619699766468179369e+00
3.560898762952971452e+01,3.801315561749642313e+01,2.308679276123039159e+01,2.469817807045693669e+01,4.695742752749558235e+01,4.438468204234429493e+01,4.341658669218482203e+01,4.254409477236529824e+01,3.515319473555346796e+00
3.255764119219941222e+01,3.601388621073821383e+01,2.517935662402834396e+01,2.385372088375312671e+01,4.964876634922563881e+01,4.554119014694280310e+01,4.294182110716777601e+01,4.295346318982905842e+01,3.474929665132809653e+00
3.748332962798262713e+01,3.811823710509183627e+01,2.319482700948640286e+01,2.370653918225939449e+01,4.750789408087881327e+01,4.522167621838005402e+01,4.338202392696772591e+01,4.159326868617084472e+01,3.534624914844729737e+00
3.748332962798262713e+01,4.004996878900157498e+01,2.418677324489564739e+01,2.370653918225939449e+01,4.326661530556787483e+01,4.143669871020131978e+01,4.346262762420145975e+01,4.254409477236529824e+01,3.473415449202571725e+00
3.679673898594819548e+01,3.800000000000000000e+01,2.353720459187963954e+01,2.332380757938120297e+01,4.161730409336962566e+01,4.176122603564220270e+01,4.427188724235730888e+01,4.219004621945797595e+01,3.391271634628100884e+00
3.471310991541956525e+01,3.801315561749642313e+01,2.236067977499789805e+01,2.236067977499789805e+01,3.883297567789519888e+01,4.049691346263317371e+01,4.427188724235730888e+01,4.219004621945797595e+01,3.410812053081793582e+00
3.498571136907180090e+01,3.832753579347360073e+01,2.213594362117865444e+01,2.061552812808830382e+01,3.801315561749642313e+01,3.900000000000000000e+01,4.427188724235730888e+01,4.356604182158393002e+01,3.244871211189657600e+00
3.511409973215887703e+01,3.764306044943742080e+01,2.147091055358388800e+01,2.061552812808830382e+01,4.167733196834941367e+01,4.308131845707602992e+01,4.522167621838005402e+01,4.527692569068708650e+01,3.091658457466132326e+00
3.132091952673165025e+01,3.328663395418647752e+01,2.334523505985750447e+01,2.195449840010014952e+01,4.341658669218482203e+01,4.494441010848846219e+01,4.459820624195551630e+01,4.390899680020029905e+01,2.918883440620271053e+00
3.785498646149540036e+01,3.773592452822641263e+01,2.220360331117451835e+01,2.059126028197400160e+01,3.801315561749642313e+01,4.205948168962618183e+01,4.272001872658765365e+01,4.304648650006176780e+01,2.917176644552647691e+00
3.401470270338990076e+01,3.687817782917154830e+01,2.154065922853801496e+01,1.931320791582796659e+01,3.498571136907180090e+01,3.940812099047606409e+01,4.159326868617084472e+01,4.134005321718877468e+01,2.692869309579072112e+00
3.801315561749642313e+01,3.920459156782531807e+01,2.209072203437452231e+01,1.788854381999831844e+01,3.448187929913333249e+01,3.982461550347975532e+01,3.911521443121588959e+01,3.827531841800927737e+01,2.683165325742214780e+00
3.471310991541956525e+01,3.087069808086626210e+01,2.200000000000000000e+01,2.102379604162863913e+01,3.401470270338990076e+01,4.031128874149274566e+01,3.911521443121588959e+01,4.081666326391709987e+01,2.544335518151662257e+00
3.140063693621516450e+01,2.469817807045693669e+01,2.408318915758459156e+01,2.088061301782110135e+01,3.269556544854363267e+01,4.060788100849390503e+01,3.982461550347975532e+01,4.118252056394800320e+01,2.550435486373748617e+00
3.200000000000000000e+01,2.195449840010014952e+01,2.302172886644267535e+01,2.039607805437113797e+01,3.008321791298264714e+01,4.049691346263317371e+01,3.969886648255841521e+01,4.070626487409523975e+01,2.756348497745349846e+00
3.125699921617556853e+01,2.594224354214569317e+01,2.400000000000000000e+01,1.964688270438849926e+01,3.228002478313794654e+01,4.188078318274384770e+01,3.969886648255841521e+01,4.204759208325727826e+01,2.678790352925266127e+00
3.132091952673165025e+01,2.308679276123039159e+01,2.308679276123039159e+01,1.835755975068581947e+01,3.667424164178449786e+01,4.356604182158393002e+01,4.036087214122112954e+01,4.237924020083418242e+01,2.559161023049088435e+00
3.046309242345563462e+01,2.408318915758459156e+01,2.376972864800942631e+01,1.972308292331602075e+01,3.522782990761707111e+01,4.338202392696772591e+01,3.920459156782531807e+01,4.176122603564220270e+01,2.509567099605120699e+00
2.968164415931165934e+01,2.300000000000000000e+01,2.102379604162863913e+01,2.000000000000000000e+01,3.505709628591620941e+01,4.459820624195551630e+01,3.827531841800927737e+01,4.177319714841084419e+01,2.545229408767904822e+00
3.000000000000000000e+01,2.408318915758459156e+01,2.370653918225939449e+01,2.121320343559642652e+01,3.517101079013794873e+01,4.687216658103186262e+01,4.031128874149274566e+01,4.100000000000000000e+01,2.636302465490398816e+00
2.968164415931165934e+01,2.402082429892862692e+01,2.600000000000000000e+01,2.262741699796952233e+01,3.534119409414458346e+01,4.609772228646443892e+01,3.860051813123756403e+01,4.044749683231336945e+01,2.809420095857963595e+00
2.915475947422650194e+01,2.200000000000000000e+01,2.435159132377184221e+01,2.334523505985750447e+01,3.773592452822641263e+01,3.931920650267500150e+01,3.765634076752546378e+01,4.753945729601885262e+01,2.962205789321074700e+00
2.801785145224380003e+01,2.039607805437113797e+01,2.459674775249768786e+01,2.408318915758459156e+01,4.386342439892261780e+01,4.229657196511320194e+01,3.622154055254966920e+01,4.687216658103186262e+01,2.983823915993839115e+00
2.860069929215018192e+01,2.022374841615668473e+01,2.505992817228333536e+01,2.360084744241189370e+01,4.220189569201838253e+01,4.805205510693585325e+01,3.901281840626231912e+01,4.440720662234903671e+01,3.074346609987285817e+00
3.124099870362661591e+01,2.600000000000000000e+01,2.692582403567251959e+01,2.360084744241189370e+01,4.272001872658765365e+01,4.981967482832460092e+01,3.911521443121588959e+01,4.360045871318327926e+01,3.109509523318482849e+00
2.884441020371191300e+01,2.102379604162863913e+01,2.657066051117284644e+01,2.561249694973139412e+01,4.579301256742124338e+01,5.080354318352215159e+01,3.901281840626231912e+01,4.404543109109047805e+01,3.182152541050010885e+00
2.596150997149434048e+01,1.603121954188139853e+01,2.789265136196270589e+01,2.617250465660480074e+01,4.687216658103186262e+01,5.147815070493500400e+01,4.001249804748510996e+01,4.404543109109047805e+01,3.299165718353224808e+00
2.200000000000000000e+01,1.118033988749894903e+01,2.601922366251537611e+01,2.745906043549196340e+01,4.763402145525821396e+01,5.103920062069938268e+01,4.204759208325727826e+01,4.404543109109047805e+01,3.436142810985979068e+00
2.630589287593181069e+01,1.118033988749894903e+01,2.701851217221259205e+01,2.773084924772409465e+01,4.879549159502340672e+01,5.203844732503075221e+01,4.204759208325727826e+01,4.220189569201838253e+01,3.569482910951594867e+00
2.801785145224380003e+01,1.392838827718411920e+01,2.707397274136176790e+01,2.817800560721074277e+01,5.020956084253276686e+01,4.600000000000000000e+01,4.000000000000000000e+01,4.609772228646443892e+01,3.566725230549026460e+00
2.418677324489564739e+01,1.204159457879229578e+01,2.716615541441224835e+01,2.863564212655270680e+01,5.093132631298737323e+01,4.701063709417263681e+01,3.901281840626231912e+01,4.393176527297759293e+01,3.565083290569929453e+00
1.802775637731994607e+01,1.029563014098700080e+01,2.570992026436488231e+01,2.973213749463701205e+01,5.000000000000000000e+01,4.539823785126466760e+01,3.911521443121588959e+01,4.410215414239988974e+01,3.464646988212492396e+00
1.878829422805593552e+01,1.000000000000000000e+01,2.570992026436488231e+01,3.036445290137795183e+01,4.920365840057017692e+01,4.428317965096906050e+01,3.811823710509183627e+01,4.410215414239988974e+01,3.522586439274446146e+00
1.886796226411320632e+01,1.000000000000000000e+01,2.500000000000000000e+01,2.961418578992169515e+01,4.720169488482378739e+01,4.318564576337836769e+01,3.712142238654116966e+01,4.304648650006176780e+01,3.602862916734359544e+00
1.931320791582796659e+01,1.044030650891055068e+01,2.596150997149434048e+01,2.912043955712207222e+01,4.909175083453430943e+01,4.341658669218482203e+01,3.811823710509183627e+01,4.390899680020029905e+01,3.493296303702392080e+00
2.404163056034261459e+01,1.236931687685298087e+01,2.692582403567251959e+01,2.789265136196270589e+01,5.103920062069938268e+01,4.570557952810575841e+01,3.811823710509183627e+01,4.304648650006176780e+01,3.556380570579034561e+00
2.193171219946130890e+01,1.004987562112088995e+01,2.816025568065744622e+01,3.008321791298264714e+01,4.992995093127971273e+01,4.472135954999579610e+01,3.920459156782531807e+01,4.390899680020029905e+01,3.532362193223651303e+00
1.802775637731994607e+01,1.081665382639196871e+01,2.624880949681337583e+01,2.961418578992169515e+01,5.077400909914441485e+01,4.373785545725807822e+01,3.712142238654116966e+01,4.341658669218482203e+01,3.511287713488377982e+00
1.860107523773827509e+01,9.433981132056603158e+00,2.469817807045693669e+01,2.927456233660889495e+01,4.802082881417187821e+01,4.257933771208753626e+01,3.712142238654116966e+01,4.205948168962618183e+01,3.631549979843521569e+00
1.860107523773827509e+01,8.944271909999159220e+00,2.600000000000000000e+01,2.942787793912432193e+01,4.887739763939974580e+01,4.257933771208753626e+01,3.805259518088089266e+01,4.254409477236529824e+01,3.623209821680012155e+00
1.860107523773827509e+01,9.486832980505138124e+00,2.731300056749532601e+01,2.942787793912432193e+01,5.060632371551997721e+01,4.295346318982905842e+01,3.811823710509183627e+01,4.341658669218482203e+01,3.577491026442304545e+00
2.640075756488817049e+01,1.280624847486569706e+01,2.692582403567251959e+01,2.630589287593181069e+01,5.458937625582472464e+01,4.588027898781784586e+01,3.832753579347360073e+01,4.472135954999579610e+01,3.630125314833803074e+00
2.640075756488817049e+01,1.220655561573370207e+01,2.731300056749532601e+01,2.828427124746190202e+01,5.458937625582472464e+01,4.588027898781784586e+01,3.832753579347360073e+01,4.472135954999579610e+01,3.640225981419125123e+00
2.459674775249768786e+01,1.360147050873544394e+01,2.729468812791236232e+01,2.707397274136176790e+01,5.500909015790026757e+01,4.617358552246078318e+01,3.832753579347360073e+01,4.428317965096906050e+01,3.648126823956260090e+00
1.769180601295413169e+01,1.029563014098700080e+01,2.773084924772409465e+01,2.915475947422650194e+01,5.322593352868505434e+01,4.332435804486893716e+01,3.649657518178931781e+01,4.386342439892261780e+01,3.507562152382088350e+00
1.838477631085023489e+01,9.848857801796103928e+00,2.683281572999747766e+01,2.906888370749726747e+01,5.280151512977634098e+01,4.205948168962618183e+01,3.535533905932737753e+01,4.346262762420145975e+01,3.548831563421476432e+00
2.000000000000000000e+01,1.104536101718726115e+01,2.773084924772409465e+01,2.906888370749726747e+01,5.423098745182499414e+01,4.438468204234429493e+01,3.863935817272331263e+01,4.386342439892261780e+01,3.509560273032526379e+00
2.024845673131658685e+01,1.204159457879229578e+01,2.683281572999747766e+01,3.001666203960726875e+01,5.478138369920934991e+01,4.346262762420145975e+01,3.863935817272331263e+01,4.477722635447621968e+01,3.505571610099437407e+00
1.802775637731994607e+01,1.208304597359457233e+01,2.507987240796890660e+01,3.006659275674581622e+01,5.478138369920934991e+01,4.477722635447621968e+01,3.863935817272331263e+01,4.346262762420145975e+01,3.447471524994645264e+00
1.627882059609970611e+01,1.063014581273464998e+01,2.600000000000000000e+01,2.828427124746190202e+01,5.200000000000000000e+01,4.237924020083418242e+01,3.847076812334268681e+01,4.386342439892261780e+01,3.443543815420042620e+00
1.640121946685672683e+01,1.000000000000000000e+01,2.507987240796890660e+01,2.942787793912432193e+01,5.142956348249516196e+01,4.341658669218482203e+01,3.748332962798262713e+01,4.477722635447621968e+01,3.483846968713503855e+00
1.746424919657297892e+01,1.044030650891055068e+01,2.624880949681337583e+01,2.816025568065744622e+01,5.188448708429138634e+01,4.368065933568311010e+01,3.847076812334268681e+01,4.472135954999579610e+01,3.370985048996348432e+00
2.061552812808830382e+01,1.204159457879229578e+01,2.692582403567251959e+01,2.751363298439520833e+01,5.412023651093923604e+01,4.492215489043240240e+01,3.945883931389771959e+01,4.606517122512408235e+01,3.350491403649552780e+00
2.256102834535695578e+01,1.529705854077835525e+01,2.941088233970548416e+01,2.912043955712207222e+01,5.323532661682465772e+01,4.464302857109942835e+01,4.031128874149274566e+01,4.565084884205330695e+01,3.399328230152091734e+00
1.788854381999831844e+01,1.118033988749894903e+01,2.657066051117284644e+01,2.765863337187866122e+01,5.547071299343465256e+01,4.617358552246078318e+01,3.931920650267500150e+01,4.517742799230607176e+01,3.421989196451026061e+00
1.788854381999831844e+01,1.077032961426900748e+01,2.657066051117284644e+01,2.983286778035259701e+01,5.366563145999495532e+01,4.368065933568311010e+01,3.820994634908559817e+01,4.472135954999579610e+01,3.417309499696955299e+00
1.886796226411320632e+01,1.077032961426900748e+01,2.692582403567251959e+01,3.041381265149109936e+01,5.366563145999495532e+01,4.492215489043240240e+01,3.832753579347360073e+01,4.428317965096906050e+01,3.481814172575251831e+00
2.247220505424423109e+01,1.264911064067351809e+01,2.683281572999747766e+01,2.927456233660889495e+01,5.546169849544818931e+01,4.554119014694280310e+01,3.832753579347360073e+01,4.428317965096906050e+01,3.535295551823084637e+00
2.435159132377184221e+01,1.389244398944980396e+01,2.731300056749532601e+01,2.745906043549196340e+01,5.636488268416781011e+01,4.623851208678756564e+01,3.945883931389771959e+01,4.472135954999579610e+01,3.513301603708378185e+00
2.022374841615668473e+01,1.500000000000000000e+01,2.863564212655270680e+01,2.785677655436823841e+01,5.188448708429138634e+01,4.396589587396121601e+01,4.159326868617084472e+01,4.614108798023730884e+01,3.262544487712665475e+00
2.332380757938120297e+01,1.992485884517127559e+01,2.435159132377184221e+01,2.408318915758459156e+01,4.123105625617660763e+01,4.004996878900157498e+01,3.911521443121588959e+01,4.465422712353221613e+01,2.977948639499465866e+00
2.404163056034261459e+01,1.920937271229854559e+01,2.334523505985750447e+01,2.302172886644267535e+01,3.535533905932737753e+01,3.984971769034255118e+01,3.701351104664349378e+01,4.326661530556787483e+01,2.801662284120172597e+00
2.202271554554523902e+01,1.780449381476485726e+01,2.343074902771996193e+01,2.220360331117451835e+01,3.701351104664349378e+01,4.049691346263317371e+01,3.811823710509183627e+01,4.468780594300866227e+01,2.913924531264722617e+00
2.195449840010014952e+01,1.920937271229854559e+01,2.109502310972898798e+01,1.969771560359220786e+01,3.500000000000000000e+01,4.071854614300466579e+01,3.748332962798262713e+01,4.252058325093859992e+01,2.685561872258912075e+00
2.280350850198275836e+01,2.109502310972898798e+01,2.061552812808830382e+01,1.964688270438849926e+01,3.052867504494749440e+01,3.841874542459709119e+01,3.710795063055894616e+01,4.455333881989092504e+01,2.620257693808677679e+00
2.118962010041709121e+01,1.655294535724684835e+01,2.024845673131658685e+01,2.022374841615668473e+01,2.830194339616981125e+01,3.679673898594819548e+01,3.862641583165593318e+01,4.482186966202993972e+01,2.706703200296623368e+00
2.102379604162863913e+01,2.158703314492290204e+01,2.220360331117451835e+01,1.910497317454279909e+01,2.778488797889960793e+01,3.753664875824691904e+01,3.807886552931954327e+01,4.341658669218482203e+01,3.888769901156775788e+00
2.473863375370596174e+01,2.236067977499789805e+01,2.121320343559642652e+01,2.353720459187963954e+01,2.600000000000000000e+01,3.862641583165593318e+01,3.623534186398687496e+01,4.792702786528703740e+01,3.641873081814645197e+00
2.334523505985750447e+01,1.910497317454279909e+01,2.500000000000000000e+01,2.325940669922601600e+01,4.162931659299729859e+01,3.001666203960726875e+01,4.002499219237900263e+01,3.820994634908559817e+01,3.564036367412025896e+00
1.923538406167134340e+01,1.414213562373095101e+01,2.400000000000000000e+01,2.213594362117865444e+01,3.535533905932737753e+01,2.961418578992169515e+01,4.356604182158393002e+01,4.070626487409523975e+01,3.258119213087559807e+00
1.897366596101027625e+01,1.802775637731994607e+01,2.334523505985750447e+01,2.332380757938120297e+01,3.601388621073821383e+01,3.059411708155671050e+01,4.883646178829911833e+01,4.254409477236529824e+01,3.498966910759195414e+00
1.708800749063506075e+01,1.581138830084189628e+01,2.376972864800942631e+01,2.483948469674844262e+01,4.004996878900157498e+01,3.008321791298264714e+01,4.753945729601885262e+01,4.401136216933077350e+01,3.511790117555914748e+00
1.746424919657297892e+01,1.640121946685672683e+01,2.692582403567251959e+01,2.483948469674844262e+01,4.204759208325727826e+01,2.865309756378880479e+01,4.554119014694280310e+01,4.588027898781784586e+01,3.579805435753123710e+00
1.746424919657297892e+01,1.562049935181330795e+01,2.600000000000000000e+01,2.483948469674844262e+01,4.704253394535630406e+01,3.189043743820394994e+01,4.386342439892261780e+01,4.617358552246078318e+01,3.479438665072427384e+00
1.835755975068581947e+01,1.708800749063506075e+01,2.451530134426252516e+01,2.404163056034261459e+01,4.704253394535630406e+01,3.330165161069342616e+01,4.215447781671598193e+01,4.272001872658765365e+01,3.350872204037333546e+00
1.838477631085023489e+01,1.655294535724684835e+01,2.256102834535695578e+01,2.360084744241189370e+01,4.701063709417263681e+01,3.061045573002793319e+01,4.237924020083418242e+01,4.459820624195551630e+01,3.318100367795636885e+00
2.302172886644267535e+01,2.061552812808830382e+01,2.308679276123039159e+01,2.267156809750926882e+01,4.601086828130936368e+01,3.140063693621516450e+01,4.401136216933077350e+01,4.554119014694280310e+01,3.384261441649245583e+00
2.617250465660480074e+01,2.500000000000000000e+01,2.154065922853801496e+01,2.267156809750926882e+01,4.600000000000000000e+01,3.124099870362661591e+01,4.346262762420145975e+01,4.588027898781784586e+01,3.456291435602936168e+00
2.343074902771996193e+01,2.213594362117865444e+01,2.247220505424423109e+01,2.267156809750926882e+01,4.700000000000000000e+01,3.255764119219941222e+01,4.386342439892261780e+01,4.588027898781784586e+01,3.422300785779919696e+00
2.360084744241189370e+01,2.088061301782110135e+01,2.247220505424423109e+01,2.267156809750926882e+01,4.800000000000000000e+01,3.255764119219941222e+01,4.308131845707602992e+01,4.494441010848846219e+01,3.395681085731243165e+00
2.280350850198275836e+01,2.088061301782110135e+01,2.247220505424423109e+01,2.193171219946130890e+01,4.800000000000000000e+01,3.255764119219941222e+01,4.346262762420145975e+01,4.588027898781784586e+01,3.414947977113229172e+00
2.408318915758459156e+01,2.213594362117865444e+01,2.154065922853801496e+01,2.267156809750926882e+01,4.800000000000000000e+01,3.255764119219941222e+01,4.346262762420145975e+01,4.588027898781784586e+01,3.422300785779919696e+00
2.420743687382040932e+01,2.184032966784155505e+01,2.193171219946130890e+01,2.126029162546929996e+01,4.700000000000000000e+01,3.324154027718932269e+01,4.346262762420145975e+01,4.401136216933077350e+01,3.421892309928244558e+00
2.420743687382040932e+01,2.184032966784155505e+01,2.193171219946130890e+01,2.126029162546929996e+01,4.700000000000000000e+01,3.324154027718932269e+01,4.386342439892261780e+01,4.494441010848846219e+01,3.414947977113229172e+00
2.420743687382040932e+01,2.184032966784155505e+01,2.193171219946130890e+01,2.126029162546929996e+01,4.700000000000000000e+01,3.324154027718932269e+01,4.386342439892261780e+01,4.494441010848846219e+01,3.414947977113229172e+00
2.420743687382040932e+01,2.184032966784155505e+01,2.193171219946130890e+01,2.126029162546929996e+01,4.700000000000000000e+01,3.324154027718932269e+01,4.386342439892261780e+01,4.494441010848846219e+01,3.414947977113229172e+00
2.360084744241189370e+01,2.088061301782110135e+01,2.193171219946130890e+01,2.126029162546929996e+01,4.700000000000000000e+01,3.324154027718932269e+01,4.346262762420145975e+01,4.401136216933077350e+01,3.414140527216037668e+00
2.441311123146740414e+01,2.061552812808830382e+01,2.284731931759172596e+01,2.193171219946130890e+01,4.600000000000000000e+01,3.255764119219941222e+01,4.346262762420145975e+01,4.401136216933077350e+01,3.402783239043858377e+00
2.441311123146740414e+01,2.061552812808830382e+01,2.284731931759172596e+01,2.193171219946130890e+01,4.700000000000000000e+01,3.255764119219941222e+01,4.346262762420145975e+01,4.494441010848846219e+01,3.395681085731243165e+00
2.360084744241189370e+01,2.088061301782110135e+01,2.284731931759172596e+01,2.193171219946130890e+01,4.600000000000000000e+01,3.255764119219941222e+01,4.386342439892261780e+01,4.494441010848846219e+01,3.421892309928244558e+00
2.302172886644267535e+01,2.024845673131658685e+01,2.284731931759172596e+01,2.267156809750926882e+01,4.600000000000000000e+01,3.330165161069342616e+01,4.386342439892261780e+01,4.459820624195551630e+01,3.414140527216037668e+00
2.360084744241189370e+01,2.158703314492290204e+01,2.247220505424423109e+01,2.126029162546929996e+01,4.600000000000000000e+01,3.330165161069342616e+01,4.386342439892261780e+01,4.459820624195551630e+01,3.395681085731243165e+00
2.302172886644267535e+01,2.088061301782110135e+01,2.284731931759172596e+01,2.126029162546929996e+01,4.600000000000000000e+01,3.330165161069342616e+01,4.386342439892261780e+01,4.459820624195551630e+01,3.414140527216037668e+00
2.334523505985750447e+01,2.284731931759172596e+01,2.061552812808830382e+01,2.280350850198275836e+01,3.189043743820394994e+01,3.255764119219941222e+01,4.554119014694280310e+01,4.459820624195551630e+01,3.437187062819043515e+00
2.408318915758459156e+01,2.416609194718914466e+01,2.061552812808830382e+01,2.343074902771996193e+01,3.124099870362661591e+01,3.189043743820394994e+01,4.554119014694280310e+01,4.459820624195551630e+01,3.482961800211947789e+00
2.416609194718914466e+01,2.831960451701259274e+01,1.941648783894759944e+01,2.475883680627989492e+01,4.310452412450461424e+01,3.061045573002793319e+01,4.477722635447621968e+01,4.427188724235730888e+01,3.725026761002111275e+00
2.773084924772409465e+01,2.860069929215018192e+01,1.860107523773827509e+01,2.475883680627989492e+01,4.504442251822083421e+01,3.124099870362661591e+01,4.386342439892261780e+01,4.522167621838005402e+01,3.659348358350583474e+00
2.996664812754339380e+01,2.915475947422650194e+01,1.860107523773827509e+01,2.404163056034261459e+01,3.189043743820394994e+01,4.100000000000000000e+01,4.617358552246078318e+01,4.494441010848846219e+01,3.623040021392458510e+00
2.906888370749726747e+01,2.801785145224380003e+01,1.843908891458577415e+01,2.404163056034261459e+01,3.255764119219941222e+01,4.200000000000000000e+01,4.617358552246078318e+01,4.494441010848846219e+01,3.639001291687401718e+00
2.773084924772409465e+01,2.765863337187866122e+01,1.843908891458577415e+01,2.545584412271571040e+01,3.255764119219941222e+01,4.100000000000000000e+01,4.522167621838005402e+01,4.494441010848846219e+01,3.670623124669441850e+00
2.863564212655270680e+01,2.860069929215018192e+01,1.780449381476485726e+01,2.475883680627989492e+01,3.255764119219941222e+01,4.100000000000000000e+01,4.522167621838005402e+01,4.494441010848846219e+01,3.645628331050521531e+00
2.863564212655270680e+01,2.884441020371191300e+01,1.860107523773827509e+01,2.404163056034261459e+01,3.124099870362661591e+01,4.000000000000000000e+01,4.617358552246078318e+01,4.494441010848846219e+01,3.653018482377538234e+00
2.773084924772409465e+01,2.860069929215018192e+01,1.860107523773827509e+01,2.475883680627989492e+01,3.124099870362661591e+01,4.000000000000000000e+01,4.617358552246078318e+01,4.494441010848846219e+01,3.652409097931336390e+00
2.773084924772409465e+01,2.860069929215018192e+01,1.920937271229854559e+01,2.404163056034261459e+01,3.264965543462901820e+01,4.001249804748510996e+01,4.522167621838005402e+01,4.494441010848846219e+01,3.688877034577230152e+00
3.087069808086626210e+01,3.052867504494749440e+01,1.920937271229854559e+01,2.404163056034261459e+01,3.201562118716424266e+01,4.001249804748510996e+01,4.522167621838005402e+01,4.441846462902562109e+01,3.672648526980881734e+00
3.224903099319419653e+01,3.178049716414140846e+01,2.024845673131658685e+01,2.408318915758459156e+01,3.061045573002793319e+01,4.001249804748510996e+01,4.522167621838005402e+01,4.477722635447621968e+01,3.580788615092482807e+00
3.383784863137726262e+01,3.106444913401813324e+01,2.340939982143925135e+01,2.059126028197400160e+01,4.410215414239988974e+01,2.860069929215018192e+01,4.346262762420145975e+01,4.617358552246078318e+01,3.232975807605558138e+00
3.534119409414458346e+01,3.324154027718932269e+01,2.319482700948640286e+01,2.088061301782110135e+01,3.635931792539568619e+01,4.617358552246078318e+01,4.753945729601885262e+01,4.338202392696772591e+01,3.074167438993567814e+00
2.901723625709381693e+01,2.507987240796890660e+01,2.707397274136176790e+01,2.158703314492290204e+01,4.580392996239514503e+01,5.375872022286245056e+01,4.657252408878007088e+01,4.428317965096906050e+01,2.902947239119288092e+00
2.549509756796392423e+01,1.931320791582796659e+01,2.617250465660480074e+01,2.121320343559642652e+01,4.441846462902562109e+01,5.000999900019994726e+01,4.609772228646443892e+01,4.248529157249600274e+01,2.828960387510346397e+00
2.088061301782110135e+01,1.403566884761819900e+01,2.500000000000000000e+01,1.964688270438849926e+01,3.534119409414458346e+01,4.341658669218482203e+01,4.657252408878007088e+01,4.162931659299729859e+01,2.963307916672850872e+00
1.800000000000000000e+01,1.315294643796590535e+01,2.319482700948640286e+01,1.972308292331602075e+01,3.008321791298264714e+01,3.800000000000000000e+01,4.657252408878007088e+01,4.386342439892261780e+01,3.183940202610369141e+00
1.676305461424021104e+01,1.562049935181330795e+01,2.308679276123039159e+01,2.420743687382040932e+01,3.178049716414140846e+01,4.001249804748510996e+01,4.657252408878007088e+01,4.386342439892261780e+01,3.435181640998543173e+00
1.345362404707370985e+01,1.772004514666934938e+01,2.220360331117451835e+01,2.607680962081059661e+01,3.088689042296100240e+01,4.011234224026316042e+01,4.535416188179426911e+01,4.518849411078001310e+01,3.824443518771682982e+00
1.280624847486569706e+01,1.612451549659709826e+01,2.280350850198275836e+01,2.683281572999747766e+01,2.968164415931165934e+01,3.920459156782531807e+01,4.414748010928823163e+01,4.382921400162225467e+01,3.829661523921684463e+00
1.220655561573370207e+01,1.726267650163206824e+01,2.126029162546929996e+01,2.507987240796890660e+01,3.061045573002793319e+01,4.275511665286389729e+01,4.455333881989092504e+01,4.429446918070020445e+01,3.861865653652855279e+00
1.581138830084189628e+01,2.061552812808830382e+01,2.061552812808830382e+01,2.469817807045693669e+01,3.689173349139343117e+01,4.753945729601885262e+01,4.229657196511320194e+01,4.393176527297759293e+01,3.718584938744853297e+00
1.503329637837290811e+01,2.418677324489564739e+01,2.236067977499789805e+01,2.816025568065744622e+01,4.085339643163099055e+01,5.053711507397311209e+01,3.929376540877699853e+01,4.177319714841084419e+01,3.905947279863720922e+00
1.360147050873544394e+01,2.529822128134703618e+01,1.969771560359220786e+01,2.906888370749726747e+01,4.609772228646443892e+01,5.522680508593630577e+01,3.807886552931954327e+01,4.080441152620633005e+01,3.887823629801746783e+00
1.581138830084189628e+01,2.773084924772409465e+01,1.923538406167134340e+01,2.816025568065744622e+01,4.318564576337836769e+01,5.622277118748238678e+01,3.801315561749642313e+01,3.966106403010387993e+01,4.025988928675905854e+00
1.720465053408525335e+01,2.773084924772409465e+01,1.923538406167134340e+01,2.927456233660889495e+01,4.328972164382672361e+01,5.481788029466298440e+01,3.894868418830089496e+01,3.944616584663204151e+01,4.002319707815582106e+00
1.640121946685672683e+01,2.968164415931165934e+01,1.802775637731994607e+01,2.765863337187866122e+01,4.410215414239988974e+01,5.544366510251644797e+01,3.858756276314947797e+01,3.847076812334268681e+01,4.154116595965319902e+00
1.421267040355189515e+01,2.690724809414741969e+01,1.702938636592640265e+01,2.863564212655270680e+01,4.318564576337836769e+01,5.166236541235795698e+01,3.744329045369811126e+01,4.024922359499621649e+01,4.119403465023115274e+00
1.345362404707370985e+01,2.617250465660480074e+01,1.702938636592640265e+01,2.789265136196270589e+01,4.229657196511320194e+01,5.099019513592784847e+01,3.807886552931954327e+01,4.205948168962618183e+01,4.194601882082402255e+00
1.640121946685672683e+01,2.780287754891568852e+01,1.603121954188139853e+01,2.692582403567251959e+01,4.242640687119285303e+01,5.108815909777920439e+01,3.671511950137163893e+01,4.081666326391709987e+01,4.250706005398430243e+00
1.640121946685672683e+01,2.801785145224380003e+01,1.600000000000000000e+01,2.668332812825266842e+01,4.143669871020131978e+01,5.032891812864647818e+01,3.758989225842500304e+01,4.167733196834941367e+01,4.219566772215969763e+00
1.720465053408525335e+01,2.941088233970548416e+01,1.500000000000000000e+01,2.745906043549196340e+01,4.159326868617084472e+01,5.032891812864647818e+01,3.807886552931954327e+01,4.167733196834941367e+01,4.219566772215969763e+00
1.860107523773827509e+01,2.860069929215018192e+01,1.627882059609970611e+01,2.624880949681337583e+01,4.341658669218482203e+01,5.173973328110611902e+01,3.773592452822641263e+01,4.118252056394800320e+01,4.275291907416015391e+00
1.702938636592640265e+01,2.842534080710379030e+01,1.726267650163206824e+01,2.720294101747088789e+01,4.318564576337836769e+01,5.307541803886239506e+01,3.883297567789519888e+01,4.024922359499621649e+01,4.216241607916485279e+00
1.702938636592640265e+01,2.884441020371191300e+01,1.711724276862369010e+01,2.570992026436488231e+01,4.328972164382672361e+01,5.240229002629560995e+01,3.827531841800927737e+01,4.070626487409523975e+01,4.210749599244653751e+00
1.627882059609970611e+01,2.624880949681337583e+01,1.627882059609970611e+01,2.692582403567251959e+01,4.328972164382672361e+01,5.173973328110611902e+01,3.773592452822641263e+01,4.070626487409523975e+01,4.193242866138167102e+00
1.486606874731850603e+01,2.549509756796392423e+01,1.612451549659709826e+01,2.692582403567251959e+01,4.229657196511320194e+01,5.093132631298737323e+01,3.773592452822641263e+01,4.205948168962618183e+01,4.179151722666835767e+00
1.555634918610404505e+01,2.624880949681337583e+01,1.612451549659709826e+01,2.692582403567251959e+01,4.229657196511320194e+01,5.099019513592784847e+01,3.721558813185679071e+01,4.118252056394800320e+01,4.203659156069136316e+00
1.562049935181330795e+01,2.561249694973139412e+01,1.612451549659709826e+01,2.668332812825266842e+01,4.229657196511320194e+01,5.166236541235795698e+01,3.721558813185679071e+01,4.167733196834941367e+01,4.158235876647559337e+00
1.341640786499873883e+01,2.360084744241189370e+01,1.802775637731994607e+01,2.549509756796392423e+01,4.242640687119285303e+01,5.099019513592784847e+01,3.858756276314947797e+01,4.205948168962618183e+01,4.098083904097387098e+00
1.315294643796590535e+01,2.195449840010014952e+01,1.902629759044044633e+01,2.507987240796890660e+01,4.143669871020131978e+01,5.099019513592784847e+01,3.858756276314947797e+01,4.118252056394800320e+01,3.937407106918211497e+00
1.431782106327635340e+01,1.964688270438849926e+01,1.964688270438849926e+01,2.418677324489564739e+01,4.060788100849390503e+01,5.108815909777920439e+01,3.944616584663204151e+01,4.031128874149274566e+01,3.667584334171150484e+00
1.414213562373095101e+01,1.403566884761819900e+01,2.024845673131658685e+01,2.308679276123039159e+01,3.962322551231790158e+01,5.032891812864647818e+01,4.081666326391709987e+01,4.070626487409523975e+01,3.276363938067524462e+00
1.562049935181330795e+01,1.431782106327635340e+01,2.334523505985750447e+01,2.600000000000000000e+01,4.472135954999579610e+01,5.382378656319155397e+01,4.081666326391709987e+01,3.935733730830885690e+01,3.125575716767954759e+00
1.655294535724684835e+01,1.421267040355189515e+01,2.594224354214569317e+01,2.523885892824792521e+01,4.669047011971500893e+01,5.353503525729669121e+01,3.966106403010387993e+01,3.716180835212409050e+01,2.866529780555208795e+00
2.024845673131658685e+01,1.565247584249852864e+01,2.692582403567251959e+01,2.408318915758459156e+01,4.972926703662542280e+01,5.147815070493500400e+01,4.104875150354758517e+01,3.992492955535426091e+01,2.746073201899370986e+00
2.118962010041709121e+01,1.649242250247064234e+01,2.720294101747088789e+01,2.334523505985750447e+01,5.220153254455274805e+01,5.032891812864647818e+01,4.219004621945797595e+01,4.049691346263317371e+01,2.745797518163139994e+00
2.435159132377184221e+01,1.910497317454279909e+01,2.596150997149434048e+01,2.280350850198275836e+01,5.348831648126532912e+01,5.440588203494177577e+01,4.428317965096906050e+01,4.123105625617660763e+01,2.690139562037238807e+00
2.961418578992169515e+01,2.308679276123039159e+01,2.647640458974745314e+01,1.972308292331602075e+01,5.069516742254630515e+01,4.870318264754368442e+01,4.248529157249600274e+01,4.215447781671598193e+01,2.498091544796508856e+00
2.863564212655270680e+01,2.280350850198275836e+01,2.716615541441224835e+01,2.195449840010014952e+01,5.292447448959696743e+01,5.096076922496362727e+01,4.294182110716777601e+01,4.049691346263317371e+01,2.493260664502532364e+00
2.828427124746190202e+01,2.184032966784155505e+01,2.716615541441224835e+01,2.147091055358388800e+01,5.385164807134503917e+01,5.096076922496362727e+01,4.294182110716777601e+01,4.143669871020131978e+01,2.462930162841480364e+00
2.061552812808830382e+01,1.216552506059643868e+01,2.801785145224380003e+01,2.195449840010014952e+01,5.277309920783504538e+01,4.827007354458868349e+01,4.294182110716777601e+01,4.085339643163099055e+01,2.448641901456668268e+00
1.772004514666934938e+01,1.118033988749894903e+01,2.701851217221259205e+01,2.282542442102665348e+01,5.247856705360770491e+01,4.981967482832460092e+01,4.346262762420145975e+01,4.070626487409523975e+01,2.572971887250371292e+00
1.964688270438849926e+01,1.216552506059643868e+01,2.801785145224380003e+01,2.282542442102665348e+01,5.603570290448760005e+01,5.215361924162119323e+01,4.308131845707602992e+01,3.944616584663204151e+01,2.661489947300283543e+00
1.824828759089465890e+01,1.264911064067351809e+01,2.507987240796890660e+01,2.236067977499789805e+01,5.020956084253276686e+01,5.503635162326805386e+01,4.328972164382672361e+01,3.687817782917154830e+01,2.875722138186092902e+00
1.843908891458577415e+01,1.264911064067351809e+01,2.607680962081059661e+01,2.236067977499789805e+01,4.669047011971500893e+01,5.503635162326805386e+01,4.500000000000000000e+01,3.883297567789519888e+01,2.928608156198988954e+00
2.202271554554523902e+01,1.503329637837290811e+01,2.601922366251537611e+01,2.332380757938120297e+01,5.093132631298737323e+01,6.040695324215582218e+01,4.604345773288535071e+01,3.827531841800927737e+01,2.929272828749827084e+00
2.209072203437452231e+01,1.802775637731994607e+01,2.906888370749726747e+01,2.302172886644267535e+01,5.374011537017761242e+01,6.378871373526824584e+01,4.418144406874904462e+01,3.721558813185679071e+01,3.041982552536001805e+00
2.109502310972898798e+01,1.802775637731994607e+01,3.006659275674581622e+01,2.441311123146740414e+01,5.456189146281496249e+01,6.549045732013176746e+01,4.328972164382672361e+01,3.807886552931954327e+01,3.059859938722524930e+00
1.811077027627483460e+01,1.442220510185595650e+01,2.765863337187866122e+01,2.624880949681337583e+01,5.390732788777421547e+01,6.403124237432848531e+01,4.609772228646443892e+01,3.780211634287159939e+01,3.101710132200981462e+00
1.403566884761819900e+01,1.431782106327635340e+01,2.816025568065744622e+01,2.758622844826744469e+01,5.249761899362675166e+01,6.000833275470998984e+01,4.428317965096906050e+01,3.841874542459709119e+01,3.247220110920004288e+00
1.300000000000000000e+01,1.392838827718411920e+01,2.692582403567251959e+01,2.831960451701259274e+01,5.263078946776306566e+01,5.903388857258176614e+01,4.177319714841084419e+01,3.546829570193639825e+01,3.210719844000115675e+00
1.431782106327635340e+01,1.640121946685672683e+01,2.886173937932362321e+01,2.900000000000000000e+01,5.341348144429456823e+01,6.003332407921453751e+01,4.100000000000000000e+01,3.405877273185280529e+01,3.204241190207025358e+00
2.061552812808830382e+01,2.195449840010014952e+01,2.692582403567251959e+01,2.828427124746190202e+01,5.661271941887264347e+01,6.400000000000000000e+01,4.177319714841084419e+01,3.397057550292606010e+01,3.194610914059150542e+00
2.000000000000000000e+01,2.195449840010014952e+01,2.765863337187866122e+01,2.900000000000000000e+01,5.824946351684279477e+01,6.700000000000000000e+01,4.356604182158393002e+01,3.538361202590826338e+01,3.168889625951869959e+00
2.118962010041709121e+01,2.022374841615668473e+01,2.906888370749726747e+01,2.640075756488817049e+01,5.860034129593444874e+01,6.706713054842886379e+01,4.318564576337836769e+01,3.623534186398687496e+01,3.009662046391836210e+00
2.109502310972898798e+01,1.702938636592640265e+01,2.901723625709381693e+01,2.523885892824792521e+01,5.825804665451803288e+01,6.506919393998975920e+01,4.310452412450461424e+01,3.860051813123756403e+01,2.937322413359137130e+00
2.200000000000000000e+01,1.923538406167134340e+01,3.006659275674581622e+01,2.370653918225939449e+01,6.020797289396147534e+01,6.627216610312356693e+01,4.410215414239988974e+01,3.860051813123756403e+01,2.860844746638478320e+00
2.640075756488817049e+01,1.303840481040529831e+01,2.983286778035259701e+01,2.500000000000000000e+01,5.939696961966998856e+01,6.462971452822610274e+01,4.404543109109047805e+01,3.801315561749642313e+01,2.532216020943962143e+00
2.469817807045693669e+01,1.118033988749894903e+01,2.789265136196270589e+01,2.334523505985750447e+01,5.879625838435639906e+01,6.296824596572466248e+01,4.501110973970759943e+01,3.883297567789519888e+01,2.507569933926371064e+00
2.817800560721074277e+01,1.627882059609970611e+01,2.941088233970548416e+01,2.319482700948640286e+01,5.685068161420758059e+01,6.001666435249462950e+01,4.401136216933077350e+01,3.827531841800927737e+01,2.479484079638487160e+00
2.785677655436823841e+01,1.910497317454279909e+01,2.879236009777593708e+01,2.319482700948640286e+01,5.762811813689563678e+01,6.041522986797286165e+01,4.301162633521313694e+01,3.858756276314947797e+01,2.539262854224163757e+00
2.720294101747088789e+01,2.140093455903269515e+01,2.941088233970548416e+01,2.220360331117451835e+01,5.762811813689563678e+01,6.041522986797286165e+01,4.301162633521313694e+01,3.858756276314947797e+01,2.617229488055706099e+00
2.716615541441224835e+01,2.236067977499789805e+01,2.942787793912432193e+01,2.280350850198275836e+01,5.889821729050888877e+01,6.216912416947820930e+01,4.400000000000000000e+01,3.911521443121588959e+01,2.755019324721637908e+00
2.118962010041709121e+01,2.002498439450078749e+01,2.501999200639360765e+01,2.332380757938120297e+01,5.586591089385368747e+01,6.239390995922598648e+01,4.301162633521313694e+01,3.911521443121588959e+01,3.054866947237397046e+00
2.282542442102665348e+01,2.158703314492290204e+01,2.549509756796392423e+01,2.500000000000000000e+01,5.381449618829483938e+01,6.212889826803626647e+01,4.401136216933077350e+01,3.966106403010387993e+01,3.161707291580905910e+00
2.302172886644267535e+01,2.012461179749810825e+01,2.469817807045693669e+01,2.617250465660480074e+01,5.467174773134657784e+01,6.407027391856539111e+01,4.501110973970759943e+01,4.022437072223753063e+01,3.262985947466888526e+00
1.421267040355189515e+01,1.868154169226940553e+01,2.332380757938120297e+01,2.941088233970548416e+01,5.200961449578337437e+01,6.200000000000000000e+01,4.404543109109047805e+01,4.104875150354758517e+01,3.556568131701665969e+00
1.360147050873544394e+01,1.612451549659709826e+01,2.641968962724581260e+01,2.968164415931165934e+01,4.763402145525821396e+01,5.803447251418763386e+01,4.504442251822083421e+01,4.161730409336962566e+01,3.513660412447913828e+00
1.431782106327635340e+01,1.403566884761819900e+01,2.555386467836127551e+01,2.830194339616981125e+01,4.313930922024598402e+01,5.303772242470447651e+01,4.604345773288535071e+01,4.161730409336962566e+01,3.495482577202864594e+00
1.414213562373095101e+01,1.315294643796590535e+01,2.555386467836127551e+01,2.607680962081059661e+01,4.386342439892261780e+01,5.203844732503075221e+01,4.504442251822083421e+01,4.272001872658765365e+01,3.525572542830836209e+00
1.315294643796590535e+01,1.303840481040529831e+01,2.505992817228333536e+01,2.692582403567251959e+01,4.244997055358224713e+01,5.203844732503075221e+01,4.504442251822083421e+01,4.134005321718877468e+01,3.519427536246565680e+00
1.360147050873544394e+01,1.315294643796590535e+01,2.418677324489564739e+01,2.692582403567251959e+01,4.177319714841084419e+01,5.203844732503075221e+01,4.504442251822083421e+01,4.081666326391709987e+01,3.526175346830861201e+00
1.236931687685298087e+01,1.414213562373095101e+01,2.370653918225939449e+01,2.662705391138869615e+01,4.244997055358224713e+01,5.208646657242167066e+01,4.501110973970759943e+01,4.134005321718877468e+01,3.508099178246293803e+00
1.334166406412633421e+01,1.403566884761819900e+01,2.418677324489564739e+01,2.745906043549196340e+01,4.244997055358224713e+01,5.208646657242167066e+01,4.401136216933077350e+01,4.081666326391709987e+01,3.513078906769606213e+00
1.236931687685298087e+01,1.414213562373095101e+01,2.370653918225939449e+01,2.662705391138869615e+01,4.244997055358224713e+01,5.203844732503075221e+01,4.401136216933077350e+01,3.996248240537617136e+01,3.513078906769606213e+00
1.236931687685298087e+01,1.403566884761819900e+01,2.370653918225939449e+01,2.745906043549196340e+01,4.177319714841084419e+01,5.108815909777920439e+01,4.401136216933077350e+01,4.081666326391709987e+01,3.518174404070434136e+00
1.334166406412633421e+01,1.303840481040529831e+01,2.370653918225939449e+01,2.745906043549196340e+01,4.177319714841084419e+01,5.108815909777920439e+01,4.401136216933077350e+01,4.081666326391709987e+01,3.476675751280581039e+00
1.334166406412633421e+01,1.303840481040529831e+01,2.370653918225939449e+01,2.745906043549196340e+01,4.177319714841084419e+01,5.108815909777920439e+01,4.401136216933077350e+01,4.081666326391709987e+01,3.476675751280581039e+00
1.334166406412633421e+01,1.315294643796590535e+01,2.370653918225939449e+01,2.662705391138869615e+01,4.177319714841084419e+01,5.208646657242167066e+01,4.501110973970759943e+01,4.081666326391709987e+01,3.471580253979753117e+00
1.315294643796590535e+01,1.403566884761819900e+01,2.459674775249768786e+01,2.801785145224380003e+01,4.103656905736638549e+01,5.108815909777920439e+01,4.404543109109047805e+01,4.081666326391709987e+01,3.476675751280581039e+00
1.334166406412633421e+01,1.414213562373095101e+01,2.370653918225939449e+01,2.720294101747088789e+01,4.103656905736638549e+01,5.108815909777920439e+01,4.404543109109047805e+01,4.081666326391709987e+01,3.476675751280581039e+00
1.334166406412633421e+01,1.414213562373095101e+01,2.459674775249768786e+01,2.801785145224380003e+01,4.036087214122112954e+01,5.008991914547277702e+01,4.404543109109047805e+01,4.081666326391709987e+01,3.485202074037275111e+00
1.315294643796590535e+01,1.403566884761819900e+01,2.459674775249768786e+01,2.801785145224380003e+01,4.036087214122112954e+01,5.108815909777920439e+01,4.404543109109047805e+01,4.031128874149274566e+01,3.481890827861071180e+00
1.300000000000000000e+01,1.341640786499873883e+01,2.340939982143925135e+01,2.334523505985750447e+01,3.982461550347975532e+01,5.008991914547277702e+01,4.601086828130936368e+01,4.081666326391709987e+01,3.341555458608879370e+00
1.303840481040529831e+01,1.442220510185595650e+01,2.404163056034261459e+01,2.408318915758459156e+01,4.060788100849390503e+01,5.008991914547277702e+01,4.600000000000000000e+01,4.081666326391709987e+01,3.320053396622648201e+00
1.500000000000000000e+01,1.486606874731850603e+01,2.624880949681337583e+01,2.202271554554523902e+01,4.313930922024598402e+01,5.208646657242167066e+01,4.501110973970759943e+01,4.022437072223753063e+01,3.249090327615447471e+00
1.711724276862369010e+01,1.442220510185595650e+01,2.720294101747088789e+01,2.334523505985750447e+01,4.527692569068708650e+01,5.503635162326805386e+01,4.500000000000000000e+01,4.022437072223753063e+01,3.208888364325711784e+00
1.726267650163206824e+01,1.500000000000000000e+01,2.529822128134703618e+01,2.343074902771996193e+01,4.750789408087881327e+01,5.803447251418763386e+01,4.501110973970759943e+01,3.940812099047606409e+01,3.174547751204091384e+00
1.600000000000000000e+01,1.345362404707370985e+01,2.720294101747088789e+01,2.475883680627989492e+01,4.601086828130936368e+01,5.603570290448760005e+01,4.501110973970759943e+01,3.940812099047606409e+01,3.206019493015346722e+00
1.603121954188139853e+01,1.486606874731850603e+01,2.657066051117284644e+01,2.408318915758459156e+01,4.601086828130936368e+01,5.603570290448760005e+01,4.501110973970759943e+01,3.940812099047606409e+01,3.241523692920606603e+00
1.503329637837290811e+01,1.486606874731850603e+01,2.657066051117284644e+01,2.334523505985750447e+01,4.669047011971500893e+01,5.600892785976178345e+01,4.501110973970759943e+01,3.940812099047606409e+01,3.288735725519653208e+00
1.500000000000000000e+01,1.421267040355189515e+01,2.657066051117284644e+01,2.334523505985750447e+01,4.669047011971500893e+01,5.700877125495689768e+01,4.500000000000000000e+01,3.966106403010387993e+01,3.290911320880591795e+00
1.600000000000000000e+01,1.421267040355189515e+01,2.657066051117284644e+01,2.408318915758459156e+01,4.742362280551750331e+01,5.700877125495689768e+01,4.400000000000000000e+01,3.966106403010387993e+01,3.253447598514744854e+00
1.600000000000000000e+01,1.421267040355189515e+01,2.657066051117284644e+01,2.408318915758459156e+01,4.742362280551750331e+01,5.700877125495689768e+01,4.400000000000000000e+01,3.966106403010387993e+01,3.253447598514744854e+00
1.600000000000000000e+01,1.421267040355189515e+01,2.657066051117284644e+01,2.408318915758459156e+01,4.669047011971500893e+01,5.600892785976178345e+01,4.500000000000000000e+01,4.022437072223753063e+01,3.253447598514744854e+00
1.500000000000000000e+01,1.500000000000000000e+01,2.657066051117284644e+01,2.408318915758459156e+01,4.669047011971500893e+01,5.700877125495689768e+01,4.500000000000000000e+01,3.966106403010387993e+01,3.290911320880591795e+00
1.600000000000000000e+01,1.421267040355189515e+01,2.657066051117284644e+01,2.408318915758459156e+01,4.669047011971500893e+01,5.700877125495689768e+01,4.501110973970759943e+01,3.883297567789519888e+01,3.242525870486828943e+00
1.500000000000000000e+01,1.562049935181330795e+01,2.657066051117284644e+01,2.343074902771996193e+01,4.669047011971500893e+01,5.700877125495689768e+01,4.501110973970759943e+01,3.883297567789519888e+01,3.279989592852675884e+00
1.503329637837290811e+01,1.562049935181330795e+01,2.657066051117284644e+01,2.408318915758459156e+01,4.669047011971500893e+01,5.600892785976178345e+01,4.401136216933077350e+01,3.883297567789519888e+01,3.293087796877366635e+00
1.603121954188139853e+01,1.486606874731850603e+01,2.657066051117284644e+01,2.408318915758459156e+01,4.596737973824481571e+01,5.600892785976178345e+01,4.501110973970759943e+01,3.883297567789519888e+01,3.256891913250333559e+00
1.503329637837290811e+01,1.562049935181330795e+01,2.657066051117284644e+01,2.408318915758459156e+01,4.596737973824481571e+01,5.600892785976178345e+01,4.501110973970759943e+01,3.883297567789519888e+01,3.293087796877366635e+00
1.503329637837290811e+01,1.562049935181330795e+01,2.657066051117284644e+01,2.408318915758459156e+01,4.596737973824481571e+01,5.500909015790026757e+01,4.501110973970759943e+01,3.940812099047606409e+01,3.293087796877366635e+00
1.503329637837290811e+01,1.562049935181330795e+01,2.657066051117284644e+01,2.408318915758459156e+01,4.596737973824481571e+01,5.500909015790026757e+01,4.501110973970759943e+01,3.940812099047606409e+01,3.293087796877366635e+00
1.503329637837290811e+01,1.562049935181330795e+01,2.657066051117284644e+01,2.408318915758459156e+01,4.669047011971500893e+01,5.500909015790026757e+01,4.400000000000000000e+01,4.022437072223753063e+01,3.304110527369048089e+00
1.513274595042155646e+01,1.562049935181330795e+01,2.563201123595259290e+01,2.408318915758459156e+01,4.596737973824481571e+01,5.500909015790026757e+01,4.500000000000000000e+01,4.022437072223753063e+01,3.304110527369048089e+00
1.513274595042155646e+01,1.562049935181330795e+01,2.563201123595259290e+01,2.408318915758459156e+01,4.669047011971500893e+01,5.500909015790026757e+01,4.401136216933077350e+01,3.940812099047606409e+01,3.293087796877366635e+00
1.513274595042155646e+01,1.562049935181330795e+01,2.563201123595259290e+01,2.408318915758459156e+01,4.596737973824481571e+01,5.500909015790026757e+01,4.501110973970759943e+01,3.940812099047606409e+01,3.293087796877366635e+00
1.503329637837290811e+01,1.562049935181330795e+01,2.657066051117284644e+01,2.408318915758459156e+01,4.596737973824481571e+01,5.500909015790026757e+01,4.501110973970759943e+01,3.940812099047606409e+01,3.293087796877366635e+00
1.503329637837290811e+01,1.562049935181330795e+01,2.657066051117284644e+01,2.408318915758459156e+01,4.596737973824481571e+01,5.500909015790026757e+01,4.500000000000000000e+01,4.022437072223753063e+01,3.304110527369048089e+00
1.603121954188139853e+01,1.486606874731850603e+01,2.657066051117284644e+01,2.408318915758459156e+01,4.596737973824481571e+01,5.500909015790026757e+01,4.500000000000000000e+01,4.022437072223753063e+01,3.267914643742014569e+00
1.503329637837290811e+01,1.562049935181330795e+01,2.657066051117284644e+01,2.408318915758459156e+01,4.596737973824481571e+01,5.500909015790026757e+01,4.500000000000000000e+01,4.022437072223753063e+01,3.304110527369048089e+00
1.603121954188139853e+01,1.486606874731850603e+01,2.657066051117284644e+01,2.408318915758459156e+01,4.596737973824481571e+01,5.500909015790026757e+01,4.500000000000000000e+01,4.022437072223753063e+01,3.267914643742014569e+00
1.615549442140351033e+01,1.769180601295413169e+01,2.469817807045693669e+01,2.408318915758459156e+01,4.525483399593904466e+01,5.303772242470447651e+01,4.501110973970759943e+01,4.080441152620633005e+01,3.320318183842820403e+00
1.843908891458577415e+01,1.627882059609970611e+01,2.402082429892862692e+01,2.039607805437113797e+01,4.243819034784588951e+01,4.410215414239988974e+01,4.604345773288535071e+01,4.440720662234903671e+01,2.877628929964088478e+00
1.664331697709323876e+01,2.051828452868319275e+01,2.109502310972898798e+01,2.220360331117451835e+01,4.049691346263317371e+01,4.275511665286389729e+01,4.410215414239988974e+01,4.579301256742124338e+01,3.470048088353967941e+00
1.414213562373095101e+01,2.302172886644267535e+01,1.923538406167134340e+01,2.529822128134703618e+01,3.940812099047606409e+01,4.606517122512408235e+01,4.178516483155235761e+01,4.172529209005013229e+01,3.831697405549293389e+00
1.910497317454279909e+01,3.130495168499705727e+01,1.612451549659709826e+01,2.507987240796890660e+01,4.386342439892261780e+01,4.101219330881975367e+01,3.969886648255841521e+01,4.606517122512408235e+01,4.247152179237430047e+00
1.581138830084189628e+01,2.973213749463701205e+01,1.772004514666934938e+01,2.529822128134703618e+01,4.464302857109942835e+01,4.049691346263317371e+01,3.801315561749642313e+01,4.554119014694280310e+01,4.295452671494157215e+00
1.612451549659709826e+01,2.983286778035259701e+01,1.972308292331602075e+01,2.418677324489564739e+01,4.143669871020131978e+01,4.011234224026316042e+01,3.911521443121588959e+01,4.130375285612676350e+01,2.303003133024753790e+00
2.088061301782110135e+01,3.827531841800927737e+01,2.024845673131658685e+01,2.220360331117451835e+01,4.110960958218893069e+01,3.733630940518894192e+01,3.590264614203248072e+01,3.764306044943742080e+01,1.929832319425918596e+00
2.147091055358388800e+01,4.002499219237900263e+01,1.931320791582796659e+01,2.024845673131658685e+01,3.981205847478876336e+01,4.026164427839479032e+01,3.448187929913333249e+01,3.764306044943742080e+01,1.839655082325818647e+00
2.195449840010014952e+01,3.883297567789519888e+01,1.838477631085023489e+01,2.059126028197400160e+01,3.847076812334268681e+01,4.016217125604640614e+01,3.478505426185217431e+01,3.827531841800927737e+01,1.895505452440898742e+00
2.561249694973139412e+01,3.911521443121588959e+01,1.941648783894759944e+01,2.137755832643194864e+01,3.623534186398687496e+01,4.159326868617084472e+01,3.046309242345563462e+01,3.769615364994152884e+01,1.867869141952501533e+00
2.920616373302046753e+01,3.920459156782531807e+01,2.137755832643194864e+01,2.300000000000000000e+01,3.466987164671942878e+01,4.220189569201838253e+01,2.729468812791236232e+01,3.635931792539568619e+01,2.063613378809489252e+00
2.778488797889960793e+01,3.535533905932737753e+01,2.137755832643194864e+01,2.300000000000000000e+01,3.492849839314595783e+01,4.327817001676480402e+01,3.114482300479487265e+01,3.465544690232691494e+01,2.413744040875535291e+00
2.865309756378880479e+01,3.765634076752546378e+01,2.158703314492290204e+01,2.308679276123039159e+01,3.492849839314595783e+01,4.049691346263317371e+01,3.560898762952971452e+01,3.773592452822641263e+01,2.533096695061209491e+00
3.176476034853718033e+01,3.905124837953326988e+01,2.137755832643194864e+01,2.308679276123039159e+01,3.178049716414140846e+01,3.667424164178449786e+01,3.640054944640259293e+01,3.891015291668743714e+01,2.601439606816766670e+00
3.275667870831839679e+01,3.905124837953326988e+01,2.121320343559642652e+01,2.200000000000000000e+01,3.101612483854164637e+01,3.624913792078371699e+01,3.801315561749642313e+01,3.827531841800927737e+01,2.628817938421599720e+00
3.000000000000000000e+01,3.847076812334268681e+01,2.158703314492290204e+01,2.302172886644267535e+01,3.178049716414140846e+01,3.891015291668743714e+01,3.860051813123756403e+01,3.860051813123756403e+01,2.628406562060298768e+00
2.968164415931165934e+01,3.569313659514949677e+01,2.137755832643194864e+01,2.209072203437452231e+01,3.512833614050059339e+01,4.205948168962618183e+01,3.860051813123756403e+01,3.905124837953326988e+01,2.685330434682081435e+00
2.879236009777593708e+01,3.257299494980465937e+01,2.308679276123039159e+01,2.402082429892862692e+01,3.601388621073821383e+01,4.382921400162225467e+01,3.801315561749642313e+01,3.863935817272331263e+01,2.890654211590273359e+00
2.846049894151541437e+01,3.417601498127012150e+01,2.340939982143925135e+01,2.302172886644267535e+01,3.501428280002319582e+01,4.477722635447621968e+01,3.920459156782531807e+01,3.807886552931954327e+01,2.887130772911043586e+00
2.785677655436823841e+01,3.195309061734091571e+01,2.247220505424423109e+01,2.302172886644267535e+01,3.535533905932737753e+01,4.465422712353221613e+01,4.263801121065568367e+01,3.807886552931954327e+01,2.826510014110622748e+00
2.816025568065744622e+01,3.257299494980465937e+01,2.247220505424423109e+01,2.507987240796890660e+01,4.011234224026316042e+01,4.825971404805461873e+01,4.022437072223753063e+01,3.622154055254966920e+01,2.968817385597457559e+00
2.846049894151541437e+01,3.361547262794321966e+01,2.147091055358388800e+01,2.418677324489564739e+01,4.404543109109047805e+01,4.134005321718877468e+01,3.981205847478876336e+01,3.911521443121588959e+01,3.050905616822090494e+00
2.647640458974745314e+01,3.220248437620923454e+01,2.282542442102665348e+01,2.334523505985750447e+01,4.804164859785725383e+01,4.360045871318327926e+01,3.982461550347975532e+01,4.104875150354758517e+01,3.051939388565604538e+00
3.104834939252004844e+01,3.667424164178449786e+01,2.236067977499789805e+01,2.451530134426252516e+01,5.000999900019994726e+01,4.545327270945404763e+01,3.894868418830089496e+01,4.000000000000000000e+01,3.000294580645052722e+00
2.961418578992169515e+01,3.488552708502481892e+01,2.247220505424423109e+01,2.570992026436488231e+01,5.300943312279428454e+01,4.527692569068708650e+01,3.721558813185679071e+01,4.100000000000000000e+01,3.023792696746484321e+00
3.337663853655727308e+01,3.721558813185679071e+01,2.247220505424423109e+01,2.720294101747088789e+01,5.200961449578337437e+01,4.669047011971500893e+01,3.773592452822641263e+01,3.801315561749642313e+01,3.058202153930606570e+00
2.912043955712207222e+01,3.577708763999663688e+01,2.360084744241189370e+01,2.647640458974745314e+01,5.015974481593781320e+01,4.891829923454003648e+01,4.123105625617660763e+01,3.920459156782531807e+01,2.923245561583076579e+00
2.061552812808830382e+01,3.014962686336266984e+01,2.284731931759172596e+01,2.501999200639360765e+01,5.300943312279428454e+01,5.445181356024792763e+01,4.022437072223753063e+01,3.721558813185679071e+01,2.759315779267977664e+00
1.615549442140351033e+01,2.716615541441224835e+01,2.500000000000000000e+01,2.517935662402834396e+01,5.315072906367324634e+01,5.658621740318043436e+01,3.911521443121588959e+01,3.522782990761707111e+01,2.667192770797885970e+00
1.077032961426900748e+01,1.992485884517127559e+01,2.751363298439520833e+01,2.517935662402834396e+01,5.375872022286245056e+01,5.813776741499453493e+01,3.744329045369811126e+01,3.622154055254966920e+01,2.778705598375053931e+00
1.200000000000000000e+01,2.418677324489564739e+01,2.720294101747088789e+01,2.308679276123039159e+01,5.557877292636101174e+01,5.608029957123981291e+01,3.721558813185679071e+01,3.811823710509183627e+01,2.722043626522260951e+00
1.529705854077835525e+01,2.601922366251537611e+01,2.624880949681337583e+01,2.408318915758459156e+01,5.573149917237109463e+01,5.403702434442518410e+01,3.721558813185679071e+01,4.001249804748510996e+01,2.764417982104702354e+00
1.708800749063506075e+01,3.000000000000000000e+01,2.720294101747088789e+01,2.408318915758459156e+01,5.557877292636101174e+01,5.390732788777421547e+01,3.773592452822641263e+01,4.001249804748510996e+01,2.704254761841909271e+00
1.664331697709323876e+01,3.140063693621516450e+01,2.570992026436488231e+01,2.517935662402834396e+01,5.445181356024792763e+01,5.326349594234309848e+01,3.807886552931954327e+01,3.901281840626231912e+01,2.603784658925284656e+00
1.216552506059643868e+01,2.195449840010014952e+01,2.601922366251537611e+01,2.563201123595259290e+01,5.063595560468865386e+01,5.325410782277739230e+01,3.807886552931954327e+01,3.911521443121588959e+01,2.541612563956376025e+00
1.431782106327635340e+01,2.109502310972898798e+01,2.501999200639360765e+01,2.600000000000000000e+01,5.119570294468081784e+01,5.608029957123981291e+01,3.894868418830089496e+01,4.011234224026316042e+01,2.583368478906387100e+00
1.486606874731850603e+01,1.280624847486569706e+01,2.700000000000000000e+01,2.505992817228333536e+01,5.032891812864647818e+01,5.950630218724735698e+01,3.716180835212409050e+01,3.705401462729781059e+01,2.835428366913459897e+00
1.431782106327635340e+01,1.140175425099137918e+01,2.300000000000000000e+01,2.416609194718914466e+01,5.107837115648853654e+01,6.092618484691126923e+01,3.862641583165593318e+01,3.700000000000000000e+01,2.966332065528115347e+00
1.431782106327635340e+01,1.204159457879229578e+01,2.302172886644267535e+01,2.469817807045693669e+01,5.107837115648853654e+01,6.053924347066124056e+01,3.769615364994152884e+01,3.801315561749642313e+01,2.993440793924776688e+00
1.392838827718411920e+01,1.272792206135785520e+01,2.402082429892862692e+01,2.507987240796890660e+01,5.200000000000000000e+01,5.909314681077663067e+01,3.769615364994152884e+01,3.801315561749642313e+01,2.931463399194261132e+00
1.431782106327635340e+01,1.280624847486569706e+01,2.402082429892862692e+01,2.600000000000000000e+01,5.162363799656122865e+01,5.818075283115542362e+01,3.546829570193639825e+01,3.701351104664349378e+01,2.937759414434825356e+00
1.303840481040529831e+01,1.204159457879229578e+01,2.906888370749726747e+01,2.469817807045693669e+01,5.080354318352215159e+01,5.247856705360770491e+01,3.676955262170046979e+01,3.705401462729781059e+01,2.696104228769269362e+00
1.389244398944980396e+01,1.280624847486569706e+01,2.607680962081059661e+01,2.376972864800942631e+01,5.316013544000804814e+01,5.547071299343465256e+01,3.676955262170046979e+01,3.900000000000000000e+01,2.851781168491321239e+00
1.526433752247374720e+01,1.280624847486569706e+01,2.807133769523639799e+01,2.507987240796890660e+01,5.315072906367324634e+01,5.162363799656122865e+01,3.584689665786984136e+01,3.900000000000000000e+01,2.802300039135748211e+00
1.389244398944980396e+01,1.360147050873544394e+01,2.707397274136176790e+01,2.376972864800942631e+01,5.315072906367324634e+01,5.247856705360770491e+01,3.676955262170046979e+01,3.900000000000000000e+01,2.779941184662642506e+00
1.700000000000000000e+01,1.208304597359457233e+01,2.630589287593181069e+01,2.500000000000000000e+01,5.192301994298868095e+01,5.333854141237834767e+01,3.935733730830885690e+01,4.110960958218893069e+01,3.007625289006250924e+00
1.442220510185595650e+01,1.392838827718411920e+01,2.529822128134703618e+01,2.517935662402834396e+01,5.263078946776306566e+01,5.300000000000000000e+01,4.024922359499621649e+01,4.119465984809195902e+01,3.084353951513314485e+00
1.389244398944980396e+01,1.649242250247064234e+01,2.469817807045693669e+01,2.500000000000000000e+01,5.119570294468081784e+01,5.047771785649585041e+01,3.982461550347975532e+01,4.119465984809195902e+01,3.078518535692881031e+00
1.476482306023340030e+01,1.708800749063506075e+01,2.500000000000000000e+01,2.601922366251537611e+01,4.883646178829911833e+01,4.716990566028302112e+01,4.024922359499621649e+01,4.130375285612676350e+01,3.035517482826112445e+00
1.216552506059643868e+01,2.325940669922601600e+01,2.220360331117451835e+01,2.517935662402834396e+01,4.373785545725807822e+01,4.565084884205330695e+01,4.159326868617084472e+01,4.031128874149274566e+01,2.757232235950248356e+00
2.360084744241189370e+01,3.417601498127012150e+01,2.022374841615668473e+01,2.404163056034261459e+01,3.701351104664349378e+01,4.031128874149274566e+01,4.123105625617660763e+01,3.705401462729781059e+01,2.480088988751658174e+00
2.505992817228333536e+01,3.354101966249684352e+01,2.039607805437113797e+01,2.594224354214569317e+01,3.306055050963308162e+01,3.827531841800927737e+01,3.624913792078371699e+01,3.535533905932737753e+01,2.332458358254496211e+00
2.640075756488817049e+01,3.400000000000000000e+01,2.118962010041709121e+01,2.441311123146740414e+01,3.324154027718932269e+01,3.981205847478876336e+01,3.640054944640259293e+01,3.801315561749642313e+01,2.351902671050333460e+00
2.570992026436488231e+01,3.301514803843835466e+01,2.061552812808830382e+01,2.404163056034261459e+01,2.927456233660889495e+01,3.811823710509183627e+01,3.573513677041127323e+01,3.700000000000000000e+01,2.285135802249090631e+00
2.765863337187866122e+01,3.405877273185280529e+01,2.080865204668481283e+01,2.408318915758459156e+01,2.828427124746190202e+01,3.600000000000000000e+01,3.420526275297414287e+01,3.701351104664349378e+01,2.220666776206844162e+00
2.828427124746190202e+01,3.465544690232691494e+01,2.193171219946130890e+01,2.302172886644267535e+01,2.912043955712207222e+01,3.721558813185679071e+01,3.522782990761707111e+01,3.649657518178931781e+01,2.256844207636303778e+00
2.729468812791236232e+01,3.264965543462901820e+01,2.202271554554523902e+01,2.195449840010014952e+01,2.785677655436823841e+01,3.956008088970496317e+01,3.820994634908559817e+01,3.448187929913333249e+01,2.488353773352471876e+00
2.942787793912432193e+01,3.280243893371345365e+01,2.051828452868319275e+01,2.109502310972898798e+01,2.823118842698620767e+01,3.827531841800927737e+01,3.569313659514949677e+01,3.352610922848042208e+01,2.548130369832081854e+00
3.140063693621516450e+01,3.538361202590826338e+01,2.280350850198275836e+01,2.195449840010014952e+01,3.008321791298264714e+01,3.517101079013794873e+01,3.551056180912940619e+01,3.324154027718932269e+01,2.414254902728094621e+00
3.001666203960726875e+01,3.471310991541956525e+01,2.059126028197400160e+01,1.838477631085023489e+01,2.954657340538831534e+01,3.544009029333869876e+01,3.471310991541956525e+01,3.231098884280702066e+01,2.288016976628564070e+00
2.906888370749726747e+01,3.138470965295043058e+01,2.247220505424423109e+01,2.137755832643194864e+01,2.817800560721074277e+01,3.716180835212409050e+01,3.613862199918530393e+01,3.401470270338990076e+01,2.263675869072698355e+00
2.473863375370596174e+01,2.473863375370596174e+01,1.843908891458577415e+01,2.200000000000000000e+01,2.758622844826744469e+01,4.219004621945797595e+01,3.324154027718932269e+01,3.264965543462901820e+01,2.296563777061175315e+00
2.731300056749532601e+01,2.729468812791236232e+01,2.202271554554523902e+01,2.088061301782110135e+01,2.842534080710379030e+01,4.201190307520000999e+01,3.534119409414458346e+01,3.580502757993631491e+01,2.144094107964612750e+00
3.008321791298264714e+01,2.765863337187866122e+01,2.220360331117451835e+01,1.992485884517127559e+01,3.001666203960726875e+01,4.172529209005013229e+01,3.605551275463989214e+01,3.679673898594819548e+01,2.308177898516655002e+00
3.257299494980465937e+01,2.624880949681337583e+01,2.158703314492290204e+01,1.897366596101027625e+01,3.452535300326413648e+01,3.794733192202055250e+01,3.400000000000000000e+01,3.984971769034255118e+01,2.716219124547123442e+00
3.046309242345563462e+01,2.647640458974745314e+01,2.213594362117865444e+01,1.746424919657297892e+01,3.605551275463989214e+01,3.929376540877699853e+01,3.401470270338990076e+01,4.031128874149274566e+01,2.720898551312258995e+00
2.920616373302046753e+01,2.531797780234432693e+01,2.195449840010014952e+01,2.000000000000000000e+01,3.535533905932737753e+01,3.945883931389771959e+01,3.453983207834108526e+01,4.204759208325727826e+01,2.541118641131029143e+00
2.983286778035259701e+01,2.531797780234432693e+01,2.195449840010014952e+01,2.061552812808830382e+01,3.605551275463989214e+01,4.000000000000000000e+01,3.352610922848042208e+01,4.418144406874904462e+01,2.662073361597196985e+00
3.061045573002793319e+01,2.319482700948640286e+01,2.109502310972898798e+01,2.126029162546929996e+01,3.623534186398687496e+01,4.300000000000000000e+01,3.289376840679705083e+01,4.328972164382672361e+01,2.748962541026777284e+00
3.061045573002793319e+01,2.319482700948640286e+01,1.941648783894759944e+01,2.000000000000000000e+01,3.584689665786984136e+01,4.600000000000000000e+01,3.352610922848042208e+01,4.119465984809195902e+01,2.810410888131907647e+00
3.140063693621516450e+01,2.319482700948640286e+01,2.024845673131658685e+01,2.140093455903269515e+01,3.623534186398687496e+01,4.500000000000000000e+01,3.324154027718932269e+01,4.119465984809195902e+01,2.815741660872444818e+00
3.124099870362661591e+01,2.418677324489564739e+01,2.024845673131658685e+01,2.061552812808830382e+01,3.535533905932737753e+01,4.400000000000000000e+01,3.257299494980465937e+01,4.119465984809195902e+01,2.772562781069955129e+00
2.983286778035259701e+01,2.334523505985750447e+01,2.024845673131658685e+01,2.061552812808830382e+01,3.535533905932737753e+01,4.401136216933077350e+01,3.324154027718932269e+01,4.130375285612676350e+01,2.778726043673654722e+00
3.047950130825634218e+01,2.433105012119287736e+01,2.024845673131658685e+01,2.061552812808830382e+01,3.488552708502481892e+01,4.301162633521313694e+01,3.352610922848042208e+01,4.229657196511320194e+01,2.748305245046374967e+00
3.041381265149109936e+01,2.692582403567251959e+01,2.080865204668481283e+01,2.061552812808830382e+01,3.492849839314595783e+01,4.200000000000000000e+01,3.420526275297414287e+01,4.130375285612676350e+01,2.651069796504230247e+00
2.842534080710379030e+01,2.600000000000000000e+01,1.984943324127920761e+01,1.984943324127920761e+01,3.352610922848042208e+01,4.100000000000000000e+01,3.569313659514949677e+01,3.920459156782531807e+01,2.561823396930603458e+00
2.420743687382040932e+01,2.202271554554523902e+01,2.126029162546929996e+01,2.061552812808830382e+01,3.383784863137726262e+01,3.901281840626231912e+01,3.354101966249684352e+01,3.931920650267500150e+01,2.398941295576689114e+00
2.441311123146740414e+01,2.334523505985750447e+01,2.220360331117451835e+01,2.000000000000000000e+01,3.492849839314595783e+01,4.119465984809195902e+01,3.337663853655727308e+01,4.143669871020131978e+01,2.354060780770379946e+00
2.640075756488817049e+01,2.404163056034261459e+01,2.195449840010014952e+01,2.012461179749810825e+01,3.466987164671942878e+01,4.317406628984580408e+01,3.505709628591620941e+01,4.272001872658765365e+01,2.395743341691032313e+00
2.640075756488817049e+01,2.334523505985750447e+01,1.972308292331602075e+01,1.972308292331602075e+01,3.324154027718932269e+01,4.205948168962618183e+01,3.649657518178931781e+01,4.390899680020029905e+01,2.670805308706588832e+00
2.731300056749532601e+01,2.408318915758459156e+01,2.102379604162863913e+01,1.788854381999831844e+01,3.182766092567909766e+01,4.104875150354758517e+01,3.590264614203248072e+01,4.410215414239988974e+01,2.673653225446975590e+00
2.662705391138869615e+01,2.140093455903269515e+01,2.195449840010014952e+01,1.835755975068581947e+01,3.182766092567909766e+01,4.022437072223753063e+01,3.613862199918530393e+01,4.410215414239988974e+01,2.780122529768279005e+00
2.729468812791236232e+01,2.280350850198275836e+01,2.059126028197400160e+01,1.835755975068581947e+01,3.182766092567909766e+01,4.022437072223753063e+01,3.613862199918530393e+01,4.410215414239988974e+01,2.754733940637106304e+00
2.729468812791236232e+01,2.280350850198275836e+01,2.059126028197400160e+01,1.835755975068581947e+01,3.182766092567909766e+01,4.080441152620633005e+01,3.573513677041127323e+01,4.243819034784588951e+01,2.804941489964422274e+00
2.778488797889960793e+01,2.220360331117451835e+01,2.059126028197400160e+01,1.835755975068581947e+01,3.182766092567909766e+01,4.000000000000000000e+01,3.573513677041127323e+01,4.301162633521313694e+01,2.833845003108833360e+00
2.778488797889960793e+01,2.220360331117451835e+01,2.059126028197400160e+01,1.835755975068581947e+01,3.182766092567909766e+01,4.000000000000000000e+01,3.573513677041127323e+01,4.301162633521313694e+01,2.833845003108833360e+00
2.692582403567251959e+01,2.140093455903269515e+01,1.972308292331602075e+01,1.886796226411320632e+01,3.330165161069342616e+01,4.080441152620633005e+01,3.511409973215887703e+01,4.220189569201838253e+01,2.880197554913765501e+00
2.745906043549196340e+01,2.080865204668481283e+01,1.972308292331602075e+01,1.886796226411320632e+01,3.330165161069342616e+01,4.080441152620633005e+01,3.511409973215887703e+01,4.220189569201838253e+01,2.910325422332403100e+00
2.692582403567251959e+01,2.140093455903269515e+01,2.024845673131658685e+01,1.972308292331602075e+01,3.255764119219941222e+01,4.000000000000000000e+01,3.511409973215887703e+01,4.220189569201838253e+01,2.879914081720478691e+00
2.745906043549196340e+01,2.080865204668481283e+01,2.024845673131658685e+01,1.972308292331602075e+01,3.255764119219941222e+01,4.000000000000000000e+01,3.511409973215887703e+01,4.220189569201838253e+01,2.909165632532496826e+00
2.745906043549196340e+01,2.080865204668481283e+01,2.024845673131658685e+01,1.972308292331602075e+01,3.255764119219941222e+01,4.000000000000000000e+01,3.511409973215887703e+01,4.220189569201838253e+01,2.909165632532496826e+00
2.778488797889960793e+01,2.220360331117451835e+01,1.972308292331602075e+01,1.886796226411320632e+01,3.255764119219941222e+01,4.000000000000000000e+01,3.511409973215887703e+01,4.220189569201838253e+01,2.879914081720478691e+00
2.906888370749726747e+01,2.441311123146740414e+01,2.012461179749810825e+01,1.749285568453590045e+01,3.252691193458118590e+01,3.940812099047606409e+01,3.605551275463989214e+01,4.220189569201838253e+01,2.809056693071533495e+00
3.008321791298264714e+01,2.607680962081059661e+01,1.923538406167134340e+01,1.700000000000000000e+01,3.182766092567909766e+01,3.940812099047606409e+01,3.573513677041127323e+01,4.220189569201838253e+01,2.790191007049863003e+00
2.863564212655270680e+01,2.360084744241189370e+01,2.012461179749810825e+01,1.788854381999831844e+01,3.182766092567909766e+01,3.940812099047606409e+01,3.573513677041127323e+01,4.220189569201838253e+01,2.781175473707358847e+00
2.817800560721074277e+01,2.302172886644267535e+01,2.059126028197400160e+01,1.788854381999831844e+01,3.182766092567909766e+01,3.940812099047606409e+01,3.573513677041127323e+01,4.220189569201838253e+01,2.809056693071533495e+00
2.817800560721074277e+01,2.360084744241189370e+01,2.059126028197400160e+01,1.835755975068581947e+01,3.182766092567909766e+01,3.940812099047606409e+01,3.573513677041127323e+01,4.220189569201838253e+01,2.809056693071533495e+00
2.817800560721074277e+01,2.360084744241189370e+01,2.059126028197400160e+01,1.835755975068581947e+01,3.182766092567909766e+01,3.940812099047606409e+01,3.573513677041127323e+01,4.220189569201838253e+01,2.809056693071533495e+00
2.817800560721074277e+01,2.360084744241189370e+01,1.972308292331602075e+01,1.886796226411320632e+01,3.189043743820394994e+01,4.000000000000000000e+01,3.478505426185217431e+01,4.220189569201838253e+01,2.854129448104511635e+00
2.865309756378880479e+01,2.302172886644267535e+01,1.972308292331602075e+01,1.886796226411320632e+01,3.189043743820394994e+01,4.000000000000000000e+01,3.478505426185217431e+01,4.220189569201838253e+01,2.882416161570014790e+00
2.865309756378880479e+01,2.302172886644267535e+01,1.972308292331602075e+01,1.886796226411320632e+01,3.189043743820394994e+01,4.000000000000000000e+01,3.478505426185217431e+01,4.220189569201838253e+01,2.882416161570014790e+00
2.865309756378880479e+01,2.302172886644267535e+01,1.972308292331602075e+01,1.886796226411320632e+01,3.255764119219941222e+01,4.000000000000000000e+01,3.511409973215887703e+01,4.220189569201838253e+01,2.882416161570014790e+00
2.778488797889960793e+01,2.220360331117451835e+01,1.972308292331602075e+01,1.886796226411320632e+01,3.255764119219941222e+01,4.000000000000000000e+01,3.511409973215887703e+01,4.220189569201838253e+01,2.879914081720478691e+00
2.778488797889960793e+01,2.220360331117451835e+01,1.972308292331602075e+01,1.886796226411320632e+01,3.255764119219941222e+01,4.000000000000000000e+01,3.511409973215887703e+01,4.220189569201838253e+01,2.879914081720478691e+00
2.778488797889960793e+01,2.220360331117451835e+01,1.972308292331602075e+01,1.886796226411320632e+01,3.255764119219941222e+01,4.000000000000000000e+01,3.511409973215887703e+01,4.220189569201838253e+01,2.879914081720478691e+00
2.778488797889960793e+01,2.220360331117451835e+01,1.972308292331602075e+01,1.886796226411320632e+01,3.255764119219941222e+01,4.000000000000000000e+01,3.511409973215887703e+01,4.220189569201838253e+01,2.879914081720478691e+00
2.778488797889960793e+01,2.220360331117451835e+01,1.972308292331602075e+01,1.886796226411320632e+01,3.255764119219941222e+01,4.000000000000000000e+01,3.511409973215887703e+01,4.220189569201838253e+01,2.879914081720478691e+00
2.745906043549196340e+01,2.163330765278393741e+01,2.024845673131658685e+01,1.886796226411320632e+01,3.255764119219941222e+01,4.060788100849390503e+01,3.511409973215887703e+01,4.301162633521313694e+01,2.909165632532496826e+00
2.745906043549196340e+01,2.163330765278393741e+01,2.109502310972898798e+01,1.835755975068581947e+01,3.324154027718932269e+01,3.940812099047606409e+01,3.511409973215887703e+01,4.220189569201838253e+01,2.862946374147956607e+00
2.745906043549196340e+01,2.220360331117451835e+01,2.109502310972898798e+01,1.886796226411320632e+01,3.324154027718932269e+01,4.000000000000000000e+01,3.511409973215887703e+01,4.301162633521313694e+01,2.862946374147956607e+00
2.745906043549196340e+01,2.163330765278393741e+01,2.109502310972898798e+01,1.835755975068581947e+01,3.182766092567909766e+01,4.000000000000000000e+01,3.573513677041127323e+01,4.301162633521313694e+01,2.862946374147956607e+00
2.745906043549196340e+01,2.163330765278393741e+01,2.109502310972898798e+01,1.835755975068581947e+01,3.255764119219941222e+01,4.000000000000000000e+01,3.478505426185217431e+01,4.301162633521313694e+01,2.862946374147956607e+00
2.745906043549196340e+01,2.163330765278393741e+01,2.109502310972898798e+01,1.835755975068581947e+01,3.182766092567909766e+01,4.000000000000000000e+01,3.573513677041127323e+01,4.301162633521313694e+01,2.862946374147956607e+00
2.801785145224380003e+01,2.163330765278393741e+01,2.109502310972898798e+01,1.886796226411320632e+01,3.182766092567909766e+01,4.000000000000000000e+01,3.573513677041127323e+01,4.301162633521313694e+01,2.892197924959974742e+00
2.745906043549196340e+01,2.220360331117451835e+01,2.109502310972898798e+01,1.886796226411320632e+01,3.182766092567909766e+01,4.000000000000000000e+01,3.573513677041127323e+01,4.301162633521313694e+01,2.862946374147956607e+00
2.745906043549196340e+01,2.163330765278393741e+01,2.109502310972898798e+01,1.835755975068581947e+01,3.182766092567909766e+01,4.000000000000000000e+01,3.573513677041127323e+01,4.301162633521313694e+01,2.862946374147956607e+00
2.801785145224380003e+01,2.109502310972898798e+01,2.109502310972898798e+01,1.835755975068581947e+01,3.182766092567909766e+01,4.000000000000000000e+01,3.573513677041127323e+01,4.301162633521313694e+01,2.892197924959974742e+00
2.745906043549196340e+01,2.163330765278393741e+01,2.109502310972898798e+01,1.835755975068581947e+01,3.182766092567909766e+01,4.000000000000000000e+01,3.573513677041127323e+01,4.301162633521313694e+01,2.862946374147956607e+00
2.801785145224380003e+01,2.163330765278393741e+01,2.109502310972898798e+01,1.886796226411320632e+01,3.182766092567909766e+01,4.000000000000000000e+01,3.573513677041127323e+01,4.301162633521313694e+01,2.892197924959974742e+00
2.780287754891568852e+01,2.024845673131658685e+01,2.109502310972898798e+01,1.886796226411320632e+01,3.252691193458118590e+01,4.000000000000000000e+01,3.605551275463989214e+01,4.301162633521313694e+01,2.920659987756922593e+00
2.247220505424423109e+01,1.414213562373095101e+01,2.080865204668481283e+01,1.843908891458577415e+01,3.255764119219941222e+01,4.000000000000000000e+01,3.511409973215887703e+01,4.220189569201838253e+01,3.051062687136660845e+00
2.247220505424423109e+01,1.486606874731850603e+01,2.080865204668481283e+01,1.769180601295413169e+01,3.324154027718932269e+01,4.022437072223753063e+01,3.511409973215887703e+01,4.161730409336962566e+01,3.034094979564138761e+00
2.500000000000000000e+01,1.612451549659709826e+01,2.061552812808830382e+01,1.843908891458577415e+01,3.324154027718932269e+01,4.022437072223753063e+01,3.511409973215887703e+01,4.161730409336962566e+01,3.092850802279861533e+00
2.441311123146740414e+01,1.700000000000000000e+01,2.121320343559642652e+01,1.910497317454279909e+01,3.324154027718932269e+01,3.940812099047606409e+01,3.511409973215887703e+01,4.220189569201838253e+01,3.121688959150980214e+00
2.879236009777593708e+01,1.612451549659709826e+01,2.195449840010014952e+01,1.910497317454279909e+01,3.405877273185280529e+01,3.827531841800927737e+01,3.640054944640259293e+01,4.161730409336962566e+01,3.417655986789003730e+00
2.996664812754339380e+01,2.220360331117451835e+01,2.236067977499789805e+01,1.780449381476485726e+01,3.328663395418647752e+01,3.400000000000000000e+01,3.700000000000000000e+01,3.940812099047606409e+01,3.324100975886903342e+00
3.041381265149109936e+01,2.209072203437452231e+01,2.282542442102665348e+01,1.843908891458577415e+01,3.328663395418647752e+01,3.361547262794321966e+01,3.640054944640259293e+01,3.940812099047606409e+01,3.300597511784326699e+00
3.301514803843835466e+01,2.607680962081059661e+01,2.247220505424423109e+01,1.769180601295413169e+01,3.301514803843835466e+01,3.361547262794321966e+01,3.640054944640259293e+01,3.920459156782531807e+01,3.259301387650060278e+00
3.080584360149872580e+01,2.402082429892862692e+01,2.220360331117451835e+01,1.769180601295413169e+01,3.420526275297414287e+01,3.535533905932737753e+01,3.546829570193639825e+01,3.860051813123756403e+01,3.209669111847792689e+00
3.023243291566194912e+01,2.202271554554523902e+01,2.280350850198275836e+01,1.769180601295413169e+01,3.440930106817050671e+01,3.448187929913333249e+01,3.584689665786984136e+01,3.860051813123756403e+01,3.187851316980867100e+00
3.052867504494749440e+01,2.109502310972898798e+01,2.343074902771996193e+01,1.838477631085023489e+01,3.360059523282288296e+01,3.535533905932737753e+01,3.546829570193639825e+01,3.801315561749642313e+01,3.196241661659139144e+00
2.745906043549196340e+01,1.868154169226940553e+01,2.193171219946130890e+01,1.697056274847713908e+01,3.482814953453599571e+01,3.671511950137163893e+01,3.546829570193639825e+01,3.940812099047606409e+01,3.121572445481574754e+00
2.617250465660480074e+01,1.972308292331602075e+01,2.061552812808830382e+01,1.910497317454279909e+01,3.324154027718932269e+01,3.827531841800927737e+01,3.546829570193639825e+01,4.000000000000000000e+01,3.044107281512486995e+00
2.549509756796392423e+01,1.860107523773827509e+01,2.024845673131658685e+01,1.860107523773827509e+01,3.252691193458118590e+01,3.801315561749642313e+01,3.640054944640259293e+01,4.123105625617660763e+01,2.967921455248219598e+00
2.416609194718914466e+01,1.910497317454279909e+01,1.969771560359220786e+01,1.802775637731994607e+01,3.047950130825634218e+01,3.679673898594819548e+01,3.676955262170046979e+01,4.313930922024598402e+01,2.776113323112218367e+00
2.416609194718914466e+01,1.843908891458577415e+01,1.931320791582796659e+01,1.802775637731994607e+01,3.201562118716424266e+01,3.753664875824691904e+01,3.624913792078371699e+01,4.242640687119285303e+01,2.786430869609851868e+00
2.282542442102665348e+01,1.702938636592640265e+01,1.969771560359220786e+01,1.802775637731994607e+01,3.140063693621516450e+01,3.753664875824691904e+01,3.584689665786984136e+01,4.242640687119285303e+01,2.810619699268688265e+00
2.459674775249768786e+01,1.769180601295413169e+01,1.969771560359220786e+01,1.897366596101027625e+01,3.061045573002793319e+01,3.748332962798262713e+01,3.584689665786984136e+01,4.313930922024598402e+01,2.824865379510406616e+00
2.459674775249768786e+01,1.769180601295413169e+01,1.969771560359220786e+01,1.897366596101027625e+01,3.061045573002793319e+01,3.679673898594819548e+01,3.624913792078371699e+01,4.172529209005013229e+01,2.842300137674342420e+00
2.370653918225939449e+01,1.702938636592640265e+01,1.931320791582796659e+01,1.802775637731994607e+01,3.140063693621516450e+01,3.753664875824691904e+01,3.624913792078371699e+01,4.172529209005013229e+01,2.827757501161884512e+00
2.459674775249768786e+01,1.769180601295413169e+01,1.931320791582796659e+01,1.802775637731994607e+01,3.140063693621516450e+01,3.820994634908559817e+01,3.624913792078371699e+01,4.242640687119285303e+01,2.835887403341828428e+00
2.459674775249768786e+01,1.769180601295413169e+01,1.931320791582796659e+01,1.802775637731994607e+01,3.140063693621516450e+01,3.820994634908559817e+01,3.624913792078371699e+01,4.242640687119285303e+01,2.835887403341828428e+00
2.370653918225939449e+01,1.769180601295413169e+01,2.061552812808830382e+01,1.772004514666934938e+01,3.201562118716424266e+01,3.687817782917154830e+01,3.624913792078371699e+01,4.172529209005013229e+01,2.786430869609851868e+00
2.370653918225939449e+01,1.769180601295413169e+01,1.969771560359220786e+01,1.802775637731994607e+01,3.140063693621516450e+01,3.679673898594819548e+01,3.624913792078371699e+01,4.244997055358224713e+01,2.835887403341828428e+00
2.370653918225939449e+01,1.769180601295413169e+01,1.969771560359220786e+01,1.802775637731994607e+01,3.140063693621516450e+01,3.679673898594819548e+01,3.624913792078371699e+01,4.244997055358224713e+01,2.835887403341828428e+00
2.416609194718914466e+01,1.843908891458577415e+01,1.969771560359220786e+01,1.897366596101027625e+01,3.061045573002793319e+01,3.679673898594819548e+01,3.624913792078371699e+01,4.172529209005013229e+01,2.810929679203996834e+00
2.325940669922601600e+01,1.843908891458577415e+01,1.969771560359220786e+01,1.802775637731994607e+01,3.140063693621516450e+01,3.753664875824691904e+01,3.624913792078371699e+01,4.172529209005013229e+01,2.803568671503048115e+00
2.325940669922601600e+01,1.843908891458577415e+01,1.969771560359220786e+01,1.802775637731994607e+01,3.140063693621516450e+01,3.753664875824691904e+01,3.624913792078371699e+01,4.172529209005013229e+01,2.803568671503048115e+00
2.325940669922601600e+01,1.843908891458577415e+01,1.969771560359220786e+01,1.802775637731994607e+01,3.140063693621516450e+01,3.753664875824691904e+01,3.624913792078371699e+01,4.172529209005013229e+01,2.803568671503048115e+00
2.325940669922601600e+01,1.843908891458577415e+01,1.969771560359220786e+01,1.802775637731994607e+01,3.140063693621516450e+01,3.753664875824691904e+01,3.624913792078371699e+01,4.172529209005013229e+01,2.803568671503048115e+00
2.325940669922601600e+01,1.843908891458577415e+01,1.969771560359220786e+01,1.802775637731994607e+01,3.140063693621516450e+01,3.679673898594819548e+01,3.624913792078371699e+01,4.244997055358224713e+01,2.803568671503048115e+00
2.416609194718914466e+01,1.910497317454279909e+01,1.969771560359220786e+01,1.802775637731994607e+01,3.140063693621516450e+01,3.753664875824691904e+01,3.624913792078371699e+01,4.172529209005013229e+01,2.812133772541407950e+00
2.416609194718914466e+01,1.910497317454279909e+01,1.969771560359220786e+01,1.802775637731994607e+01,3.140063693621516450e+01,3.753664875824691904e+01,3.624913792078371699e+01,4.172529209005013229e+01,2.812133772541407950e+00
2.325940669922601600e+01,1.843908891458577415e+01,1.969771560359220786e+01,1.802775637731994607e+01,3.140063693621516450e+01,3.679673898594819548e+01,3.624913792078371699e+01,4.244997055358224713e+01,2.803568671503048115e+00
2.416609194718914466e+01,1.910497317454279909e+01,1.969771560359220786e+01,1.802775637731994607e+01,3.140063693621516450e+01,3.679673898594819548e+01,3.624913792078371699e+01,4.244997055358224713e+01,2.812133772541407950e+00
2.416609194718914466e+01,1.910497317454279909e+01,1.969771560359220786e+01,1.802775637731994607e+01,3.140063693621516450e+01,3.679673898594819548e+01,3.624913792078371699e+01,4.244997055358224713e+01,2.812133772541407950e+00
2.459674775249768786e+01,1.838477631085023489e+01,2.061552812808830382e+01,1.772004514666934938e+01,3.140063693621516450e+01,3.753664875824691904e+01,3.624913792078371699e+01,4.172529209005013229e+01,2.812133772541407950e+00
2.416609194718914466e+01,1.838477631085023489e+01,1.969771560359220786e+01,1.772004514666934938e+01,3.140063693621516450e+01,3.753664875824691904e+01,3.624913792078371699e+01,4.172529209005013229e+01,2.812133772541407950e+00
2.416609194718914466e+01,1.838477631085023489e+01,1.969771560359220786e+01,1.772004514666934938e+01,3.140063693621516450e+01,3.679673898594819548e+01,3.624913792078371699e+01,4.244997055358224713e+01,2.812133772541407950e+00
2.416609194718914466e+01,1.838477631085023489e+01,1.969771560359220786e+01,1.772004514666934938e+01,3.201562118716424266e+01,3.679673898594819548e+01,3.667424164178449786e+01,4.244997055358224713e+01,2.812133772541407950e+00
2.325940669922601600e+01,1.702938636592640265e+01,1.969771560359220786e+01,1.868154169226940553e+01,3.061045573002793319e+01,3.679673898594819548e+01,3.716180835212409050e+01,4.244997055358224713e+01,2.803568671503048115e+00
2.507987240796890660e+01,1.838477631085023489e+01,1.969771560359220786e+01,1.868154169226940553e+01,3.061045573002793319e+01,3.606937759374286401e+01,3.624913792078371699e+01,4.244997055358224713e+01,2.818977795173278178e+00
2.459674775249768786e+01,1.838477631085023489e+01,2.061552812808830382e+01,1.772004514666934938e+01,3.140063693621516450e+01,3.679673898594819548e+01,3.624913792078371699e+01,4.244997055358224713e+01,2.812133772541407950e+00
2.416609194718914466e+01,1.910497317454279909e+01,1.969771560359220786e+01,1.802775637731994607e+01,3.140063693621516450e+01,3.679673898594819548e+01,3.624913792078371699e+01,4.244997055358224713e+01,2.812133772541407950e+00
2.416609194718914466e+01,1.838477631085023489e+01,1.969771560359220786e+01,1.772004514666934938e+01,3.140063693621516450e+01,3.679673898594819548e+01,3.624913792078371699e+01,4.244997055358224713e+01,2.812133772541407950e+00
2.370653918225939449e+01,1.769180601295413169e+01,2.061552812808830382e+01,1.772004514666934938e+01,3.140063693621516450e+01,3.679673898594819548e+01,3.624913792078371699e+01,4.244997055358224713e+01,2.803568671503048115e+00
2.459674775249768786e+01,1.838477631085023489e+01,2.061552812808830382e+01,1.772004514666934938e+01,3.140063693621516450e+01,3.679673898594819548e+01,3.624913792078371699e+01,4.244997055358224713e+01,2.812133772541407950e+00
2.505992817228333536e+01,1.769180601295413169e+01,1.969771560359220786e+01,1.802775637731994607e+01,3.080584360149872580e+01,3.748332962798262713e+01,3.624913792078371699e+01,4.244997055358224713e+01,2.892519009257482399e+00
2.459674775249768786e+01,1.838477631085023489e+01,1.969771560359220786e+01,1.802775637731994607e+01,3.140063693621516450e+01,3.748332962798262713e+01,3.667424164178449786e+01,4.244997055358224713e+01,2.860682635830368081e+00
2.459674775249768786e+01,1.838477631085023489e+01,1.969771560359220786e+01,1.802775637731994607e+01,3.140063693621516450e+01,3.748332962798262713e+01,3.667424164178449786e+01,4.244997055358224713e+01,2.860682635830368081e+00
2.418677324489564739e+01,1.769180601295413169e+01,2.012461179749810825e+01,1.802775637731994607e+01,3.140063693621516450e+01,3.748332962798262713e+01,3.667424164178449786e+01,4.244997055358224713e+01,2.892519009257482399e+00
2.505992817228333536e+01,1.769180601295413169e+01,1.969771560359220786e+01,1.802775637731994607e+01,3.140063693621516450e+01,3.748332962798262713e+01,3.667424164178449786e+01,4.244997055358224713e+01,2.892519009257482399e+00
2.332380757938120297e+01,1.697056274847713908e+01,2.012461179749810825e+01,1.802775637731994607e+01,3.140063693621516450e+01,3.748332962798262713e+01,3.667424164178449786e+01,4.244997055358224713e+01,2.885896589514814536e+00
2.505992817228333536e+01,1.769180601295413169e+01,1.969771560359220786e+01,1.802775637731994607e+01,3.140063693621516450e+01,3.748332962798262713e+01,3.667424164178449786e+01,4.244997055358224713e+01,2.892519009257482399e+00
2.418677324489564739e+01,1.769180601295413169e+01,2.012461179749810825e+01,1.802775637731994607e+01,3.140063693621516450e+01,3.748332962798262713e+01,3.667424164178449786e+01,4.244997055358224713e+01,2.892519009257482399e+00
2.505992817228333536e+01,1.769180601295413169e+01,1.969771560359220786e+01,1.802775637731994607e+01,3.140063693621516450e+01,3.748332962798262713e+01,3.667424164178449786e+01,4.244997055358224713e+01,2.892519009257482399e+00
2.505992817228333536e+01,1.769180601295413169e+01,1.969771560359220786e+01,1.802775637731994607e+01,3.140063693621516450e+01,3.748332962798262713e+01,3.667424164178449786e+01,4.244997055358224713e+01,2.892519009257482399e+00
2.418677324489564739e+01,1.697056274847713908e+01,1.969771560359220786e+01,1.802775637731994607e+01,3.140063693621516450e+01,3.748332962798262713e+01,3.667424164178449786e+01,4.244997055358224713e+01,2.885896589514814536e+00
2.385372088375312671e+01,1.697056274847713908e+01,2.102379604162863913e+01,1.802775637731994607e+01,3.140063693621516450e+01,3.748332962798262713e+01,3.667424164178449786e+01,4.244997055358224713e+01,2.885896589514814536e+00
2.332380757938120297e+01,1.697056274847713908e+01,2.012461179749810825e+01,1.802775637731994607e+01,3.140063693621516450e+01,3.748332962798262713e+01,3.667424164178449786e+01,4.244997055358224713e+01,2.885896589514814536e+00
2.469817807045693669e+01,1.769180601295413169e+01,2.102379604162863913e+01,1.802775637731994607e+01,3.140063693621516450e+01,3.748332962798262713e+01,3.667424164178449786e+01,4.244997055358224713e+01,2.892519009257482399e+00
2.469817807045693669e+01,1.769180601295413169e+01,2.102379604162863913e+01,1.802775637731994607e+01,3.140063693621516450e+01,3.748332962798262713e+01,3.667424164178449786e+01,4.244997055358224713e+01,2.892519009257482399e+00
2.332380757938120297e+01,1.697056274847713908e+01,2.012461179749810825e+01,1.802775637731994607e+01,3.140063693621516450e+01,3.748332962798262713e+01,3.667424164178449786e+01,4.244997055358224713e+01,2.885896589514814536e+00
2.469817807045693669e+01,1.769180601295413169e+01,2.102379604162863913e+01,1.802775637731994607e+01,3.140063693621516450e+01,3.748332962798262713e+01,3.667424164178449786e+01,4.244997055358224713e+01,2.892519009257482399e+00
2.441311123146740414e+01,1.627882059609970611e+01,2.061552812808830382e+01,1.708800749063506075e+01,3.220248437620923454e+01,3.820994634908559817e+01,3.667424164178449786e+01,4.244997055358224713e+01,2.914080093461534737e+00
2.332380757938120297e+01,1.697056274847713908e+01,2.012461179749810825e+01,1.802775637731994607e+01,3.140063693621516450e+01,3.748332962798262713e+01,3.667424164178449786e+01,4.244997055358224713e+01,2.885896589514814536e+00
2.385372088375312671e+01,1.697056274847713908e+01,2.102379604162863913e+01,1.802775637731994607e+01,3.140063693621516450e+01,3.748332962798262713e+01,3.667424164178449786e+01,4.244997055358224713e+01,2.885896589514814536e+00
2.505992817228333536e+01,1.769180601295413169e+01,1.969771560359220786e+01,1.802775637731994607e+01,3.140063693621516450e+01,3.748332962798262713e+01,3.667424164178449786e+01,4.244997055358224713e+01,2.892519009257482399e+00
2.385372088375312671e+01,1.697056274847713908e+01,2.102379604162863913e+01,1.802775637731994607e+01,3.140063693621516450e+01,3.748332962798262713e+01,3.667424164178449786e+01,4.244997055358224713e+01,2.885896589514814536e+00
2.385372088375312671e+01,1.697056274847713908e+01,2.102379604162863913e+01,1.802775637731994607e+01,3.140063693621516450e+01,3.820994634908559817e+01,3.667424164178449786e+01,4.172529209005013229e+01,2.885896589514814536e+00
2.385372088375312671e+01,1.697056274847713908e+01,2.102379604162863913e+01,1.802775637731994607e+01,3.140063693621516450e+01,3.820994634908559817e+01,3.667424164178449786e+01,4.172529209005013229e+01,2.885896589514814536e+00
2.385372088375312671e+01,1.697056274847713908e+01,2.102379604162863913e+01,1.802775637731994607e+01,3.140063693621516450e+01,3.748332962798262713e+01,3.667424164178449786e+01,4.244997055358224713e+01,2.885896589514814536e+00
2.360084744241189370e+01,1.627882059609970611e+01,2.102379604162863913e+01,1.708800749063506075e+01,3.220248437620923454e+01,3.894868418830089496e+01,3.667424164178449786e+01,4.172529209005013229e+01,2.914080093461534737e+00
2.441311123146740414e+01,1.627882059609970611e+01,2.061552812808830382e+01,1.708800749063506075e+01,3.220248437620923454e+01,3.820994634908559817e+01,3.667424164178449786e+01,4.244997055358224713e+01,2.914080093461534737e+00
2.385372088375312671e+01,1.627882059609970611e+01,2.061552812808830382e+01,1.802775637731994607e+01,3.220248437620923454e+01,3.820994634908559817e+01,3.667424164178449786e+01,4.244997055358224713e+01,2.879695616308824757e+00
2.385372088375312671e+01,1.627882059609970611e+01,2.061552812808830382e+01,1.802775637731994607e+01,3.220248437620923454e+01,3.894868418830089496e+01,3.667424164178449786e+01,4.172529209005013229e+01,2.879695616308824757e+00
2.385372088375312671e+01,1.627882059609970611e+01,2.061552812808830382e+01,1.802775637731994607e+01,3.220248437620923454e+01,3.820994634908559817e+01,3.667424164178449786e+01,4.244997055358224713e+01,2.879695616308824757e+00
2.385372088375312671e+01,1.627882059609970611e+01,2.061552812808830382e+01,1.802775637731994607e+01,3.220248437620923454e+01,3.820994634908559817e+01,3.667424164178449786e+01,4.244997055358224713e+01,2.879695616308824757e+00
2.385372088375312671e+01,1.627882059609970611e+01,2.061552812808830382e+01,1.802775637731994607e+01,3.220248437620923454e+01,3.820994634908559817e+01,3.667424164178449786e+01,4.244997055358224713e+01,2.879695616308824757e+00
2.140093455903269515e+01,1.500000000000000000e+01,2.102379604162863913e+01,1.802775637731994607e+01,3.220248437620923454e+01,3.820994634908559817e+01,3.667424164178449786e+01,4.244997055358224713e+01,2.863990101477685624e+00
2.262741699796952233e+01,1.345362404707370985e+01,2.147091055358388800e+01,1.838477631085023489e+01,3.244996147917590434e+01,3.889730067755344578e+01,3.577708763999663688e+01,4.244997055358224713e+01,2.992830718268776558e+00
2.262741699796952233e+01,1.414213562373095101e+01,2.147091055358388800e+01,1.746424919657297892e+01,3.244996147917590434e+01,3.889730067755344578e+01,3.577708763999663688e+01,4.244997055358224713e+01,2.992830718268776558e+00
2.334523505985750447e+01,1.562049935181330795e+01,2.109502310972898798e+01,1.749285568453590045e+01,3.275667870831839679e+01,3.889730067755344578e+01,3.488552708502481892e+01,4.177319714841084419e+01,3.087625007909458485e+00
2.545584412271571040e+01,1.664331697709323876e+01,2.109502310972898798e+01,1.749285568453590045e+01,3.244996147917590434e+01,3.818376618407356915e+01,3.535533905932737753e+01,4.177319714841084419e+01,3.124352982395263378e+00
2.780287754891568852e+01,1.868154169226940553e+01,2.121320343559642652e+01,1.843908891458577415e+01,3.138470965295043058e+01,3.820994634908559817e+01,3.400000000000000000e+01,4.177319714841084419e+01,3.356950353287531108e+00
3.138470965295043058e+01,2.002498439450078749e+01,2.140093455903269515e+01,1.838477631085023489e+01,3.106444913401813324e+01,3.679673898594819548e+01,3.361547262794321966e+01,4.036087214122112954e+01,3.542821452594641762e+00
3.301514803843835466e+01,2.418677324489564739e+01,2.024845673131658685e+01,1.769180601295413169e+01,3.140063693621516450e+01,3.535533905932737753e+01,3.448187929913333249e+01,4.036087214122112954e+01,3.523469362150001949e+00
3.466987164671942878e+01,2.745906043549196340e+01,2.282542442102665348e+01,1.769180601295413169e+01,3.061045573002793319e+01,3.394112549695427816e+01,3.535533905932737753e+01,4.045985664828781836e+01,3.537652808141310778e+00
3.744329045369811126e+01,2.863564212655270680e+01,2.247220505424423109e+01,1.769180601295413169e+01,2.973213749463701205e+01,3.182766092567909766e+01,3.623534186398687496e+01,3.982461550347975532e+01,3.529542484763814603e+00
3.689173349139343117e+01,2.961418578992169515e+01,2.282542442102665348e+01,1.780449381476485726e+01,2.906888370749726747e+01,3.255764119219941222e+01,3.577708763999663688e+01,3.905124837953326988e+01,3.549741757344882398e+00
3.661966684720110976e+01,2.844292530665578411e+01,2.163330765278393741e+01,1.702938636592640265e+01,2.906888370749726747e+01,3.255764119219941222e+01,3.667424164178449786e+01,3.982461550347975532e+01,3.519508972919600076e+00
3.500000000000000000e+01,2.707397274136176790e+01,2.280350850198275836e+01,1.697056274847713908e+01,2.831960451701259274e+01,3.189043743820394994e+01,3.757658845611187104e+01,3.920459156782531807e+01,3.431748512967088161e+00
3.471310991541956525e+01,2.800000000000000000e+01,2.202271554554523902e+01,1.697056274847713908e+01,2.920616373302046753e+01,3.255764119219941222e+01,3.577708763999663688e+01,3.920459156782531807e+01,3.396701827048639988e+00
3.606937759374286401e+01,2.901723625709381693e+01,2.051828452868319275e+01,1.702938636592640265e+01,3.080584360149872580e+01,3.546829570193639825e+01,3.757658845611187104e+01,4.060788100849390503e+01,3.399164118163542803e+00
3.606937759374286401e+01,3.001666203960726875e+01,2.126029162546929996e+01,1.702938636592640265e+01,3.140063693621516450e+01,3.482814953453599571e+01,3.757658845611187104e+01,4.060788100849390503e+01,3.375519388054283532e+00
3.538361202590826338e+01,3.001666203960726875e+01,2.126029162546929996e+01,1.640121946685672683e+01,3.140063693621516450e+01,3.482814953453599571e+01,3.757658845611187104e+01,4.060788100849390503e+01,3.382245744009438670e+00
3.612478373637688378e+01,3.101612483854164637e+01,2.140093455903269515e+01,1.640121946685672683e+01,3.140063693621516450e+01,3.482814953453599571e+01,3.757658845611187104e+01,4.060788100849390503e+01,3.419838644371910874e+00
3.716180835212409050e+01,3.008321791298264714e+01,2.600000000000000000e+01,1.886796226411320632e+01,3.047950130825634218e+01,3.061045573002793319e+01,3.667424164178449786e+01,3.940812099047606409e+01,3.621940171333049463e+00
3.733630940518894192e+01,3.417601498127012150e+01,2.596150997149434048e+01,1.708800749063506075e+01,3.330165161069342616e+01,3.138470965295043058e+01,3.716180835212409050e+01,3.940812099047606409e+01,3.658527360561012909e+00
3.984971769034255118e+01,3.312099032335839155e+01,2.617250465660480074e+01,2.102379604162863913e+01,4.177319714841084419e+01,3.807886552931954327e+01,4.052159917870962147e+01,4.201190307520000999e+01,3.647673280218042269e+00
3.785498646149540036e+01,3.023243291566194912e+01,2.807133769523639799e+01,2.459674775249768786e+01,4.386342439892261780e+01,4.019950248448355978e+01,4.110960958218893069e+01,4.527692569068708650e+01,3.612710081431865561e+00
3.667424164178449786e+01,2.884441020371191300e+01,2.630589287593181069e+01,2.563201123595259290e+01,4.738143096192853676e+01,4.300000000000000000e+01,3.905124837953326988e+01,4.318564576337836769e+01,3.604364606071852606e+00
3.785498646149540036e+01,3.106444913401813324e+01,2.630589287593181069e+01,2.529822128134703618e+01,4.738143096192853676e+01,4.401136216933077350e+01,3.800000000000000000e+01,4.263801121065568367e+01,3.573450740705850670e+00
3.883297567789519888e+01,3.301514803843835466e+01,2.716615541441224835e+01,2.340939982143925135e+01,4.140048308896890461e+01,4.204759208325727826e+01,4.210700654285459876e+01,4.220189569201838253e+01,3.512723880771574159e+00
3.667424164178449786e+01,3.162277660168379256e+01,2.716615541441224835e+01,2.247220505424423109e+01,4.081666326391709987e+01,4.570557952810575841e+01,4.414748010928823163e+01,4.159326868617084472e+01,3.382556958412503700e+00
2.607680962081059661e+01,2.088061301782110135e+01,2.630589287593181069e+01,2.529822128134703618e+01,4.500000000000000000e+01,4.981967482832460092e+01,4.393176527297759293e+01,4.167733196834941367e+01,3.390122438153122530e+00
2.400000000000000000e+01,1.802775637731994607e+01,2.707397274136176790e+01,2.657066051117284644e+01,4.280186911806539030e+01,4.751841748206688720e+01,4.317406628984580408e+01,4.254409477236529824e+01,3.333820300790868885e+00
2.308679276123039159e+01,1.700000000000000000e+01,2.600000000000000000e+01,2.549509756796392423e+01,4.301162633521313694e+01,4.767598976424086743e+01,4.197618372363071160e+01,4.070626487409523975e+01,3.241261306080955418e+00
2.531797780234432693e+01,1.902629759044044633e+01,2.600000000000000000e+01,2.640075756488817049e+01,4.341658669218482203e+01,4.949747468305832854e+01,4.295346318982905842e+01,4.118252056394800320e+01,3.279035394668991188e+00
2.507987240796890660e+01,1.702938636592640265e+01,2.601922366251537611e+01,2.731300056749532601e+01,4.622769732530488085e+01,4.964876634922563881e+01,4.197618372363071160e+01,4.254409477236529824e+01,3.318633221279684520e+00
2.601922366251537611e+01,1.711724276862369010e+01,2.701851217221259205e+01,2.731300056749532601e+01,4.801041553663121420e+01,4.866210024238575471e+01,4.275511665286389729e+01,4.477722635447621968e+01,3.317518936547141806e+00
2.647640458974745314e+01,1.941648783894759944e+01,2.607680962081059661e+01,2.683281572999747766e+01,4.780167361086847677e+01,4.767598976424086743e+01,4.229657196511320194e+01,4.243819034784588951e+01,3.331635404772983033e+00
2.906888370749726747e+01,2.154065922853801496e+01,2.807133769523639799e+01,2.507987240796890660e+01,4.981967482832460092e+01,4.883646178829911833e+01,4.143669871020131978e+01,4.326661530556787483e+01,3.384783475951684384e+00
2.370653918225939449e+01,1.252996408614166768e+01,3.008321791298264714e+01,2.668332812825266842e+01,4.981967482832460092e+01,4.883646178829911833e+01,4.031128874149274566e+01,4.188078318274384770e+01,3.669262802190388584e+00
2.408318915758459156e+01,1.421267040355189515e+01,3.312099032335839155e+01,2.507987240796890660e+01,4.743416490252568707e+01,4.393176527297759293e+01,4.031128874149274566e+01,4.243819034784588951e+01,3.766105231799190101e+00
2.475883680627989492e+01,1.555634918610404505e+01,3.448187929913333249e+01,2.302172886644267535e+01,4.360045871318327926e+01,4.210700654285459876e+01,4.019950248448355978e+01,4.326661530556787483e+01,3.839388174291383571e+00
2.193171219946130890e+01,1.500000000000000000e+01,3.413209633175202384e+01,2.402082429892862692e+01,4.161730409336962566e+01,4.104875150354758517e+01,4.101219330881975367e+01,4.080441152620633005e+01,3.843176788609151018e+00
3.201562118716424266e+01,2.500000000000000000e+01,3.162277660168379256e+01,1.902629759044044633e+01,3.689173349139343117e+01,3.512833614050059339e+01,3.905124837953326988e+01,4.000000000000000000e+01,4.116904250404534338e+00
3.720215047547655018e+01,2.886173937932362321e+01,3.106444913401813324e+01,1.923538406167134340e+01,3.466987164671942878e+01,3.436568055487916240e+01,3.911521443121588959e+01,3.920459156782531807e+01,4.206067980047164312e+00
3.860051813123756403e+01,3.041381265149109936e+01,3.000000000000000000e+01,1.941648783894759944e+01,3.413209633175202384e+01,3.337663853655727308e+01,3.920459156782531807e+01,3.841874542459709119e+01,4.278653245158824170e+00
3.820994634908559817e+01,3.313608305156178346e+01,3.324154027718932269e+01,1.868154169226940553e+01,3.522782990761707111e+01,3.436568055487916240e+01,3.811823710509183627e+01,3.920459156782531807e+01,4.330165375423939977e+00
3.889730067755344578e+01,3.206243908376279705e+01,3.182766092567909766e+01,1.897366596101027625e+01,3.551056180912940619e+01,3.405877273185280529e+01,3.905124837953326988e+01,3.841874542459709119e+01,4.342459353027088298e+00
3.440930106817050671e+01,2.901723625709381693e+01,2.952964612046680060e+01,2.140093455903269515e+01,3.535533905932737753e+01,3.601388621073821383e+01,3.901281840626231912e+01,3.689173349139343117e+01,4.516020641539711278e+00
2.968164415931165934e+01,2.700000000000000000e+01,2.640075756488817049e+01,1.910497317454279909e+01,3.640054944640259293e+01,3.721558813185679071e+01,4.001249804748510996e+01,3.453983207834108526e+01,4.425040746794660862e+00
3.264965543462901820e+01,2.863564212655270680e+01,2.863564212655270680e+01,2.267156809750926882e+01,3.569313659514949677e+01,3.748332962798262713e+01,4.119465984809195902e+01,3.478505426185217431e+01,4.521236023796202375e+00
3.008321791298264714e+01,2.751363298439520833e+01,2.600000000000000000e+01,2.154065922853801496e+01,4.016217125604640614e+01,3.465544690232691494e+01,3.522782990761707111e+01,3.517101079013794873e+01,4.116959238803490351e+00
2.983286778035259701e+01,2.954657340538831534e+01,2.500000000000000000e+01,2.433105012119287736e+01,3.000000000000000000e+01,3.534119409414458346e+01,4.162931659299729859e+01,3.255764119219941222e+01,3.877124612654362146e+00
2.729468812791236232e+01,2.865309756378880479e+01,2.600000000000000000e+01,2.319482700948640286e+01,2.879236009777593708e+01,3.352610922848042208e+01,4.220189569201838253e+01,3.301514803843835466e+01,3.742826999060949067e+00
2.376972864800942631e+01,2.483948469674844262e+01,2.441311123146740414e+01,2.158703314492290204e+01,3.006659275674581622e+01,3.101612483854164637e+01,4.100000000000000000e+01,3.324154027718932269e+01,3.741496273203985368e+00
1.941648783894759944e+01,1.910497317454279909e+01,2.193171219946130890e+01,2.147091055358388800e+01,3.413209633175202384e+01,3.201562118716424266e+01,3.945883931389771959e+01,3.238826948140329165e+01,3.750052760829538201e+00
2.121320343559642652e+01,2.302172886644267535e+01,2.236067977499789805e+01,2.408318915758459156e+01,3.733630940518894192e+01,3.264965543462901820e+01,4.148493702538308270e+01,3.354101966249684352e+01,2.369661689439714003e+00
2.061552812808830382e+01,2.109502310972898798e+01,1.923538406167134340e+01,2.163330765278393741e+01,4.280186911806539030e+01,3.580502757993631491e+01,4.263801121065568367e+01,3.492849839314595783e+01,2.798106392351358274e+00
1.780449381476485726e+01,2.024845673131658685e+01,1.772004514666934938e+01,2.282542442102665348e+01,4.140048308896890461e+01,3.623534186398687496e+01,4.000000000000000000e+01,3.606937759374286401e+01,2.987196249966267647e+00
1.581138830084189628e+01,1.788854381999831844e+01,1.811077027627483460e+01,2.213594362117865444e+01,4.201190307520000999e+01,3.453983207834108526e+01,3.827531841800927737e+01,3.606937759374286401e+01,2.831159320123314060e+00
1.802775637731994607e+01,1.941648783894759944e+01,1.902629759044044633e+01,2.280350850198275836e+01,4.382921400162225467e+01,3.687817782917154830e+01,3.891015291668743714e+01,3.612478373637688378e+01,2.824245920014719413e+00
1.931320791582796659e+01,2.137755832643194864e+01,1.900000000000000000e+01,2.256102834535695578e+01,4.604345773288535071e+01,3.733630940518894192e+01,3.900000000000000000e+01,3.753664875824691904e+01,2.891278852031505142e+00
1.920937271229854559e+01,2.404163056034261459e+01,2.100000000000000000e+01,2.416609194718914466e+01,4.632493928760187885e+01,3.805259518088089266e+01,4.176122603564220270e+01,3.962322551231790158e+01,3.108663384422941434e+00
1.769180601295413169e+01,2.376972864800942631e+01,2.100000000000000000e+01,2.459674775249768786e+01,4.604345773288535071e+01,3.805259518088089266e+01,4.052159917870962147e+01,3.962322551231790158e+01,3.160020054693860381e+00
1.421267040355189515e+01,2.334523505985750447e+01,1.843908891458577415e+01,2.418677324489564739e+01,4.188078318274384770e+01,3.551056180912940619e+01,4.080441152620633005e+01,3.962322551231790158e+01,3.326088304161192166e+00
1.555634918610404505e+01,2.202271554554523902e+01,1.868154169226940553e+01,2.332380757938120297e+01,4.049691346263317371e+01,3.471310991541956525e+01,3.956008088970496317e+01,3.969886648255841521e+01,3.303631189844662863e+00
1.627882059609970611e+01,2.140093455903269515e+01,1.964688270438849926e+01,2.385372088375312671e+01,4.161730409336962566e+01,3.667424164178449786e+01,4.052159917870962147e+01,4.036087214122112954e+01,3.262405608557943815e+00
1.697056274847713908e+01,2.163330765278393741e+01,1.923538406167134340e+01,2.469817807045693669e+01,4.280186911806539030e+01,3.748332962798262713e+01,3.956008088970496317e+01,3.962322551231790158e+01,3.204039878327310742e+00
2.000000000000000000e+01,2.505992817228333536e+01,1.923538406167134340e+01,2.469817807045693669e+01,4.280186911806539030e+01,3.748332962798262713e+01,4.052159917870962147e+01,4.031128874149274566e+01,3.229999801341369103e+00
2.280350850198275836e+01,2.657066051117284644e+01,2.009975124224177989e+01,2.469817807045693669e+01,4.263801121065568367e+01,3.847076812334268681e+01,4.026164427839479032e+01,4.031128874149274566e+01,3.171038163499952489e+00
2.765863337187866122e+01,3.041381265149109936e+01,2.102379604162863913e+01,2.505992817228333536e+01,4.360045871318327926e+01,3.820994634908559817e+01,4.079215610874227593e+01,4.177319714841084419e+01,3.145306656940045631e+00
3.023243291566194912e+01,3.101612483854164637e+01,2.200000000000000000e+01,2.529822128134703618e+01,4.780167361086847677e+01,4.204759208325727826e+01,4.019950248448355978e+01,4.186884283091664116e+01,3.029385910909047297e+00
2.555386467836127551e+01,2.701851217221259205e+01,2.220360331117451835e+01,2.720294101747088789e+01,5.103920062069938268e+01,4.440720662234903671e+01,4.318564576337836769e+01,4.252058325093859992e+01,3.006965260904440385e+00
1.802775637731994607e+01,2.002498439450078749e+01,2.376972864800942631e+01,2.531797780234432693e+01,5.556977595779921586e+01,4.632493928760187885e+01,4.104875150354758517e+01,4.243819034784588951e+01,2.944197093739912230e+00
1.772004514666934938e+01,1.726267650163206824e+01,2.332380757938120297e+01,2.607680962081059661e+01,5.331041174104736058e+01,4.477722635447621968e+01,4.019950248448355978e+01,4.031128874149274566e+01,2.763479289927561311e+00
1.772004514666934938e+01,1.772004514666934938e+01,2.109502310972898798e+01,2.334523505985750447e+01,5.263078946776306566e+01,4.750789408087881327e+01,4.205948168962618183e+01,4.176122603564220270e+01,2.884606246885838221e+00
1.640121946685672683e+01,1.627882059609970611e+01,2.343074902771996193e+01,2.624880949681337583e+01,4.916299421312741913e+01,5.122499389946278825e+01,4.441846462902562109e+01,4.004996878900157498e+01,2.891817864168545249e+00
1.486606874731850603e+01,1.964688270438849926e+01,2.360084744241189370e+01,2.353720459187963954e+01,5.408326913195983821e+01,5.020956084253276686e+01,4.465422712353221613e+01,4.328972164382672361e+01,3.136542191480720554e+00
1.581138830084189628e+01,2.039607805437113797e+01,2.523885892824792521e+01,2.531797780234432693e+01,5.842088667591411877e+01,5.234500931320960149e+01,4.477722635447621968e+01,4.472135954999579610e+01,3.123924335254535833e+00
1.702938636592640265e+01,2.418677324489564739e+01,2.641968962724581260e+01,2.707397274136176790e+01,6.152235366108809700e+01,5.738466694161429160e+01,4.022437072223753063e+01,4.110960958218893069e+01,3.320262965498780972e+00
1.711724276862369010e+01,2.236067977499789805e+01,2.435159132377184221e+01,2.915475947422650194e+01,6.378871373526824584e+01,6.152235366108809700e+01,3.758989225842500304e+01,3.721558813185679071e+01,3.386571316716657343e+00
1.824828759089465890e+01,2.334523505985750447e+01,2.459674775249768786e+01,3.306055050963308162e+01,6.428841264178171855e+01,6.224146527838173881e+01,3.712142238654116966e+01,3.634556369077249371e+01,3.288783590471369589e+00
1.868154169226940553e+01,2.418677324489564739e+01,2.370653918225939449e+01,3.206243908376279705e+01,6.580273550544841044e+01,6.506919393998975920e+01,3.801315561749642313e+01,3.551056180912940619e+01,3.287386922562083313e+00
1.503329637837290811e+01,2.088061301782110135e+01,2.416609194718914466e+01,3.114482300479487265e+01,5.990826320300063657e+01,6.511528238439882443e+01,4.070626487409523975e+01,3.313608305156178346e+01,3.300348628317083310e+00
1.220655561573370207e+01,1.612451549659709826e+01,2.773084924772409465e+01,3.026549190084311292e+01,6.236184731067545783e+01,6.660330322138685233e+01,3.981205847478876336e+01,3.313608305156178346e+01,3.224483854229537982e+00
1.063014581273464998e+01,1.702938636592640265e+01,2.731300056749532601e+01,3.041381265149109936e+01,6.008327554319920694e+01,6.103277807866851390e+01,3.716180835212409050e+01,3.712142238654116966e+01,3.265417566023468332e+00
1.280624847486569706e+01,1.562049935181330795e+01,2.720294101747088789e+01,2.863564212655270680e+01,5.608029957123981291e+01,5.770615218501403376e+01,3.668787265568828104e+01,3.634556369077249371e+01,3.200348476305515888e+00
1.204159457879229578e+01,1.627882059609970611e+01,2.789265136196270589e+01,2.789265136196270589e+01,5.738466694161429160e+01,5.905929224093360119e+01,3.736308338453881106e+01,3.551056180912940619e+01,3.273551359160144614e+00
1.063014581273464998e+01,1.697056274847713908e+01,2.785677655436823841e+01,3.080584360149872580e+01,5.909314681077663067e+01,6.082762530298219872e+01,3.807886552931954327e+01,3.569313659514949677e+01,3.184740736620694346e+00
1.140175425099137918e+01,1.720465053408525335e+01,2.915475947422650194e+01,3.059411708155671050e+01,6.000833275470998984e+01,6.041522986797286165e+01,3.807886552931954327e+01,3.590264614203248072e+01,3.165588047181663089e+00
1.264911064067351809e+01,1.788854381999831844e+01,2.863564212655270680e+01,3.255764119219941222e+01,6.203224967708329274e+01,6.158733636065128536e+01,3.860051813123756403e+01,3.667424164178449786e+01,3.176108392029804772e+00
1.603121954188139853e+01,2.137755832643194864e+01,2.823118842698620767e+01,3.157530680769388809e+01,6.356886030125127007e+01,6.185466837676845842e+01,3.860051813123756403e+01,3.667424164178449786e+01,3.242028765638643950e+00
1.702938636592640265e+01,2.109502310972898798e+01,2.773084924772409465e+01,3.140063693621516450e+01,6.612866246946175863e+01,6.463745044476924306e+01,3.860051813123756403e+01,3.667424164178449786e+01,3.184536048641318118e+00
1.902629759044044633e+01,2.402082429892862692e+01,2.863564212655270680e+01,3.214031735997639316e+01,6.989277502002620679e+01,6.560487786742690730e+01,3.736308338453881106e+01,3.667424164178449786e+01,3.198002735611270797e+00
1.603121954188139853e+01,2.353720459187963954e+01,2.773084924772409465e+01,3.313608305156178346e+01,7.051950084905593030e+01,6.684309986827361172e+01,3.860051813123756403e+01,3.667424164178449786e+01,3.242379635575330266e+00
1.360147050873544394e+01,1.772004514666934938e+01,3.001666203960726875e+01,3.101612483854164637e+01,6.609841147864295863e+01,6.341135544995076145e+01,3.889730067755344578e+01,3.667424164178449786e+01,3.097266867782815680e+00
1.252996408614166768e+01,1.581138830084189628e+01,3.140063693621516450e+01,3.001666203960726875e+01,6.198386886924694039e+01,6.161168720299745161e+01,3.827531841800927737e+01,3.634556369077249371e+01,2.999750074117677912e+00
1.389244398944980396e+01,1.360147050873544394e+01,3.124099870362661591e+01,3.101612483854164637e+01,6.264183905346330050e+01,6.060528029800703820e+01,3.827531841800927737e+01,3.649657518178931781e+01,2.922923707715851194e+00
1.252996408614166768e+01,1.552417469626002422e+01,3.114482300479487265e+01,3.114482300479487265e+01,6.236184731067545783e+01,6.060528029800703820e+01,3.794733192202055250e+01,3.535533905932737753e+01,2.925264181392513763e+00
1.300000000000000000e+01,1.581138830084189628e+01,3.114482300479487265e+01,3.125699921617556853e+01,6.140032573203500732e+01,6.000000000000000000e+01,3.827531841800927737e+01,3.634556369077249371e+01,2.907280508847258638e+00
1.170469991071962568e+01,1.581138830084189628e+01,3.255764119219941222e+01,3.106444913401813324e+01,5.977457653551382322e+01,6.021627686929839030e+01,4.085339643163099055e+01,3.765634076752546378e+01,2.944197093739912674e+00
1.300000000000000000e+01,1.486606874731850603e+01,3.189043743820394994e+01,3.106444913401813324e+01,5.977457653551382322e+01,5.964059020499377795e+01,4.143669871020131978e+01,3.785498646149540036e+01,2.897544222752748588e+00
1.140175425099137918e+01,1.456021977856103611e+01,3.330165161069342616e+01,3.214031735997639316e+01,5.797413216254297907e+01,5.720139858430036384e+01,4.215447781671598193e+01,3.883297567789519888e+01,2.872425160804092936e+00
1.170469991071962568e+01,1.456021977856103611e+01,3.255764119219941222e+01,3.214031735997639316e+01,5.894064811316550134e+01,5.780138406647370175e+01,4.031128874149274566e+01,3.847076812334268681e+01,2.896973799748472356e+00
1.236931687685298087e+01,1.360147050873544394e+01,3.330165161069342616e+01,3.214031735997639316e+01,5.772347875864724642e+01,5.640035460881429685e+01,4.123105625617660763e+01,3.863935817272331263e+01,2.859131553771267598e+00
1.236931687685298087e+01,1.236931687685298087e+01,3.264965543462901820e+01,3.114482300479487265e+01,5.651548460377916427e+01,5.580322571321482172e+01,4.204759208325727826e+01,4.044749683231336945e+01,2.842784932748065874e+00
1.170469991071962568e+01,1.334166406412633421e+01,3.189043743820394994e+01,3.114482300479487265e+01,5.651548460377916427e+01,5.580322571321482172e+01,4.204759208325727826e+01,4.044749683231336945e+01,2.874810592563228351e+00
1.170469991071962568e+01,1.334166406412633421e+01,3.189043743820394994e+01,3.114482300479487265e+01,5.651548460377916427e+01,5.580322571321482172e+01,4.204759208325727826e+01,4.044749683231336945e+01,2.874810592563228351e+00
1.236931687685298087e+01,1.334166406412633421e+01,3.264965543462901820e+01,3.125699921617556853e+01,5.748912940721923803e+01,5.580322571321482172e+01,4.162931659299729859e+01,4.044749683231336945e+01,2.842784932748065874e+00
1.264911064067351809e+01,1.315294643796590535e+01,3.264965543462901820e+01,3.125699921617556853e+01,5.748912940721923803e+01,5.580322571321482172e+01,4.162931659299729859e+01,4.044749683231336945e+01,2.832706886502950105e+00
1.264911064067351809e+01,1.315294643796590535e+01,3.264965543462901820e+01,3.125699921617556853e+01,5.748912940721923803e+01,5.580322571321482172e+01,4.162931659299729859e+01,4.044749683231336945e+01,2.832706886502950105e+00
1.264911064067351809e+01,1.315294643796590535e+01,3.264965543462901820e+01,3.125699921617556853e+01,5.748912940721923803e+01,5.580322571321482172e+01,4.162931659299729859e+01,4.044749683231336945e+01,2.832706886502950105e+00
1.264911064067351809e+01,1.315294643796590535e+01,3.264965543462901820e+01,3.125699921617556853e+01,5.748912940721923803e+01,5.580322571321482172e+01,4.162931659299729859e+01,4.044749683231336945e+01,2.832706886502950105e+00
1.341640786499873883e+01,1.414213562373095101e+01,3.114482300479487265e+01,3.140063693621516450e+01,5.748912940721923803e+01,5.580322571321482172e+01,4.162931659299729859e+01,4.044749683231336945e+01,2.832706886502950105e+00
1.341640786499873883e+01,1.414213562373095101e+01,3.114482300479487265e+01,3.140063693621516450e+01,5.748912940721923803e+01,5.580322571321482172e+01,4.162931659299729859e+01,4.044749683231336945e+01,2.832706886502950105e+00
1.252996408614166768e+01,1.503329637837290811e+01,3.047950130825634218e+01,3.059411708155671050e+01,5.748912940721923803e+01,5.580322571321482172e+01,4.162931659299729859e+01,4.044749683231336945e+01,2.832706886502950105e+00
1.421267040355189515e+01,1.702938636592640265e+01,2.828427124746190202e+01,3.059411708155671050e+01,5.651548460377916427e+01,5.440588203494177577e+01,4.204759208325727826e+01,4.159326868617084472e+01,2.872765605638874398e+00
1.711724276862369010e+01,2.109502310972898798e+01,2.343074902771996193e+01,3.041381265149109936e+01,5.824946351684279477e+01,5.622277118748238678e+01,4.159326868617084472e+01,4.130375285612676350e+01,3.032573879884761237e+00
1.603121954188139853e+01,2.100000000000000000e+01,2.202271554554523902e+01,3.041381265149109936e+01,5.824946351684279477e+01,5.762811813689563678e+01,4.205948168962618183e+01,4.119465984809195902e+01,3.064820762320015213e+00
1.603121954188139853e+01,2.100000000000000000e+01,2.280350850198275836e+01,3.026549190084311292e+01,5.903388857258176614e+01,5.748912940721923803e+01,4.159326868617084472e+01,4.019950248448355978e+01,3.099710569472831967e+00
1.702938636592640265e+01,2.100000000000000000e+01,2.280350850198275836e+01,3.125699921617556853e+01,5.805170109479996654e+01,5.685068161420758059e+01,4.248529157249600274e+01,4.031128874149274566e+01,3.070530325073075772e+00
1.702938636592640265e+01,2.100000000000000000e+01,2.220360331117451835e+01,3.026549190084311292e+01,5.824946351684279477e+01,5.748912940721923803e+01,4.205948168962618183e+01,4.031128874149274566e+01,3.090412443525266006e+00
1.702938636592640265e+01,2.000000000000000000e+01,2.220360331117451835e+01,3.014962686336266984e+01,5.805170109479996654e+01,5.748912940721923803e+01,4.205948168962618183e+01,4.019950248448355978e+01,3.099710569472831967e+00
1.702938636592640265e+01,2.000000000000000000e+01,2.140093455903269515e+01,3.026549190084311292e+01,5.943904440685432178e+01,5.825804665451803288e+01,4.159326868617084472e+01,4.031128874149274566e+01,3.055631380225168670e+00
1.702938636592640265e+01,2.000000000000000000e+01,2.220360331117451835e+01,3.014962686336266984e+01,5.903388857258176614e+01,5.685068161420758059e+01,4.248529157249600274e+01,4.130375285612676350e+01,3.090412443525266006e+00
1.700000000000000000e+01,2.100000000000000000e+01,2.140093455903269515e+01,3.026549190084311292e+01,5.922837157984339029e+01,5.825804665451803288e+01,4.248529157249600274e+01,4.031128874149274566e+01,3.081223061430419463e+00
1.702938636592640265e+01,1.900000000000000000e+01,2.140093455903269515e+01,3.014962686336266984e+01,5.922837157984339029e+01,5.825804665451803288e+01,4.159326868617084472e+01,4.019950248448355978e+01,3.064820762320015213e+00
1.700000000000000000e+01,2.002498439450078749e+01,2.140093455903269515e+01,3.114482300479487265e+01,5.922837157984339029e+01,5.825804665451803288e+01,4.248529157249600274e+01,4.031128874149274566e+01,3.081223061430419463e+00
1.702938636592640265e+01,1.900000000000000000e+01,2.140093455903269515e+01,3.014962686336266984e+01,5.922837157984339029e+01,5.825804665451803288e+01,4.159326868617084472e+01,4.019950248448355978e+01,3.064820762320015213e+00
1.503329637837290811e+01,1.902629759044044633e+01,2.202271554554523902e+01,3.014962686336266984e+01,5.922837157984339029e+01,5.762811813689563678e+01,4.159326868617084472e+01,4.119465984809195902e+01,3.079029397545439917e+00
1.503329637837290811e+01,1.902629759044044633e+01,2.202271554554523902e+01,3.014962686336266984e+01,5.824946351684279477e+01,5.825804665451803288e+01,4.294182110716777601e+01,4.031128874149274566e+01,3.069840015450593373e+00
1.204159457879229578e+01,1.612451549659709826e+01,2.385372088375312671e+01,3.006659275674581622e+01,5.554277630799526122e+01,5.603570290448760005e+01,4.248529157249600274e+01,4.130375285612676350e+01,3.031133373822655130e+00
1.252996408614166768e+01,1.749285568453590045e+01,2.193171219946130890e+01,2.901723625709381693e+01,5.166236541235795698e+01,5.333854141237834767e+01,4.248529157249600274e+01,4.229657196511320194e+01,3.115810402191050876e+00
1.170469991071962568e+01,1.843908891458577415e+01,2.308679276123039159e+01,3.026549190084311292e+01,4.924428900898052319e+01,5.110772935672255102e+01,4.254409477236529824e+01,4.318564576337836769e+01,3.319188820873280932e+00
1.204159457879229578e+01,1.838477631085023489e+01,2.158703314492290204e+01,3.080584360149872580e+01,4.805205510693585325e+01,5.060632371551997721e+01,4.254409477236529824e+01,4.310452412450461424e+01,3.403115363329291210e+00
1.204159457879229578e+01,2.360084744241189370e+01,1.702938636592640265e+01,3.101612483854164637e+01,4.707440918375927907e+01,5.060632371551997721e+01,4.254409477236529824e+01,4.210700654285459876e+01,3.720155638216450456e+00
1.081665382639196871e+01,2.580697580112788003e+01,1.802775637731994607e+01,2.863564212655270680e+01,4.472135954999579610e+01,4.876474136094643796e+01,4.118252056394800320e+01,4.101219330881975367e+01,3.926990816987241395e+00
1.878829422805593552e+01,2.969848480983499428e+01,1.711724276862369010e+01,2.996664812754339380e+01,4.440720662234903671e+01,4.788527957525151635e+01,4.205948168962618183e+01,4.101219330881975367e+01,3.946117071041339130e+00
2.332380757938120297e+01,3.023243291566194912e+01,1.612451549659709826e+01,2.915475947422650194e+01,4.539823785126466760e+01,4.837354648979129479e+01,4.205948168962618183e+01,4.101219330881975367e+01,3.856998230336917910e+00
2.828427124746190202e+01,3.132091952673165025e+01,1.702938636592640265e+01,2.886173937932362321e+01,4.428317965096906050e+01,4.614108798023730884e+01,4.167733196834941367e+01,4.201190307520000999e+01,3.675251874831699350e+00
2.687005768508880621e+01,2.973213749463701205e+01,1.702938636592640265e+01,3.104834939252004844e+01,4.440720662234903671e+01,4.614108798023730884e+01,4.118252056394800320e+01,4.104875150354758517e+01,3.624534122424682536e+00
2.687005768508880621e+01,3.067572330035593353e+01,1.802775637731994607e+01,2.912043955712207222e+01,4.527692569068708650e+01,4.579301256742124338e+01,4.167733196834941367e+01,4.204759208325727826e+01,3.703739699406995989e+00
2.617250465660480074e+01,2.915475947422650194e+01,1.600000000000000000e+01,3.008321791298264714e+01,4.539823785126466760e+01,4.664761515876240594e+01,4.118252056394800320e+01,4.104875150354758517e+01,3.663711555951432164e+00
2.475883680627989492e+01,2.863564212655270680e+01,1.700000000000000000e+01,3.036445290137795183e+01,4.539823785126466760e+01,4.664761515876240594e+01,4.118252056394800320e+01,4.104875150354758517e+01,3.686568449930753832e+00
2.475883680627989492e+01,2.915475947422650194e+01,1.700000000000000000e+01,2.912043955712207222e+01,4.539823785126466760e+01,4.664761515876240594e+01,4.118252056394800320e+01,4.104875150354758517e+01,3.686568449930753832e+00
2.475883680627989492e+01,2.915475947422650194e+01,1.700000000000000000e+01,2.912043955712207222e+01,4.539823785126466760e+01,4.750789408087881327e+01,4.118252056394800320e+01,4.101219330881975367e+01,3.686568449930753832e+00
2.475883680627989492e+01,2.915475947422650194e+01,1.700000000000000000e+01,2.912043955712207222e+01,4.539823785126466760e+01,4.750789408087881327e+01,4.118252056394800320e+01,4.101219330881975367e+01,3.686568449930753832e+00
2.475883680627989492e+01,2.915475947422650194e+01,1.700000000000000000e+01,2.912043955712207222e+01,4.539823785126466760e+01,4.664761515876240594e+01,4.118252056394800320e+01,4.104875150354758517e+01,3.686568449930753832e+00
2.475883680627989492e+01,2.915475947422650194e+01,1.700000000000000000e+01,2.912043955712207222e+01,4.539823785126466760e+01,4.750789408087881327e+01,4.118252056394800320e+01,4.101219330881975367e+01,3.686568449930753832e+00
2.475883680627989492e+01,2.954657340538831534e+01,1.700000000000000000e+01,3.008321791298264714e+01,4.539823785126466760e+01,4.750789408087881327e+01,4.118252056394800320e+01,4.101219330881975367e+01,3.686568449930753832e+00
2.617250465660480074e+01,3.008321791298264714e+01,1.600000000000000000e+01,2.983286778035259701e+01,4.539823785126466760e+01,4.750789408087881327e+01,4.118252056394800320e+01,4.101219330881975367e+01,3.663711555951432164e+00
2.828427124746190202e+01,3.201562118716424266e+01,1.603121954188139853e+01,2.942787793912432193e+01,4.440720662234903671e+01,4.750789408087881327e+01,4.167733196834941367e+01,4.101219330881975367e+01,3.610647863790169332e+00
2.758622844826744469e+01,3.132091952673165025e+01,1.603121954188139853e+01,2.961418578992169515e+01,4.440720662234903671e+01,4.664761515876240594e+01,4.167733196834941367e+01,4.104875150354758517e+01,3.631623807824192252e+00
2.758622844826744469e+01,3.228002478313794654e+01,1.603121954188139853e+01,2.942787793912432193e+01,4.440720662234903671e+01,4.664761515876240594e+01,4.167733196834941367e+01,4.104875150354758517e+01,3.631623807824192252e+00
2.828427124746190202e+01,3.201562118716424266e+01,1.603121954188139853e+01,2.942787793912432193e+01,4.440720662234903671e+01,4.664761515876240594e+01,4.167733196834941367e+01,4.104875150354758517e+01,3.610647863790169332e+00
2.758622844826744469e+01,3.132091952673165025e+01,1.603121954188139853e+01,2.961418578992169515e+01,4.440720662234903671e+01,4.664761515876240594e+01,4.167733196834941367e+01,4.104875150354758517e+01,3.631623807824192252e+00
2.758622844826744469e+01,3.132091952673165025e+01,1.603121954188139853e+01,2.961418578992169515e+01,4.539823785126466760e+01,4.750789408087881327e+01,4.118252056394800320e+01,4.101219330881975367e+01,3.631623807824192252e+00
2.687005768508880621e+01,3.036445290137795183e+01,1.603121954188139853e+01,2.961418578992169515e+01,4.539823785126466760e+01,4.750789408087881327e+01,4.118252056394800320e+01,4.101219330881975367e+01,3.619576197970006071e+00
2.420743687382040932e+01,2.789265136196270589e+01,1.711724276862369010e+01,2.844292530665578411e+01,4.554119014694280310e+01,4.701063709417263681e+01,4.118252056394800320e+01,4.204759208325727826e+01,3.547188727107668083e+00
1.526433752247374720e+01,1.702938636592640265e+01,2.325940669922601600e+01,2.236067977499789805e+01,4.627094120503709718e+01,4.652956049652736681e+01,4.159326868617084472e+01,4.301162633521313694e+01,3.082377298480660333e+00
1.414213562373095101e+01,1.600000000000000000e+01,2.195449840010014952e+01,2.213594362117865444e+01,4.604345773288535071e+01,4.390899680020029905e+01,4.205948168962618183e+01,4.401136216933077350e+01,3.012776248235614851e+00
1.640121946685672683e+01,1.708800749063506075e+01,2.343074902771996193e+01,2.340939982143925135e+01,4.709564735726646489e+01,4.410215414239988974e+01,4.167733196834941367e+01,4.404543109109047805e+01,2.899163921187834170e+00
1.655294535724684835e+01,1.280624847486569706e+01,2.523885892824792521e+01,2.282542442102665348e+01,4.901020301937138157e+01,4.522167621838005402e+01,3.944616584663204151e+01,4.304648650006176780e+01,2.636465649466001260e+00
1.746424919657297892e+01,1.581138830084189628e+01,2.376972864800942631e+01,2.262741699796952233e+01,4.176122603564220270e+01,4.951767361255978983e+01,4.177319714841084419e+01,4.205948168962618183e+01,2.683094329664195588e+00
1.746424919657297892e+01,1.526433752247374720e+01,2.154065922853801496e+01,2.126029162546929996e+01,4.248529157249600274e+01,4.410215414239988974e+01,4.494441010848846219e+01,4.338202392696772591e+01,2.787842404986702327e+00
1.843908891458577415e+01,1.389244398944980396e+01,2.416609194718914466e+01,2.051828452868319275e+01,4.159326868617084472e+01,4.356604182158393002e+01,4.477722635447621968e+01,4.382921400162225467e+01,2.803640520906574451e+00
2.022374841615668473e+01,1.004987562112088995e+01,2.433105012119287736e+01,2.024845673131658685e+01,4.118252056394800320e+01,4.219004621945797595e+01,4.304648650006176780e+01,4.205948168962618183e+01,2.463125523670450789e+00
2.247220505424423109e+01,6.082762530298219339e+00,2.501999200639360765e+01,2.024845673131658685e+01,4.272001872658765365e+01,4.159326868617084472e+01,4.254409477236529824e+01,4.167733196834941367e+01,2.174561955860943030e+00
2.555386467836127551e+01,6.708203932499369415e+00,2.500000000000000000e+01,1.992485884517127559e+01,4.356604182158393002e+01,4.295346318982905842e+01,4.254409477236529824e+01,4.031128874149274566e+01,2.097163497662291487e+00
2.505992817228333536e+01,7.615773105863908654e+00,2.501999200639360765e+01,2.088061301782110135e+01,4.304648650006176780e+01,4.338202392696772591e+01,4.304648650006176780e+01,3.982461550347975532e+01,2.085247639853924362e+00
2.505992817228333536e+01,7.615773105863908654e+00,2.500000000000000000e+01,1.992485884517127559e+01,4.356604182158393002e+01,4.295346318982905842e+01,4.304648650006176780e+01,3.982461550347975532e+01,2.118017209447486504e+00
2.505992817228333536e+01,7.615773105863908654e+00,2.501999200639360765e+01,2.088061301782110135e+01,4.304648650006176780e+01,4.338202392696772591e+01,4.304648650006176780e+01,3.982461550347975532e+01,2.085247639853924362e+00
2.745906043549196340e+01,7.071067811865475505e+00,2.501999200639360765e+01,1.964688270438849926e+01,4.441846462902562109e+01,4.295346318982905842e+01,4.219004621945797595e+01,3.982461550347975532e+01,1.979100137507986412e+00
2.662705391138869615e+01,7.211102550927978250e+00,2.607680962081059661e+01,2.061552812808830382e+01,4.272001872658765365e+01,4.204759208325727826e+01,4.304648650006176780e+01,3.982461550347975532e+01,2.014256379264451002e+00
2.523885892824792521e+01,7.615773105863908654e+00,2.507987240796890660e+01,2.039607805437113797e+01,4.441846462902562109e+01,4.254409477236529824e+01,4.219004621945797595e+01,3.935733730830885690e+01,2.030414566751628680e+00
2.607680962081059661e+01,7.211102550927978250e+00,2.507987240796890660e+01,2.061552812808830382e+01,4.441846462902562109e+01,4.295346318982905842e+01,4.304648650006176780e+01,4.070626487409523975e+01,2.013891149185730978e+00
2.607680962081059661e+01,6.708203932499369415e+00,2.501999200639360765e+01,2.061552812808830382e+01,4.356604182158393002e+01,4.295346318982905842e+01,4.304648650006176780e+01,3.982461550347975532e+01,2.030414566751628680e+00
2.607680962081059661e+01,7.211102550927978250e+00,2.501999200639360765e+01,1.964688270438849926e+01,4.356604182158393002e+01,4.295346318982905842e+01,4.390899680020029905e+01,4.070626487409523975e+01,2.030234419032446169e+00
2.607680962081059661e+01,7.211102550927978250e+00,2.501999200639360765e+01,1.964688270438849926e+01,4.441846462902562109e+01,4.295346318982905842e+01,4.304648650006176780e+01,4.070626487409523975e+01,2.030234419032446169e+00
2.523885892824792521e+01,7.211102550927978250e+00,2.507987240796890660e+01,1.964688270438849926e+01,4.441846462902562109e+01,4.254409477236529824e+01,4.304648650006176780e+01,4.024922359499621649e+01,2.030234419032446169e+00
2.607680962081059661e+01,7.211102550927978250e+00,2.601922366251537611e+01,1.992485884517127559e+01,4.272001872658765365e+01,4.295346318982905842e+01,4.390899680020029905e+01,3.982461550347975532e+01,2.065196298003560749e+00
2.523885892824792521e+01,6.708203932499369415e+00,2.601922366251537611e+01,1.992485884517127559e+01,4.356604182158393002e+01,4.162931659299729859e+01,4.304648650006176780e+01,4.024922359499621649e+01,2.083655739488354808e+00
2.523885892824792521e+01,6.708203932499369415e+00,2.501999200639360765e+01,1.964688270438849926e+01,4.441846462902562109e+01,4.254409477236529824e+01,4.304648650006176780e+01,4.024922359499621649e+01,2.047776479089848500e+00
2.523885892824792521e+01,6.708203932499369415e+00,2.501999200639360765e+01,1.964688270438849926e+01,4.390899680020029905e+01,4.254409477236529824e+01,4.254409477236529824e+01,4.024922359499621649e+01,2.047776479089848500e+00
2.282542442102665348e+01,8.062257748298549132e+00,2.500000000000000000e+01,1.992485884517127559e+01,4.272001872658765365e+01,4.295346318982905842e+01,4.390899680020029905e+01,3.982461550347975532e+01,2.195034982197433315e+00
1.529705854077835525e+01,1.204159457879229578e+01,2.376972864800942631e+01,2.024845673131658685e+01,4.049691346263317371e+01,4.205948168962618183e+01,4.429446918070020445e+01,4.167733196834941367e+01,2.732436500829718007e+00
1.600000000000000000e+01,1.280624847486569706e+01,2.308679276123039159e+01,2.080865204668481283e+01,3.996248240537617136e+01,4.254409477236529824e+01,4.429446918070020445e+01,4.167733196834941367e+01,2.753273935417327234e+00
1.746424919657297892e+01,1.476482306023340030e+01,2.340939982143925135e+01,2.061552812808830382e+01,3.966106403010387993e+01,4.205948168962618183e+01,4.517742799230607176e+01,4.167733196834941367e+01,2.822046125850986353e+00
2.126029162546929996e+01,2.051828452868319275e+01,2.000000000000000000e+01,2.334523505985750447e+01,4.104875150354758517e+01,4.428317965096906050e+01,4.561797891182817466e+01,4.134005321718877468e+01,3.119152530717125948e+00
2.607680962081059661e+01,2.408318915758459156e+01,2.051828452868319275e+01,2.483948469674844262e+01,3.996248240537617136e+01,4.382921400162225467e+01,4.561797891182817466e+01,4.167733196834941367e+01,3.154925196883938909e+00
2.505992817228333536e+01,2.549509756796392423e+01,2.121320343559642652e+01,2.561249694973139412e+01,4.031128874149274566e+01,4.429446918070020445e+01,4.472135954999579610e+01,4.167733196834941367e+01,3.222496752745023674e+00
1.700000000000000000e+01,1.923538406167134340e+01,2.000000000000000000e+01,2.640075756488817049e+01,3.944616584663204151e+01,4.477722635447621968e+01,4.472135954999579610e+01,4.134005321718877468e+01,3.429648100640418917e+00
1.612451549659709826e+01,1.802775637731994607e+01,2.059126028197400160e+01,2.624880949681337583e+01,3.982461550347975532e+01,4.494441010848846219e+01,4.341658669218482203e+01,4.134005321718877468e+01,3.508993364814692484e+00
1.345362404707370985e+01,1.676305461424021104e+01,1.972308292331602075e+01,2.624880949681337583e+01,3.847076812334268681e+01,4.440720662234903671e+01,4.341658669218482203e+01,4.272001872658765365e+01,3.480456451603569867e+00
1.252996408614166768e+01,1.780449381476485726e+01,1.941648783894759944e+01,2.601922366251537611e+01,3.848376280978771291e+01,4.468780594300866227e+01,4.356604182158393002e+01,4.390899680020029905e+01,3.758765724407588049e+00
1.264911064067351809e+01,1.802775637731994607e+01,2.022374841615668473e+01,2.501999200639360765e+01,3.769615364994152884e+01,4.527692569068708650e+01,4.410215414239988974e+01,4.429446918070020445e+01,3.821231675764976021e+00
1.100000000000000000e+01,2.121320343559642652e+01,2.002498439450078749e+01,2.549509756796392423e+01,3.921734310225515685e+01,4.596737973824481571e+01,4.301162633521313694e+01,4.382921400162225467e+01,4.083592693969256615e+00
1.077032961426900748e+01,2.404163056034261459e+01,1.910497317454279909e+01,2.570992026436488231e+01,4.080441152620633005e+01,4.527692569068708650e+01,4.045985664828781836e+01,4.338202392696772591e+01,4.180256583217994759e+00
1.216552506059643868e+01,1.984943324127920761e+01,2.202271554554523902e+01,2.451530134426252516e+01,4.026164427839479032e+01,4.545327270945404763e+01,3.905124837953326988e+01,4.472135954999579610e+01,3.995485085893007327e+00
1.170469991071962568e+01,1.910497317454279909e+01,2.300000000000000000e+01,2.451530134426252516e+01,4.002499219237900263e+01,4.675467891024383960e+01,3.982461550347975532e+01,4.338202392696772591e+01,3.962882040319939847e+00
1.204159457879229578e+01,2.126029162546929996e+01,2.202271554554523902e+01,2.549509756796392423e+01,4.002499219237900263e+01,4.609772228646443892e+01,3.982461550347975532e+01,4.428317965096906050e+01,4.005164516947570696e+00
1.476482306023340030e+01,2.580697580112788003e+01,1.941648783894759944e+01,2.451530134426252516e+01,4.123105625617660763e+01,4.669047011971500893e+01,3.982461550347975532e+01,4.338202392696772591e+01,4.170938729749029683e+00
1.476482306023340030e+01,2.580697580112788003e+01,2.039607805437113797e+01,2.473863375370596174e+01,4.052159917870962147e+01,4.596737973824481571e+01,4.060788100849390503e+01,4.338202392696772591e+01,4.195952886604097820e+00
1.389244398944980396e+01,2.640075756488817049e+01,1.941648783894759944e+01,2.451530134426252516e+01,4.123105625617660763e+01,4.669047011971500893e+01,3.982461550347975532e+01,4.338202392696772591e+01,4.205684099274522580e+00
1.442220510185595650e+01,2.580697580112788003e+01,1.941648783894759944e+01,2.376972864800942631e+01,4.026164427839479032e+01,4.669047011971500893e+01,4.060788100849390503e+01,4.338202392696772591e+01,4.216127583810076018e+00
1.389244398944980396e+01,2.640075756488817049e+01,1.941648783894759944e+01,2.451530134426252516e+01,4.026164427839479032e+01,4.669047011971500893e+01,4.060788100849390503e+01,4.338202392696772591e+01,4.205684099274522580e+00
1.389244398944980396e+01,2.580697580112788003e+01,1.941648783894759944e+01,2.353720459187963954e+01,4.026164427839479032e+01,4.669047011971500893e+01,4.060788100849390503e+01,4.338202392696772591e+01,4.205684099274522580e+00
1.389244398944980396e+01,2.580697580112788003e+01,1.941648783894759944e+01,2.353720459187963954e+01,4.026164427839479032e+01,4.669047011971500893e+01,4.060788100849390503e+01,4.338202392696772591e+01,4.205684099274522580e+00
1.389244398944980396e+01,2.640075756488817049e+01,1.941648783894759944e+01,2.451530134426252516e+01,4.026164427839479032e+01,4.669047011971500893e+01,4.060788100849390503e+01,4.338202392696772591e+01,4.205684099274522580e+00
1.526433752247374720e+01,2.607680962081059661e+01,1.941648783894759944e+01,2.353720459187963954e+01,4.026164427839479032e+01,4.669047011971500893e+01,4.060788100849390503e+01,4.338202392696772591e+01,4.182432476464059690e+00
1.886796226411320632e+01,2.773084924772409465e+01,2.039607805437113797e+01,2.451530134426252516e+01,4.052159917870962147e+01,4.527692569068708650e+01,4.000000000000000000e+01,4.472135954999579610e+01,4.150789946741106462e+00
1.886796226411320632e+01,2.731300056749532601e+01,1.923538406167134340e+01,2.433105012119287736e+01,4.026164427839479032e+01,4.669047011971500893e+01,4.080441152620633005e+01,4.472135954999579610e+01,4.098921756256155291e+00
2.596150997149434048e+01,2.801785145224380003e+01,2.000000000000000000e+01,2.402082429892862692e+01,4.002499219237900263e+01,4.669047011971500893e+01,4.140048308896890461e+01,4.386342439892261780e+01,3.746764461134487689e+00
3.214031735997639316e+01,3.067572330035593353e+01,2.009975124224177989e+01,2.473863375370596174e+01,4.079215610874227593e+01,4.808326112068522917e+01,4.243819034784588951e+01,4.477722635447621968e+01,3.526169324410976635e+00
3.313608305156178346e+01,3.101612483854164637e+01,2.009975124224177989e+01,2.473863375370596174e+01,4.079215610874227593e+01,4.808326112068522917e+01,4.243819034784588951e+01,4.477722635447621968e+01,3.512790250732523489e+00
2.863564212655270680e+01,3.026549190084311292e+01,2.009975124224177989e+01,2.630589287593181069e+01,4.341658669218482203e+01,4.949747468305832854e+01,4.220189569201838253e+01,4.494441010848846219e+01,3.613762783517546318e+00
2.961418578992169515e+01,3.041381265149109936e+01,1.910497317454279909e+01,2.647640458974745314e+01,4.418144406874904462e+01,5.093132631298737323e+01,4.140048308896890461e+01,4.494441010848846219e+01,3.554003095187180605e+00
2.209072203437452231e+01,2.601922366251537611e+01,2.009975124224177989e+01,2.531797780234432693e+01,4.341658669218482203e+01,5.093132631298737323e+01,4.140048308896890461e+01,4.477722635447621968e+01,3.638561258468846482e+00
2.202271554554523902e+01,2.507987240796890660e+01,2.102379604162863913e+01,2.517935662402834396e+01,4.356604182158393002e+01,5.091168824543142080e+01,4.140048308896890461e+01,4.386342439892261780e+01,3.672215309855613619e+00
2.121320343559642652e+01,2.617250465660480074e+01,2.109502310972898798e+01,2.607680962081059661e+01,4.275511665286389729e+01,4.949747468305832854e+01,4.140048308896890461e+01,4.386342439892261780e+01,3.725363970682927128e+00
2.009975124224177989e+01,2.630589287593181069e+01,2.109502310972898798e+01,2.617250465660480074e+01,4.257933771208753626e+01,5.020956084253276686e+01,4.140048308896890461e+01,4.386342439892261780e+01,3.713664401593097075e+00
2.109502310972898798e+01,2.617250465660480074e+01,2.109502310972898798e+01,2.617250465660480074e+01,4.257933771208753626e+01,5.020956084253276686e+01,4.140048308896890461e+01,4.386342439892261780e+01,3.691445836266377789e+00
2.009975124224177989e+01,2.630589287593181069e+01,2.209072203437452231e+01,2.607680962081059661e+01,4.275511665286389729e+01,4.949747468305832854e+01,4.140048308896890461e+01,4.386342439892261780e+01,3.747541480050396778e+00
2.002498439450078749e+01,2.531797780234432693e+01,2.109502310972898798e+01,2.617250465660480074e+01,4.257933771208753626e+01,5.020956084253276686e+01,4.140048308896890461e+01,4.386342439892261780e+01,3.691445836266377789e+00
2.009975124224177989e+01,2.531797780234432693e+01,2.109502310972898798e+01,2.607680962081059661e+01,4.257933771208753626e+01,5.020956084253276686e+01,4.140048308896890461e+01,4.386342439892261780e+01,3.713664401593097075e+00
2.009975124224177989e+01,2.531797780234432693e+01,2.109502310972898798e+01,2.607680962081059661e+01,4.275511665286389729e+01,4.949747468305832854e+01,4.140048308896890461e+01,4.386342439892261780e+01,3.726309149985584934e+00
2.121320343559642652e+01,2.617250465660480074e+01,2.109502310972898798e+01,2.607680962081059661e+01,4.275511665286389729e+01,4.949747468305832854e+01,4.140048308896890461e+01,4.386342439892261780e+01,3.725363970682927128e+00
2.121320343559642652e+01,2.617250465660480074e+01,2.109502310972898798e+01,2.607680962081059661e+01,4.177319714841084419e+01,4.879549159502340672e+01,4.140048308896890461e+01,4.386342439892261780e+01,3.722452521467947584e+00
2.121320343559642652e+01,2.617250465660480074e+01,2.102379604162863913e+01,2.507987240796890660e+01,4.275511665286389729e+01,4.949747468305832854e+01,4.140048308896890461e+01,4.386342439892261780e+01,3.747541480050396778e+00
2.121320343559642652e+01,2.617250465660480074e+01,2.102379604162863913e+01,2.507987240796890660e+01,4.275511665286389729e+01,4.949747468305832854e+01,4.201190307520000999e+01,4.346262762420145975e+01,3.734896731657909363e+00
2.121320343559642652e+01,2.617250465660480074e+01,2.102379604162863913e+01,2.507987240796890660e+01,4.257933771208753626e+01,4.879549159502340672e+01,4.140048308896890461e+01,4.438468204234429493e+01,3.734896731657909363e+00
2.121320343559642652e+01,2.617250465660480074e+01,2.109502310972898798e+01,2.607680962081059661e+01,4.159326868617084472e+01,4.879549159502340672e+01,4.140048308896890461e+01,4.346262762420145975e+01,3.709654880503101992e+00
2.121320343559642652e+01,2.617250465660480074e+01,2.109502310972898798e+01,2.607680962081059661e+01,4.159326868617084472e+01,4.879549159502340672e+01,4.140048308896890461e+01,4.346262762420145975e+01,3.709654880503101992e+00
2.121320343559642652e+01,2.617250465660480074e+01,2.109502310972898798e+01,2.607680962081059661e+01,4.159326868617084472e+01,4.879549159502340672e+01,4.140048308896890461e+01,4.346262762420145975e+01,3.709654880503101992e+00
2.121320343559642652e+01,2.617250465660480074e+01,2.109502310972898798e+01,2.607680962081059661e+01,4.159326868617084472e+01,4.879549159502340672e+01,4.140048308896890461e+01,4.346262762420145975e+01,3.709654880503101992e+00
2.121320343559642652e+01,2.617250465660480074e+01,2.109502310972898798e+01,2.607680962081059661e+01,4.159326868617084472e+01,4.879549159502340672e+01,4.140048308896890461e+01,4.346262762420145975e+01,3.709654880503101992e+00
2.121320343559642652e+01,2.617250465660480074e+01,2.109502310972898798e+01,2.607680962081059661e+01,4.159326868617084472e+01,4.879549159502340672e+01,4.080441152620633005e+01,4.386342439892261780e+01,3.722452521467947584e+00
2.220360331117451835e+01,2.707397274136176790e+01,2.109502310972898798e+01,2.617250465660480074e+01,4.159326868617084472e+01,4.879549159502340672e+01,4.080441152620633005e+01,4.386342439892261780e+01,3.701179135443886103e+00
2.121320343559642652e+01,2.617250465660480074e+01,2.109502310972898798e+01,2.607680962081059661e+01,4.159326868617084472e+01,4.879549159502340672e+01,4.080441152620633005e+01,4.386342439892261780e+01,3.722452521467947584e+00
2.121320343559642652e+01,2.617250465660480074e+01,2.109502310972898798e+01,2.607680962081059661e+01,4.159326868617084472e+01,4.879549159502340672e+01,4.080441152620633005e+01,4.386342439892261780e+01,3.722452521467947584e+00
2.022374841615668473e+01,2.630589287593181069e+01,2.109502310972898798e+01,2.607680962081059661e+01,4.159326868617084472e+01,4.810405388322277531e+01,4.140048308896890461e+01,4.438468204234429493e+01,3.731832389870571642e+00
1.802775637731994607e+01,2.473863375370596174e+01,2.209072203437452231e+01,2.601922366251537611e+01,4.159326868617084472e+01,4.810405388322277531e+01,4.140048308896890461e+01,4.438468204234429493e+01,3.758036068207608604e+00
1.500000000000000000e+01,1.746424919657297892e+01,2.280350850198275836e+01,2.517935662402834396e+01,4.052159917870962147e+01,4.601086828130936368e+01,4.123105625617660763e+01,4.428317965096906050e+01,3.558871744305034834e+00
1.389244398944980396e+01,1.612451549659709826e+01,2.332380757938120297e+01,2.247220505424423109e+01,3.807886552931954327e+01,4.244997055358224713e+01,4.440720662234903671e+01,4.386342439892261780e+01,3.386407570197734529e+00
1.421267040355189515e+01,1.702938636592640265e+01,2.282542442102665348e+01,2.247220505424423109e+01,3.921734310225515685e+01,4.527692569068708650e+01,4.420407221060068537e+01,4.254409477236529824e+01,3.372398562482003648e+00
1.486606874731850603e+01,1.700000000000000000e+01,2.147091055358388800e+01,2.247220505424423109e+01,3.889730067755344578e+01,4.596737973824481571e+01,4.500000000000000000e+01,4.346262762420145975e+01,3.343825770727400393e+00
1.868154169226940553e+01,2.102379604162863913e+01,1.992485884517127559e+01,2.404163056034261459e+01,3.956008088970496317e+01,4.810405388322277531e+01,4.522167621838005402e+01,4.386342439892261780e+01,3.472271542166271985e+00
2.024845673131658685e+01,2.184032966784155505e+01,2.102379604162863913e+01,2.376972864800942631e+01,4.080441152620633005e+01,4.750789408087881327e+01,4.522167621838005402e+01,4.346262762420145975e+01,3.364316129402113109e+00
1.802775637731994607e+01,1.992485884517127559e+01,2.140093455903269515e+01,2.505992817228333536e+01,4.080441152620633005e+01,4.675467891024383960e+01,4.465422712353221613e+01,4.477722635447621968e+01,3.217158272827039145e+00
2.002498439450078749e+01,7.810249675906653977e+00,2.549509756796392423e+01,2.126029162546929996e+01,3.794733192202055250e+01,3.959797974644666141e+01,4.161730409336962566e+01,4.494441010848846219e+01,2.583495661448989011e+00
2.505992817228333536e+01,6.000000000000000000e+00,2.308679276123039159e+01,2.061552812808830382e+01,4.071854614300466579e+01,3.982461550347975532e+01,4.382921400162225467e+01,4.531004303683676682e+01,1.964486074813879490e+00
3.000000000000000000e+01,4.000000000000000000e+00,2.402082429892862692e+01,2.184032966784155505e+01,4.071854614300466579e+01,4.060788100849390503e+01,4.243819034784588951e+01,4.386342439892261780e+01,1.709423679721396860e+00
3.465544690232691494e+01,9.055385138137417300e+00,2.668332812825266842e+01,2.220360331117451835e+01,4.060788100849390503e+01,4.338202392696772591e+01,4.561797891182817466e+01,4.161730409336962566e+01,1.703609509810953604e+00
2.973213749463701205e+01,1.264911064067351809e+01,2.692582403567251959e+01,2.002498439450078749e+01,4.186884283091664116e+01,4.373785545725807822e+01,4.464302857109942835e+01,3.889730067755344578e+01,2.004092727723949086e+00
3.080584360149872580e+01,1.476482306023340030e+01,2.624880949681337583e+01,2.000000000000000000e+01,4.205948168962618183e+01,4.401136216933077350e+01,4.318564576337836769e+01,3.894868418830089496e+01,2.262332564623638298e+00
2.607680962081059661e+01,1.204159457879229578e+01,2.353720459187963954e+01,1.900000000000000000e+01,3.736308338453881106e+01,4.428317965096906050e+01,4.738143096192853676e+01,3.921734310225515685e+01,2.527573616581852534e+00
2.594224354214569317e+01,1.280624847486569706e+01,2.451530134426252516e+01,2.009975124224177989e+01,3.929376540877699853e+01,4.242640687119285303e+01,4.837354648979129479e+01,4.123105625617660763e+01,2.624683672076480789e+00
3.140063693621516450e+01,1.392838827718411920e+01,2.459674775249768786e+01,2.308679276123039159e+01,4.110960958218893069e+01,4.491102314577123877e+01,4.472135954999579610e+01,4.016217125604640614e+01,2.343476574970773108e+00
3.252691193458118590e+01,1.627882059609970611e+01,2.523885892824792521e+01,2.158703314492290204e+01,4.438468204234429493e+01,4.617358552246078318e+01,4.589117562233506220e+01,3.984971769034255118e+01,2.265172873942446596e+00
3.201562118716424266e+01,1.897366596101027625e+01,2.523885892824792521e+01,2.158703314492290204e+01,4.780167361086847677e+01,4.588027898781784586e+01,4.472135954999579610e+01,4.049691346263317371e+01,2.354809449526757970e+00
3.522782990761707111e+01,1.726267650163206824e+01,2.549509756796392423e+01,2.118962010041709121e+01,4.964876634922563881e+01,4.753945729601885262e+01,3.956008088970496317e+01,4.123105625617660763e+01,2.127929879245964440e+00
3.492849839314595783e+01,1.529705854077835525e+01,2.404163056034261459e+01,2.000000000000000000e+01,4.554119014694280310e+01,4.429446918070020445e+01,3.956008088970496317e+01,3.832753579347360073e+01,2.050147603331651691e+00
3.067572330035593353e+01,1.216552506059643868e+01,2.334523505985750447e+01,1.860107523773827509e+01,4.242640687119285303e+01,4.254409477236529824e+01,3.921734310225515685e+01,3.820994634908559817e+01,2.029313583201540983e+00
3.231098884280702066e+01,1.315294643796590535e+01,2.360084744241189370e+01,1.581138830084189628e+01,4.159326868617084472e+01,4.365775990588614519e+01,4.052159917870962147e+01,3.733630940518894192e+01,2.017101995807672132e+00
3.324154027718932269e+01,1.315294643796590535e+01,2.500000000000000000e+01,1.664331697709323876e+01,3.945883931389771959e+01,4.301162633521313694e+01,4.123105625617660763e+01,3.634556369077249371e+01,2.000887228949094876e+00
3.417601498127012150e+01,1.315294643796590535e+01,2.441311123146740414e+01,1.640121946685672683e+01,4.044749683231336945e+01,4.332435804486893716e+01,4.197618372363071160e+01,3.551056180912940619e+01,1.944617034658024268e+00
3.492849839314595783e+01,1.414213562373095101e+01,2.500000000000000000e+01,1.802775637731994607e+01,3.863935817272331263e+01,4.368065933568311010e+01,4.197618372363071160e+01,3.551056180912940619e+01,1.953328418945103451e+00
3.401470270338990076e+01,1.303840481040529831e+01,2.302172886644267535e+01,1.780449381476485726e+01,3.981205847478876336e+01,4.396589587396121601e+01,4.177319714841084419e+01,3.471310991541956525e+01,1.917139840576898457e+00
3.231098884280702066e+01,1.204159457879229578e+01,2.343074902771996193e+01,1.860107523773827509e+01,3.883297567789519888e+01,4.464302857109942835e+01,4.197618372363071160e+01,3.551056180912940619e+01,1.917139840576898457e+00
3.289376840679705083e+01,1.004987562112088995e+01,2.280350850198275836e+01,1.920937271229854559e+01,3.505709628591620941e+01,4.148493702538308270e+01,4.707440918375927907e+01,3.492849839314595783e+01,1.844428315764494730e+00
3.420526275297414287e+01,1.216552506059643868e+01,2.267156809750926882e+01,1.843908891458577415e+01,3.801315561749642313e+01,3.889730067755344578e+01,4.570557952810575841e+01,3.517101079013794873e+01,1.768191886644777444e+00
3.448187929913333249e+01,1.708800749063506075e+01,2.109502310972898798e+01,2.000000000000000000e+01,3.901281840626231912e+01,3.900000000000000000e+01,4.438468204234429493e+01,3.590264614203248072e+01,1.753968565345922048e+00
3.640054944640259293e+01,1.923538406167134340e+01,2.059126028197400160e+01,1.941648783894759944e+01,3.911521443121588959e+01,4.205948168962618183e+01,4.248529157249600274e+01,3.805259518088089266e+01,1.869786786705569082e+00
3.785498646149540036e+01,2.080865204668481283e+01,1.969771560359220786e+01,1.923538406167134340e+01,3.929376540877699853e+01,3.894868418830089496e+01,4.031128874149274566e+01,4.002499219237900263e+01,1.894732248582842393e+00
3.721558813185679071e+01,2.343074902771996193e+01,2.061552812808830382e+01,1.802775637731994607e+01,3.720215047547655018e+01,3.471310991541956525e+01,4.455333881989092504e+01,3.862641583165593318e+01,2.070143048475026504e+00
3.512833614050059339e+01,2.408318915758459156e+01,2.200000000000000000e+01,1.726267650163206824e+01,3.679673898594819548e+01,3.440930106817050671e+01,4.393176527297759293e+01,3.577708763999663688e+01,2.001570879365895284e+00
3.324154027718932269e+01,2.334523505985750447e+01,2.302172886644267535e+01,1.726267650163206824e+01,3.623534186398687496e+01,3.190611226708763226e+01,4.482186966202993972e+01,3.535533905932737753e+01,4.202796715575764175e+00
3.733630940518894192e+01,2.624880949681337583e+01,2.308679276123039159e+01,1.902629759044044633e+01,3.689173349139343117e+01,3.324154027718932269e+01,4.632493928760187885e+01,3.328663395418647752e+01,4.178634701548483932e+00
3.512833614050059339e+01,2.758622844826744469e+01,2.418677324489564739e+01,1.811077027627483460e+01,3.807886552931954327e+01,3.569313659514949677e+01,4.742362280551750331e+01,3.360059523282288296e+01,4.000844390241313775e+00
3.705401462729781059e+01,2.690724809414741969e+01,2.507987240796890660e+01,1.964688270438849926e+01,3.807886552931954327e+01,3.649657518178931781e+01,4.838388161361177708e+01,3.764306044943742080e+01,3.909391893053896005e+00
3.701351104664349378e+01,2.758622844826744469e+01,2.334523505985750447e+01,2.158703314492290204e+01,4.080441152620633005e+01,3.811823710509183627e+01,4.356604182158393002e+01,4.101219330881975367e+01,3.812628553760396777e+00
3.801315561749642313e+01,2.900000000000000000e+01,2.433105012119287736e+01,2.158703314492290204e+01,3.847076812334268681e+01,4.318564576337836769e+01,4.328972164382672361e+01,3.935733730830885690e+01,3.606630379223285665e+00
3.501428280002319582e+01,2.687005768508880621e+01,2.570992026436488231e+01,2.256102834535695578e+01,4.382921400162225467e+01,4.491102314577123877e+01,4.275511665286389729e+01,4.204759208325727826e+01,3.534156929936069780e+00
3.601388621073821383e+01,2.828427124746190202e+01,2.647640458974745314e+01,2.158703314492290204e+01,4.114608122288196768e+01,4.729693436154187225e+01,4.535416188179426911e+01,4.031128874149274566e+01,3.506020708327216351e+00
3.600000000000000000e+01,2.969848480983499428e+01,2.765863337187866122e+01,2.184032966784155505e+01,4.205948168962618183e+01,3.945883931389771959e+01,4.159326868617084472e+01,4.390899680020029905e+01,3.516165262635473798e+00
3.324154027718932269e+01,2.469817807045693669e+01,2.607680962081059661e+01,2.376972864800942631e+01,4.441846462902562109e+01,4.123105625617660763e+01,4.148493702538308270e+01,4.527692569068708650e+01,3.342719539406332707e+00
3.157530680769388809e+01,2.282542442102665348e+01,2.507987240796890660e+01,2.459674775249768786e+01,4.860041152089146976e+01,4.707440918375927907e+01,3.860051813123756403e+01,4.472135954999579610e+01,3.309898661330248792e+00
3.324154027718932269e+01,2.416609194718914466e+01,2.418677324489564739e+01,2.195449840010014952e+01,5.044799302251775686e+01,5.166236541235795698e+01,3.700000000000000000e+01,4.162931659299729859e+01,3.211937098641970856e+00
3.228002478313794654e+01,2.247220505424423109e+01,2.418677324489564739e+01,2.332380757938120297e+01,4.301162633521313694e+01,5.217278984298232558e+01,4.365775990588614519e+01,4.178516483155235761e+01,3.196874447281984555e+00
2.816025568065744622e+01,2.236067977499789805e+01,2.701851217221259205e+01,2.555386467836127551e+01,4.622769732530488085e+01,5.412947441089742995e+01,4.332435804486893716e+01,4.254409477236529824e+01,3.160257152610858711e+00
3.067572330035593353e+01,2.596150997149434048e+01,2.801785145224380003e+01,2.469817807045693669e+01,4.808326112068522917e+01,4.809365862564419558e+01,3.931920650267500150e+01,4.382921400162225467e+01,3.285951330792036273e+00
3.138470965295043058e+01,2.624880949681337583e+01,2.707397274136176790e+01,2.360084744241189370e+01,4.951767361255978983e+01,5.008991914547277702e+01,3.721558813185679071e+01,4.188078318274384770e+01,3.267186804875295003e+00
3.046309242345563462e+01,2.624880949681337583e+01,2.601922366251537611e+01,2.302172886644267535e+01,5.173973328110611902e+01,5.103920062069938268e+01,3.820994634908559817e+01,4.440720662234903671e+01,3.300909056394291774e+00
2.500000000000000000e+01,1.700000000000000000e+01,2.816025568065744622e+01,2.765863337187866122e+01,5.456189146281496249e+01,5.208646657242167066e+01,3.605551275463989214e+01,4.301162633521313694e+01,3.223572831098643121e+00
2.256102834535695578e+01,1.360147050873544394e+01,2.816025568065744622e+01,3.047950130825634218e+01,5.249761899362675166e+01,5.200961449578337437e+01,3.505709628591620941e+01,4.188078318274384770e+01,3.216476110149152134e+00
2.435159132377184221e+01,1.726267650163206824e+01,2.828427124746190202e+01,2.906888370749726747e+01,5.185556864985669279e+01,5.300000000000000000e+01,3.501428280002319582e+01,4.049691346263317371e+01,3.201592278547630510e+00
2.662705391138869615e+01,2.302172886644267535e+01,2.844292530665578411e+01,2.690724809414741969e+01,5.341348144429456823e+01,5.300000000000000000e+01,3.401470270338990076e+01,4.104875150354758517e+01,3.097419638903281314e+00
2.828427124746190202e+01,2.816025568065744622e+01,2.863564212655270680e+01,2.624880949681337583e+01,4.750789408087881327e+01,5.100000000000000000e+01,3.905124837953326988e+01,4.080441152620633005e+01,3.010879888213335409e+00
3.190611226708763226e+01,2.941088233970548416e+01,2.523885892824792521e+01,2.332380757938120297e+01,4.522167621838005402e+01,4.652956049652736681e+01,3.901281840626231912e+01,4.534313619501853765e+01,2.862655578331903872e+00
3.176476034853718033e+01,2.817800560721074277e+01,2.549509756796392423e+01,2.459674775249768786e+01,4.254409477236529824e+01,4.632493928760187885e+01,3.901281840626231912e+01,4.384062043356594529e+01,2.841741403998920390e+00
2.773084924772409465e+01,2.408318915758459156e+01,2.701851217221259205e+01,2.500000000000000000e+01,3.894868418830089496e+01,4.554119014694280310e+01,3.905124837953326988e+01,4.386342439892261780e+01,2.701700474979821021e+00
2.385372088375312671e+01,1.640121946685672683e+01,2.662705391138869615e+01,2.531797780234432693e+01,3.981205847478876336e+01,4.753945729601885262e+01,3.905124837953326988e+01,4.527692569068708650e+01,2.692507121981726037e+00
2.080865204668481283e+01,1.431782106327635340e+01,2.594224354214569317e+01,2.308679276123039159e+01,3.676955262170046979e+01,4.695742752749558235e+01,3.920459156782531807e+01,4.384062043356594529e+01,2.642909455472144842e+00
2.282542442102665348e+01,1.341640786499873883e+01,2.692582403567251959e+01,2.408318915758459156e+01,3.668787265568828104e+01,4.802082881417187821e+01,3.962322551231790158e+01,4.393176527297759293e+01,2.650963993400283769e+00
1.992485884517127559e+01,1.676305461424021104e+01,2.657066051117284644e+01,2.319482700948640286e+01,3.492849839314595783e+01,4.482186966202993972e+01,4.143669871020131978e+01,4.390899680020029905e+01,3.655784349361087315e+00
1.941648783894759944e+01,1.726267650163206824e+01,2.596150997149434048e+01,2.334523505985750447e+01,3.551056180912940619e+01,4.386342439892261780e+01,4.123105625617660763e+01,4.561797891182817466e+01,3.684867498144501319e+00
1.802775637731994607e+01,1.513274595042155646e+01,2.507987240796890660e+01,2.459674775249768786e+01,3.423448553724738019e+01,4.632493928760187885e+01,4.118252056394800320e+01,4.743416490252568707e+01,3.726395999313900198e+00
2.000000000000000000e+01,1.513274595042155646e+01,2.601922366251537611e+01,2.370653918225939449e+01,3.807886552931954327e+01,5.188448708429138634e+01,4.110960958218893069e+01,4.512205669071391156e+01,3.594410361102091223e+00
2.102379604162863913e+01,1.431782106327635340e+01,2.617250465660480074e+01,2.469817807045693669e+01,4.049691346263317371e+01,5.280151512977634098e+01,4.103656905736638549e+01,4.418144406874904462e+01,3.536383773289554888e+00
2.009975124224177989e+01,1.431782106327635340e+01,2.716615541441224835e+01,2.500000000000000000e+01,4.272001872658765365e+01,5.322593352868505434e+01,4.036087214122112954e+01,4.410215414239988974e+01,3.590734191470504655e+00
2.137755832643194864e+01,1.800000000000000000e+01,2.906888370749726747e+01,2.420743687382040932e+01,4.609772228646443892e+01,5.546169849544818931e+01,3.982461550347975532e+01,4.300000000000000000e+01,3.548876779808455062e+00
2.531797780234432693e+01,2.022374841615668473e+01,2.700000000000000000e+01,2.459674775249768786e+01,4.830113870293328659e+01,5.608029957123981291e+01,4.080441152620633005e+01,4.609772228646443892e+01,3.346373603532768026e+00
2.501999200639360765e+01,1.843908891458577415e+01,2.901723625709381693e+01,2.416609194718914466e+01,5.008991914547277702e+01,5.594640292279746063e+01,4.022437072223753063e+01,4.517742799230607176e+01,3.283912899027771282e+00
2.507987240796890660e+01,1.476482306023340030e+01,2.983286778035259701e+01,2.376972864800942631e+01,5.015974481593781320e+01,5.456189146281496249e+01,3.744329045369811126e+01,4.304648650006176780e+01,3.055535168338176177e+00
2.140093455903269515e+01,1.118033988749894903e+01,2.789265136196270589e+01,2.220360331117451835e+01,5.314132102234569288e+01,5.366563145999495532e+01,3.891015291668743714e+01,4.328972164382672361e+01,3.000410565498695004e+00
2.051828452868319275e+01,1.004987562112088995e+01,2.720294101747088789e+01,2.302172886644267535e+01,5.255473337388364996e+01,5.147815070493500400e+01,3.848376280978771291e+01,4.455333881989092504e+01,2.912017136749613044e+00
2.220360331117451835e+01,9.000000000000000000e+00,2.731300056749532601e+01,2.408318915758459156e+01,5.408326913195983821e+01,5.142956348249516196e+01,3.716180835212409050e+01,4.341658669218482203e+01,2.758080627819766928e+00
2.140093455903269515e+01,9.055385138137417300e+00,2.594224354214569317e+01,2.617250465660480074e+01,5.440588203494177577e+01,5.100000000000000000e+01,3.716180835212409050e+01,4.328972164382672361e+01,2.736028865450950587e+00
2.334523505985750447e+01,9.486832980505138124e+00,2.778488797889960793e+01,2.707397274136176790e+01,5.412023651093923604e+01,5.060632371551997721e+01,3.716180835212409050e+01,4.229657196511320194e+01,2.739371087927690240e+00
2.561249694973139412e+01,1.220655561573370207e+01,2.865309756378880479e+01,2.701851217221259205e+01,5.316013544000804814e+01,5.060632371551997721e+01,3.801315561749642313e+01,4.328972164382672361e+01,2.775953195926850192e+00
2.778488797889960793e+01,1.562049935181330795e+01,2.906888370749726747e+01,2.700000000000000000e+01,5.408326913195983821e+01,5.053711507397311209e+01,3.757658845611187104e+01,4.455333881989092504e+01,2.795204262750559554e+00
3.059411708155671050e+01,2.220360331117451835e+01,2.692582403567251959e+01,2.408318915758459156e+01,5.255473337388364996e+01,5.008991914547277702e+01,3.801315561749642313e+01,4.472135954999579610e+01,2.960558368495418868e+00
3.401470270338990076e+01,2.884441020371191300e+01,2.617250465660480074e+01,2.121320343559642652e+01,5.331041174104736058e+01,5.232590180780452016e+01,3.891015291668743714e+01,4.393176527297759293e+01,3.068380292283848121e+00
3.300000000000000000e+01,2.720294101747088789e+01,2.517935662402834396e+01,2.022374841615668473e+01,5.462600113499065202e+01,5.322593352868505434e+01,3.939543120718441571e+01,4.414748010928823163e+01,3.027608993664306247e+00
3.300000000000000000e+01,2.662705391138869615e+01,2.517935662402834396e+01,2.121320343559642652e+01,5.462600113499065202e+01,5.322593352868505434e+01,3.939543120718441571e+01,4.414748010928823163e+01,3.027608993664306247e+00
3.300000000000000000e+01,2.640075756488817049e+01,2.517935662402834396e+01,2.039607805437113797e+01,5.462600113499065202e+01,5.322593352868505434e+01,3.939543120718441571e+01,4.414748010928823163e+01,3.027608993664306247e+00
3.300000000000000000e+01,2.720294101747088789e+01,2.517935662402834396e+01,2.022374841615668473e+01,5.462600113499065202e+01,5.322593352868505434e+01,3.939543120718441571e+01,4.414748010928823163e+01,3.027608993664306247e+00
3.206243908376279705e+01,2.580697580112788003e+01,2.630589287593181069e+01,2.121320343559642652e+01,5.462600113499065202e+01,5.322593352868505434e+01,3.939543120718441571e+01,4.414748010928823163e+01,3.008623933165465836e+00
3.008321791298264714e+01,2.692582403567251959e+01,2.501999200639360765e+01,2.213594362117865444e+01,5.331041174104736058e+01,5.280151512977634098e+01,4.123105625617660763e+01,4.438468204234429493e+01,3.271726420859692119e+00
3.178049716414140846e+01,3.080584360149872580e+01,2.701851217221259205e+01,2.325940669922601600e+01,5.247856705360770491e+01,5.597320787662611963e+01,3.992492955535426091e+01,4.341658669218482203e+01,3.284017970162778965e+00
3.195309061734091571e+01,2.983286778035259701e+01,2.901723625709381693e+01,2.459674775249768786e+01,5.353503525729669121e+01,5.728001396647874088e+01,3.921734310225515685e+01,4.341658669218482203e+01,3.235255785285925167e+00
2.765863337187866122e+01,2.433105012119287736e+01,2.901723625709381693e+01,2.459674775249768786e+01,5.714017850864661341e+01,6.008327554319920694e+01,3.827531841800927737e+01,4.317406628984580408e+01,3.241236119067385069e+00
2.000000000000000000e+01,1.523154621172781731e+01,2.961418578992169515e+01,2.500000000000000000e+01,5.661271941887264347e+01,6.044005294504630399e+01,3.764306044943742080e+01,4.148493702538308270e+01,3.382279497574645966e+00
1.711724276862369010e+01,1.345362404707370985e+01,2.789265136196270589e+01,2.561249694973139412e+01,5.481788029466298440e+01,5.943904440685432178e+01,3.736308338453881106e+01,4.176122603564220270e+01,3.409143162407942462e+00
1.676305461424021104e+01,1.272792206135785520e+01,2.828427124746190202e+01,2.523885892824792521e+01,5.220153254455274805e+01,5.748912940721923803e+01,3.860051813123756403e+01,4.176122603564220270e+01,3.322765835892181663e+00
1.802775637731994607e+01,1.166190378969060149e+01,2.828427124746190202e+01,2.247220505424423109e+01,5.420332093147060704e+01,5.869412236331675814e+01,3.794733192202055250e+01,4.272001872658765365e+01,3.280855494517790127e+00
1.746424919657297892e+01,1.272792206135785520e+01,2.844292530665578411e+01,2.580697580112788003e+01,5.140038910358558866e+01,5.629387178015027615e+01,3.794733192202055250e+01,4.272001872658765365e+01,3.347201581106445278e+00
1.772004514666934938e+01,1.272792206135785520e+01,2.844292530665578411e+01,2.523885892824792521e+01,5.200961449578337437e+01,5.651548460377916427e+01,3.764306044943742080e+01,4.110960958218893069e+01,3.313552004495232239e+00
1.711724276862369010e+01,1.421267040355189515e+01,2.789265136196270589e+01,2.640075756488817049e+01,5.060632371551997721e+01,5.629387178015027615e+01,3.860051813123756403e+01,4.110960958218893069e+01,3.404587385270712474e+00
1.627882059609970611e+01,1.272792206135785520e+01,2.745906043549196340e+01,2.500000000000000000e+01,5.140038910358558866e+01,5.531726674375732244e+01,3.736308338453881106e+01,4.110960958218893069e+01,3.362457253412822311e+00
1.708800749063506075e+01,1.303840481040529831e+01,2.607680962081059661e+01,2.284731931759172596e+01,5.360037313302958495e+01,5.675385449465084520e+01,3.736308338453881106e+01,4.110960958218893069e+01,3.192927151698309096e+00
1.655294535724684835e+01,1.389244398944980396e+01,2.800000000000000000e+01,2.376972864800942631e+01,5.464430436925700008e+01,5.852349955359812839e+01,3.764306044943742080e+01,4.052159917870962147e+01,3.217547718412686830e+00
1.992485884517127559e+01,1.403566884761819900e+01,2.901723625709381693e+01,2.284731931759172596e+01,5.661271941887264347e+01,5.882176467941096831e+01,3.736308338453881106e+01,4.016217125604640614e+01,3.107619767321489590e+00
2.209072203437452231e+01,1.711724276862369010e+01,3.001666203960726875e+01,2.370653918225939449e+01,5.622277118748238678e+01,6.044005294504630399e+01,3.832753579347360073e+01,3.956008088970496317e+01,3.097422506344347681e+00
2.300000000000000000e+01,1.802775637731994607e+01,3.101612483854164637e+01,2.469817807045693669e+01,5.813776741499453493e+01,6.209669878504009688e+01,3.807886552931954327e+01,3.992492955535426091e+01,3.139587500161405309e+00
2.376972864800942631e+01,2.002498439450078749e+01,2.961418578992169515e+01,2.343074902771996193e+01,5.672741841473133917e+01,5.922837157984339029e+01,4.079215610874227593e+01,4.338202392696772591e+01,3.274438400875587796e+00
2.600000000000000000e+01,2.302172886644267535e+01,2.863564212655270680e+01,2.420743687382040932e+01,5.658621740318043436e+01,5.984145720150872449e+01,4.060788100849390503e+01,4.294182110716777601e+01,3.245203736118786431e+00
2.823118842698620767e+01,2.402082429892862692e+01,2.765863337187866122e+01,2.360084744241189370e+01,5.738466694161429160e+01,6.020797289396147534e+01,4.143669871020131978e+01,4.205948168962618183e+01,3.212293300673374929e+00
2.692582403567251959e+01,2.402082429892862692e+01,2.745906043549196340e+01,2.302172886644267535e+01,5.805170109479996654e+01,6.118823416311342100e+01,4.143669871020131978e+01,4.205948168962618183e+01,3.195600993630344000e+00
2.376972864800942631e+01,2.039607805437113797e+01,2.765863337187866122e+01,2.469817807045693669e+01,5.805170109479996654e+01,6.020797289396147534e+01,4.159326868617084472e+01,4.341658669218482203e+01,3.224496750078363227e+00
2.334523505985750447e+01,1.941648783894759944e+01,2.745906043549196340e+01,2.505992817228333536e+01,5.731491952362839726e+01,6.118823416311342100e+01,4.159326868617084472e+01,4.205948168962618183e+01,3.165086248119409085e+00
2.334523505985750447e+01,1.941648783894759944e+01,2.844292530665578411e+01,2.555386467836127551e+01,5.663920903402518547e+01,6.020797289396147534e+01,4.159326868617084472e+01,4.205948168962618183e+01,3.184381769399660111e+00
2.220360331117451835e+01,1.868154169226940553e+01,2.844292530665578411e+01,2.555386467836127551e+01,5.663920903402518547e+01,6.020797289396147534e+01,4.159326868617084472e+01,4.205948168962618183e+01,3.195167175521277159e+00
2.220360331117451835e+01,1.868154169226940553e+01,2.844292530665578411e+01,2.555386467836127551e+01,5.663920903402518547e+01,6.020797289396147534e+01,4.159326868617084472e+01,4.205948168962618183e+01,3.195167175521277159e+00
2.209072203437452231e+01,1.843908891458577415e+01,2.844292530665578411e+01,2.418677324489564739e+01,5.663920903402518547e+01,6.020797289396147534e+01,4.159326868617084472e+01,4.205948168962618183e+01,3.181222222251419041e+00
2.220360331117451835e+01,1.843908891458577415e+01,2.745906043549196340e+01,2.418677324489564739e+01,5.663920903402518547e+01,6.020797289396147534e+01,4.159326868617084472e+01,4.205948168962618183e+01,3.181222222251419041e+00
2.220360331117451835e+01,1.843908891458577415e+01,2.745906043549196340e+01,2.418677324489564739e+01,5.663920903402518547e+01,6.020797289396147534e+01,4.159326868617084472e+01,4.205948168962618183e+01,3.181222222251419041e+00
2.220360331117451835e+01,1.868154169226940553e+01,2.745906043549196340e+01,2.505992817228333536e+01,5.663920903402518547e+01,6.020797289396147534e+01,4.159326868617084472e+01,4.205948168962618183e+01,3.181222222251419041e+00
2.220360331117451835e+01,1.868154169226940553e+01,2.745906043549196340e+01,2.505992817228333536e+01,5.663920903402518547e+01,6.020797289396147534e+01,4.159326868617084472e+01,4.205948168962618183e+01,3.181222222251419041e+00
2.220360331117451835e+01,1.868154169226940553e+01,2.745906043549196340e+01,2.505992817228333536e+01,5.663920903402518547e+01,6.020797289396147534e+01,4.159326868617084472e+01,4.205948168962618183e+01,3.181222222251419041e+00
2.220360331117451835e+01,1.843908891458577415e+01,2.745906043549196340e+01,2.418677324489564739e+01,5.738466694161429160e+01,6.020797289396147534e+01,4.143669871020131978e+01,4.205948168962618183e+01,3.181222222251419041e+00
2.121320343559642652e+01,1.802775637731994607e+01,2.745906043549196340e+01,2.555386467836127551e+01,5.672741841473133917e+01,5.922837157984339029e+01,4.143669871020131978e+01,4.205948168962618183e+01,3.212536134588436454e+00
2.137755832643194864e+01,1.897366596101027625e+01,2.647640458974745314e+01,2.505992817228333536e+01,5.738466694161429160e+01,6.118823416311342100e+01,4.143669871020131978e+01,4.159326868617084472e+01,3.206813903456669834e+00
2.121320343559642652e+01,1.897366596101027625e+01,2.844292530665578411e+01,2.555386467836127551e+01,5.672741841473133917e+01,6.020797289396147534e+01,4.143669871020131978e+01,4.159326868617084472e+01,3.226026041368458053e+00
2.121320343559642652e+01,1.897366596101027625e+01,2.745906043549196340e+01,2.505992817228333536e+01,5.738466694161429160e+01,6.020797289396147534e+01,4.143669871020131978e+01,4.205948168962618183e+01,3.206813903456669834e+00
2.109502310972898798e+01,1.802775637731994607e+01,2.745906043549196340e+01,2.505992817228333536e+01,5.738466694161429160e+01,6.020797289396147534e+01,4.143669871020131978e+01,4.205948168962618183e+01,3.192605268231244686e+00
2.109502310972898798e+01,1.802775637731994607e+01,2.745906043549196340e+01,2.505992817228333536e+01,5.738466694161429160e+01,6.020797289396147534e+01,4.143669871020131978e+01,4.205948168962618183e+01,3.192605268231244686e+00
2.121320343559642652e+01,1.802775637731994607e+01,2.745906043549196340e+01,2.555386467836127551e+01,5.672741841473133917e+01,5.922837157984339029e+01,4.143669871020131978e+01,4.205948168962618183e+01,3.212536134588436454e+00
2.109502310972898798e+01,1.802775637731994607e+01,2.745906043549196340e+01,2.505992817228333536e+01,5.738466694161429160e+01,6.020797289396147534e+01,4.143669871020131978e+01,4.205948168962618183e+01,3.192605268231244686e+00
2.109502310972898798e+01,1.802775637731994607e+01,2.745906043549196340e+01,2.505992817228333536e+01,5.738466694161429160e+01,6.020797289396147534e+01,4.143669871020131978e+01,4.205948168962618183e+01,3.192605268231244686e+00
2.109502310972898798e+01,1.802775637731994607e+01,2.745906043549196340e+01,2.505992817228333536e+01,5.738466694161429160e+01,6.020797289396147534e+01,4.143669871020131978e+01,4.205948168962618183e+01,3.192605268231244686e+00
2.109502310972898798e+01,1.802775637731994607e+01,2.745906043549196340e+01,2.505992817228333536e+01,5.738466694161429160e+01,6.020797289396147534e+01,4.143669871020131978e+01,4.205948168962618183e+01,3.192605268231244686e+00
2.009975124224177989e+01,1.655294535724684835e+01,2.745906043549196340e+01,2.607680962081059661e+01,5.597320787662611963e+01,6.020797289396147534e+01,4.159326868617084472e+01,4.159326868617084472e+01,3.225148078468492940e+00
2.022374841615668473e+01,1.838477631085023489e+01,2.745906043549196340e+01,2.555386467836127551e+01,5.672741841473133917e+01,6.020797289396147534e+01,4.143669871020131978e+01,4.159326868617084472e+01,3.238845851841358758e+00
2.009975124224177989e+01,1.838477631085023489e+01,2.844292530665578411e+01,2.555386467836127551e+01,5.597320787662611963e+01,5.922837157984339029e+01,4.159326868617084472e+01,4.205948168962618183e+01,3.238845851841358758e+00
2.009975124224177989e+01,1.838477631085023489e+01,2.844292530665578411e+01,2.555386467836127551e+01,5.672741841473133917e+01,6.020797289396147534e+01,4.143669871020131978e+01,4.159326868617084472e+01,3.238845851841358758e+00
2.009975124224177989e+01,1.838477631085023489e+01,2.844292530665578411e+01,2.555386467836127551e+01,5.672741841473133917e+01,5.922837157984339029e+01,4.143669871020131978e+01,4.205948168962618183e+01,3.238845851841358758e+00
2.009975124224177989e+01,1.838477631085023489e+01,2.745906043549196340e+01,2.505992817228333536e+01,5.663920903402518547e+01,6.020797289396147534e+01,4.159326868617084472e+01,4.205948168962618183e+01,3.219425847336726321e+00
2.009975124224177989e+01,1.838477631085023489e+01,2.745906043549196340e+01,2.505992817228333536e+01,5.663920903402518547e+01,6.020797289396147534e+01,4.159326868617084472e+01,4.205948168962618183e+01,3.219425847336726321e+00
2.102379604162863913e+01,1.649242250247064234e+01,2.745906043549196340e+01,2.332380757938120297e+01,5.663920903402518547e+01,6.020797289396147534e+01,4.159326868617084472e+01,4.205948168962618183e+01,3.177625115463874828e+00
2.102379604162863913e+01,1.649242250247064234e+01,2.745906043549196340e+01,2.332380757938120297e+01,5.663920903402518547e+01,6.020797289396147534e+01,4.159326868617084472e+01,4.205948168962618183e+01,3.177625115463874828e+00
2.022374841615668473e+01,1.300000000000000000e+01,2.844292530665578411e+01,2.385372088375312671e+01,5.672741841473133917e+01,5.922837157984339029e+01,4.143669871020131978e+01,4.205948168962618183e+01,3.162073960571580855e+00
1.612451549659709826e+01,1.523154621172781731e+01,2.701851217221259205e+01,1.964688270438849926e+01,4.854894437575342181e+01,4.883646178829911833e+01,4.229657196511320194e+01,4.205948168962618183e+01,3.136301697671392219e+00
1.664331697709323876e+01,1.360147050873544394e+01,2.507987240796890660e+01,2.022374841615668473e+01,4.579301256742124338e+01,4.751841748206688720e+01,4.318564576337836769e+01,4.118252056394800320e+01,2.926777253188134420e+00
1.838477631085023489e+01,1.140175425099137918e+01,2.531797780234432693e+01,2.002498439450078749e+01,5.060632371551997721e+01,5.119570294468081784e+01,4.410215414239988974e+01,4.070626487409523975e+01,2.783428329670836643e+00
1.843908891458577415e+01,1.264911064067351809e+01,2.473863375370596174e+01,2.209072203437452231e+01,5.331041174104736058e+01,5.124451190127582834e+01,4.418144406874904462e+01,4.123105625617660763e+01,2.761946491319013930e+00
1.860107523773827509e+01,1.264911064067351809e+01,2.500000000000000000e+01,2.220360331117451835e+01,5.239274758971894386e+01,5.059644256269407236e+01,4.229657196511320194e+01,3.992492955535426091e+01,2.733847807998910362e+00
1.920937271229854559e+01,1.264911064067351809e+01,2.376972864800942631e+01,2.236067977499789805e+01,5.162363799656122865e+01,4.838388161361177708e+01,4.019950248448355978e+01,3.921734310225515685e+01,2.711439157338629613e+00
1.720465053408525335e+01,1.523154621172781731e+01,2.404163056034261459e+01,2.353720459187963954e+01,5.032891812864647818e+01,4.648655719667783615e+01,3.945883931389771959e+01,4.016217125604640614e+01,2.806746100984593095e+00
1.860107523773827509e+01,1.360147050873544394e+01,2.404163056034261459e+01,2.256102834535695578e+01,4.939635614091387339e+01,4.648655719667783615e+01,3.962322551231790158e+01,4.016217125604640614e+01,2.738071198752553226e+00
1.749285568453590045e+01,1.392838827718411920e+01,2.563201123595259290e+01,2.334523505985750447e+01,5.032891812864647818e+01,4.743416490252568707e+01,3.945883931389771959e+01,3.984971769034255118e+01,2.783494478174130204e+00
1.802775637731994607e+01,1.360147050873544394e+01,2.469817807045693669e+01,2.353720459187963954e+01,5.162363799656122865e+01,4.838388161361177708e+01,4.031128874149274566e+01,4.016217125604640614e+01,2.701196667399449858e+00
1.664331697709323876e+01,1.392838827718411920e+01,2.507987240796890660e+01,2.433105012119287736e+01,5.126402247190518580e+01,4.743416490252568707e+01,4.031128874149274566e+01,4.016217125604640614e+01,2.753554097394562916e+00
2.024845673131658685e+01,1.236931687685298087e+01,2.692582403567251959e+01,2.433105012119287736e+01,5.515432893255070468e+01,5.107837115648853654e+01,4.242640687119285303e+01,4.031128874149274566e+01,2.670215050980046634e+00
2.000000000000000000e+01,1.431782106327635340e+01,2.785677655436823841e+01,2.531797780234432693e+01,5.515432893255070468e+01,5.015974481593781320e+01,4.341658669218482203e+01,4.114608122288196768e+01,2.725035152548283435e+00
1.860107523773827509e+01,1.529705854077835525e+01,2.785677655436823841e+01,2.433105012119287736e+01,5.371219600798313820e+01,5.032891812864647818e+01,4.440720662234903671e+01,4.159326868617084472e+01,2.748047898014077006e+00
1.720465053408525335e+01,1.655294535724684835e+01,2.500000000000000000e+01,2.100000000000000000e+01,5.099019513592784847e+01,4.808326112068522917e+01,4.418144406874904462e+01,4.118252056394800320e+01,3.038995580279113540e+00
1.615549442140351033e+01,1.526433752247374720e+01,2.209072203437452231e+01,2.121320343559642652e+01,4.651881339845203200e+01,4.609772228646443892e+01,4.418144406874904462e+01,4.070626487409523975e+01,3.082475428649110949e+00
1.403566884761819900e+01,1.702938636592640265e+01,1.992485884517127559e+01,2.284731931759172596e+01,4.204759208325727826e+01,4.310452412450461424e+01,4.404543109109047805e+01,4.159326868617084472e+01,3.334052419366134501e+00
1.019803902718556898e+01,1.615549442140351033e+01,1.931320791582796659e+01,2.280350850198275836e+01,4.024922359499621649e+01,4.200000000000000000e+01,4.401136216933077350e+01,4.205948168962618183e+01,3.530746913805920872e+00
1.264911064067351809e+01,1.486606874731850603e+01,2.059126028197400160e+01,2.334523505985750447e+01,3.847076812334268681e+01,4.104875150354758517e+01,4.301162633521313694e+01,4.205948168962618183e+01,3.571842547237263688e+00
1.360147050873544394e+01,2.024845673131658685e+01,1.860107523773827509e+01,2.483948469674844262e+01,3.712142238654116966e+01,4.104875150354758517e+01,4.301162633521313694e+01,4.070626487409523975e+01,3.772018266465671843e+00
9.486832980505138124e+00,1.910497317454279909e+01,1.910497317454279909e+01,2.657066051117284644e+01,3.584689665786984136e+01,4.143669871020131978e+01,4.404543109109047805e+01,4.081666326391709987e+01,3.989229766248737263e+00
1.029563014098700080e+01,1.772004514666934938e+01,2.000000000000000000e+01,2.668332812825266842e+01,3.580502757993631491e+01,4.295346318982905842e+01,4.219004621945797595e+01,3.996248240537617136e+01,4.001872606552091760e+00
1.029563014098700080e+01,1.746424919657297892e+01,1.984943324127920761e+01,2.692582403567251959e+01,3.580502757993631491e+01,4.317406628984580408e+01,4.229657196511320194e+01,3.996248240537617136e+01,3.932199103226313497e+00
1.204159457879229578e+01,2.109502310972898798e+01,1.720465053408525335e+01,2.529822128134703618e+01,3.560898762952971452e+01,4.244997055358224713e+01,4.219004621945797595e+01,4.188078318274384770e+01,4.034071515499626948e+00
1.252996408614166768e+01,2.529822128134703618e+01,1.581138830084189628e+01,2.418677324489564739e+01,3.606937759374286401e+01,4.522167621838005402e+01,4.119465984809195902e+01,4.272001872658765365e+01,4.383062813336852770e+00
1.627882059609970611e+01,3.067572330035593353e+01,1.603121954188139853e+01,2.202271554554523902e+01,3.780211634287159939e+01,4.792702786528703740e+01,3.962322551231790158e+01,4.301162633521313694e+01,4.535354242816706183e+00
1.486606874731850603e+01,2.915475947422650194e+01,1.600000000000000000e+01,2.100000000000000000e+01,3.744329045369811126e+01,4.875448697299562184e+01,3.883297567789519888e+01,4.220189569201838253e+01,4.543906168784890731e+00
1.780449381476485726e+01,3.138470965295043058e+01,1.824828759089465890e+01,2.022374841615668473e+01,4.118252056394800320e+01,4.837354648979129479e+01,3.769615364994152884e+01,4.172529209005013229e+01,4.551717049784032021e+00
1.984943324127920761e+01,2.915475947422650194e+01,1.513274595042155646e+01,2.220360331117451835e+01,3.883297567789519888e+01,4.527692569068708650e+01,3.535533905932737753e+01,4.494441010848846219e+01,4.231241649225226276e+00
2.051828452868319275e+01,3.046309242345563462e+01,1.627882059609970611e+01,2.319482700948640286e+01,4.031128874149274566e+01,4.327817001676480402e+01,3.605551275463989214e+01,4.569463863518345192e+01,4.160316693665594201e+00
2.000000000000000000e+01,3.041381265149109936e+01,1.513274595042155646e+01,2.433105012119287736e+01,4.201190307520000999e+01,4.143669871020131978e+01,3.883297567789519888e+01,5.035871324805668792e+01,3.924277528499395373e+00
2.580697580112788003e+01,3.289376840679705083e+01,1.513274595042155646e+01,2.451530134426252516e+01,4.119465984809195902e+01,4.052159917870962147e+01,4.070626487409523975e+01,4.901020301937138157e+01,3.777847512403180730e+00
2.701851217221259205e+01,3.324154027718932269e+01,1.627882059609970611e+01,2.668332812825266842e+01,4.031128874149274566e+01,3.860051813123756403e+01,3.981205847478876336e+01,4.617358552246078318e+01,3.727099006705732354e+00
3.061045573002793319e+01,3.420526275297414287e+01,1.513274595042155646e+01,2.668332812825266842e+01,4.079215610874227593e+01,3.807886552931954327e+01,3.862641583165593318e+01,4.554119014694280310e+01,3.617615121360454378e+00
3.324154027718932269e+01,3.452535300326413648e+01,1.612451549659709826e+01,2.765863337187866122e+01,4.341658669218482203e+01,3.956008088970496317e+01,3.992492955535426091e+01,4.707440918375927907e+01,3.529049109098247428e+00
3.330165161069342616e+01,3.313608305156178346e+01,1.802775637731994607e+01,2.983286778035259701e+01,4.617358552246078318e+01,4.332435804486893716e+01,4.085339643163099055e+01,4.632493928760187885e+01,3.413595258829002610e+00
2.765863337187866122e+01,3.162277660168379256e+01,2.102379604162863913e+01,3.138470965295043058e+01,5.162363799656122865e+01,5.032891812864647818e+01,3.984971769034255118e+01,4.317406628984580408e+01,3.527794062589576729e+00
2.906888370749726747e+01,3.157530680769388809e+01,2.209072203437452231e+01,3.162277660168379256e+01,5.107837115648853654e+01,5.126402247190518580e+01,4.148493702538308270e+01,4.176122603564220270e+01,3.380453688398759926e+00
3.275667870831839679e+01,3.201562118716424266e+01,2.061552812808830382e+01,3.238826948140329165e+01,5.147815070493500400e+01,5.220153254455274805e+01,4.123105625617660763e+01,4.080441152620633005e+01,3.164788106091940278e+00
3.420526275297414287e+01,3.257299494980465937e+01,2.154065922853801496e+01,3.106444913401813324e+01,5.200000000000000000e+01,4.976946855251721757e+01,4.123105625617660763e+01,4.143669871020131978e+01,2.954866849815049878e+00
3.298484500494128469e+01,3.324154027718932269e+01,2.282542442102665348e+01,3.114482300479487265e+01,5.220153254455274805e+01,4.965883607174054504e+01,4.176122603564220270e+01,4.205948168962618183e+01,2.958591449392747208e+00
3.395585369269929288e+01,3.324154027718932269e+01,2.236067977499789805e+01,3.114482300479487265e+01,5.220153254455274805e+01,5.008991914547277702e+01,4.205948168962618183e+01,4.205948168962618183e+01,2.966707699944052923e+00
3.395585369269929288e+01,3.361547262794321966e+01,2.236067977499789805e+01,3.014962686336266984e+01,5.186520991955976001e+01,4.919349550499537571e+01,4.205948168962618183e+01,4.205948168962618183e+01,2.975378811287175296e+00
3.324154027718932269e+01,3.354101966249684352e+01,2.332380757938120297e+01,3.059411708155671050e+01,5.281098370604357228e+01,4.964876634922563881e+01,4.301162633521313694e+01,4.237924020083418242e+01,2.887450634815679429e+00
3.505709628591620941e+01,3.342154993413680586e+01,2.385372088375312671e+01,2.816025568065744622e+01,5.249761899362675166e+01,4.876474136094643796e+01,4.301162633521313694e+01,4.237924020083418242e+01,2.764923556184859965e+00
3.535533905932737753e+01,3.324154027718932269e+01,2.360084744241189370e+01,2.785677655436823841e+01,5.288667128870940815e+01,4.802082881417187821e+01,4.301162633521313694e+01,4.143669871020131978e+01,2.709980694131379764e+00
3.306055050963308162e+01,3.440930106817050671e+01,2.280350850198275836e+01,2.954657340538831534e+01,5.481788029466298440e+01,4.770744176750625343e+01,4.205948168962618183e+01,4.237924020083418242e+01,2.783983037698812169e+00
3.201562118716424266e+01,3.190611226708763226e+01,2.280350850198275836e+01,3.067572330035593353e+01,5.536244214266563546e+01,4.992995093127971273e+01,4.237924020083418242e+01,4.237924020083418242e+01,2.799385539615974139e+00
2.863564212655270680e+01,3.178049716414140846e+01,2.247220505424423109e+01,3.354101966249684352e+01,5.630275304103698630e+01,5.283937925449162520e+01,4.301162633521313694e+01,4.237924020083418242e+01,2.962376908812890619e+00
1.676305461424021104e+01,2.570992026436488231e+01,2.284731931759172596e+01,3.101612483854164637e+01,5.758472019555187416e+01,5.507267925205745485e+01,4.272001872658765365e+01,4.110960958218893069e+01,3.200547740835602895e+00
1.552417469626002422e+01,2.473863375370596174e+01,2.469817807045693669e+01,3.014962686336266984e+01,5.630275304103698630e+01,5.323532661682465772e+01,4.272001872658765365e+01,4.205948168962618183e+01,3.240327163428806223e+00
1.403566884761819900e+01,2.118962010041709121e+01,2.563201123595259290e+01,3.014962686336266984e+01,5.852349955359812839e+01,5.608029957123981291e+01,4.272001872658765365e+01,4.016217125604640614e+01,3.188433366505762923e+00
1.400000000000000000e+01,2.213594362117865444e+01,2.459674775249768786e+01,3.201562118716424266e+01,5.913543776789007467e+01,5.907622195096772089e+01,4.205948168962618183e+01,3.736308338453881106e+01,3.155815974888648512e+00
1.627882059609970611e+01,2.308679276123039159e+01,2.416609194718914466e+01,3.313608305156178346e+01,5.249761899362675166e+01,5.824946351684279477e+01,4.295346318982905842e+01,3.569313659514949677e+01,3.227287452296636605e+00
1.414213562373095101e+01,2.158703314492290204e+01,2.594224354214569317e+01,3.100000000000000000e+01,5.797413216254297907e+01,6.403124237432848531e+01,4.428317965096906050e+01,3.535533905932737753e+01,3.188257623995458978e+00
1.603121954188139853e+01,2.202271554554523902e+01,2.555386467836127551e+01,2.801785145224380003e+01,6.476109943476870967e+01,5.622277118748238678e+01,4.049691346263317371e+01,4.295346318982905842e+01,3.165497244534298371e+00
1.603121954188139853e+01,2.302172886644267535e+01,2.523885892824792521e+01,2.915475947422650194e+01,6.888396039717810027e+01,6.020797289396147534e+01,3.862641583165593318e+01,4.159326868617084472e+01,3.158881996948001536e+00
2.200000000000000000e+01,2.549509756796392423e+01,2.580697580112788003e+01,3.224903099319419653e+01,7.203471385380801451e+01,6.363961030678927955e+01,3.676955262170046979e+01,3.945883931389771959e+01,3.112168269674549848e+00
1.389244398944980396e+01,1.811077027627483460e+01,2.720294101747088789e+01,3.014962686336266984e+01,7.212489168102784731e+01,6.438167441127949076e+01,3.453983207834108526e+01,3.847076812334268681e+01,3.059602816254936464e+00
1.360147050873544394e+01,1.486606874731850603e+01,2.830194339616981125e+01,2.801785145224380003e+01,6.476109943476870967e+01,6.236986451805070431e+01,3.757658845611187104e+01,3.805259518088089266e+01,3.100865390528216636e+00
1.280624847486569706e+01,1.627882059609970611e+01,2.662705391138869615e+01,2.807133769523639799e+01,6.476109943476870967e+01,6.155485358604957469e+01,3.535533905932737753e+01,3.801315561749642313e+01,3.130246695692158632e+00
1.526433752247374720e+01,1.711724276862369010e+01,2.842534080710379030e+01,2.915475947422650194e+01,6.493843238021688080e+01,6.370243323453194506e+01,3.721558813185679071e+01,3.600000000000000000e+01,3.087786371218933290e+00
1.802775637731994607e+01,1.612451549659709826e+01,2.765863337187866122e+01,3.140063693621516450e+01,6.511528238439882443e+01,6.438167441127949076e+01,3.758989225842500304e+01,3.501428280002319582e+01,2.961436764934441968e+00
1.769180601295413169e+01,1.603121954188139853e+01,2.831960451701259274e+01,3.104834939252004844e+01,6.592419889539803535e+01,6.594694837519018904e+01,3.773592452822641263e+01,3.500000000000000000e+01,2.925804519179551644e+00
1.526433752247374720e+01,1.700000000000000000e+01,3.061045573002793319e+01,3.201562118716424266e+01,5.953990258641678679e+01,6.087692502089769420e+01,3.858756276314947797e+01,3.400000000000000000e+01,3.126518418594833815e+00
1.431782106327635340e+01,1.802775637731994607e+01,2.884441020371191300e+01,3.000000000000000000e+01,5.953990258641678679e+01,6.081118318204308792e+01,3.773592452822641263e+01,3.612478373637688378e+01,3.228388317745458203e+00
1.140175425099137918e+01,1.523154621172781731e+01,2.865309756378880479e+01,2.707397274136176790e+01,5.742821606144492108e+01,5.872818744010409375e+01,3.807886552931954327e+01,3.612478373637688378e+01,3.308191445997249680e+00
1.345362404707370985e+01,1.486606874731850603e+01,2.778488797889960793e+01,2.901723625709381693e+01,5.557877292636101174e+01,5.731491952362839726e+01,3.847076812334268681e+01,3.400000000000000000e+01,3.178100355105068164e+00
1.389244398944980396e+01,1.612451549659709826e+01,2.884441020371191300e+01,3.001666203960726875e+01,5.671860364994893189e+01,5.800000000000000000e+01,3.758989225842500304e+01,3.400000000000000000e+01,3.171017037505037273e+00
1.389244398944980396e+01,1.627882059609970611e+01,2.884441020371191300e+01,3.101612483854164637e+01,5.770615218501403376e+01,5.872818744010409375e+01,3.847076812334268681e+01,3.500000000000000000e+01,3.166666874625125416e+00
1.272792206135785520e+01,1.581138830084189628e+01,2.865309756378880479e+01,2.801785145224380003e+01,5.755866572463263964e+01,5.872818744010409375e+01,3.847076812334268681e+01,3.501428280002319582e+01,3.238906327786978068e+00
1.303840481040529831e+01,1.581138830084189628e+01,2.865309756378880479e+01,2.601922366251537611e+01,5.742821606144492108e+01,5.946427498927402411e+01,3.847076812334268681e+01,3.512833614050059339e+01,3.229314828912508428e+00
1.476482306023340030e+01,1.802775637731994607e+01,2.830194339616981125e+01,2.901723625709381693e+01,5.643580423808985103e+01,5.805170109479996654e+01,3.894868418830089496e+01,3.605551275463989214e+01,3.186967279891932847e+00
1.664331697709323876e+01,1.603121954188139853e+01,2.745906043549196340e+01,2.807133769523639799e+01,5.854912467321778990e+01,5.869412236331675814e+01,3.758989225842500304e+01,3.501428280002319582e+01,3.096626584175384167e+00
1.702938636592640265e+01,1.204159457879229578e+01,2.701851217221259205e+01,3.106444913401813324e+01,5.968249324550709645e+01,5.941380311005179493e+01,3.758989225842500304e+01,3.601388621073821383e+01,2.963996486306305300e+00
1.486606874731850603e+01,1.513274595042155646e+01,2.831960451701259274e+01,2.745906043549196340e+01,5.941380311005179493e+01,5.869412236331675814e+01,3.758989225842500304e+01,3.501428280002319582e+01,2.994541827072286999e+00
1.476482306023340030e+01,1.523154621172781731e+01,3.023243291566194912e+01,2.785677655436823841e+01,5.913543776789007467e+01,5.738466694161429160e+01,3.827531841800927737e+01,3.705401462729781059e+01,2.843093722003613877e+00
1.581138830084189628e+01,1.627882059609970611e+01,3.269556544854363267e+01,2.778488797889960793e+01,5.800000000000000000e+01,5.544366510251644797e+01,3.940812099047606409e+01,3.811823710509183627e+01,2.708269860546155261e+00
2.118962010041709121e+01,1.838477631085023489e+01,3.228002478313794654e+01,2.765863337187866122e+01,5.800000000000000000e+01,5.481788029466298440e+01,3.920459156782531807e+01,3.911521443121588959e+01,2.498379895422888630e+00
1.811077027627483460e+01,1.702938636592640265e+01,3.228002478313794654e+01,2.828427124746190202e+01,5.703507692639679760e+01,5.544366510251644797e+01,4.201190307520000999e+01,4.019950248448355978e+01,2.517890937362901482e+00
1.503329637837290811e+01,1.500000000000000000e+01,3.228002478313794654e+01,2.765863337187866122e+01,5.508175741568164341e+01,5.326349594234309848e+01,4.186884283091664116e+01,4.130375285612676350e+01,2.604266724270291711e+00
1.403566884761819900e+01,1.431782106327635340e+01,3.046309242345563462e+01,2.745906043549196340e+01,5.323532661682465772e+01,4.883646178829911833e+01,4.080441152620633005e+01,4.130375285612676350e+01,2.723965160704841626e+00
1.414213562373095101e+01,1.456021977856103611e+01,2.778488797889960793e+01,2.607680962081059661e+01,5.234500931320960149e+01,4.951767361255978983e+01,4.060788100849390503e+01,4.177319714841084419e+01,2.815951068246506317e+00
1.303840481040529831e+01,1.431782106327635340e+01,2.683281572999747766e+01,2.662705391138869615e+01,5.423098745182499414e+01,5.099019513592784847e+01,4.060788100849390503e+01,4.159326868617084472e+01,2.772287799418665877e+00
1.503329637837290811e+01,1.392838827718411920e+01,2.863564212655270680e+01,2.720294101747088789e+01,5.135172830587107029e+01,4.951767361255978983e+01,4.036087214122112954e+01,4.317406628984580408e+01,2.732436500829718007e+00
1.500000000000000000e+01,1.700000000000000000e+01,2.343074902771996193e+01,2.640075756488817049e+01,5.124451190127582834e+01,4.949747468305832854e+01,4.186884283091664116e+01,4.373785545725807822e+01,3.053327015604984762e+00
1.456021977856103611e+01,1.868154169226940553e+01,1.835755975068581947e+01,2.863564212655270680e+01,4.726520919238589613e+01,4.500000000000000000e+01,4.161730409336962566e+01,4.455333881989092504e+01,3.234709761909809966e+00
1.400000000000000000e+01,2.024845673131658685e+01,1.788854381999831844e+01,2.915475947422650194e+01,4.627094120503709718e+01,4.161730409336962566e+01,4.188078318274384770e+01,4.517742799230607176e+01,3.360261599463735038e+00
1.216552506059643868e+01,2.325940669922601600e+01,1.838477631085023489e+01,2.906888370749726747e+01,4.554119014694280310e+01,3.996248240537617136e+01,4.272001872658765365e+01,4.726520919238589613e+01,3.523875227768542562e+00
1.341640786499873883e+01,1.664331697709323876e+01,2.061552812808830382e+01,2.901723625709381693e+01,4.570557952810575841e+01,3.996248240537617136e+01,4.304648650006176780e+01,4.627094120503709718e+01,3.309478981108349593e+00
1.264911064067351809e+01,1.802775637731994607e+01,1.897366596101027625e+01,2.801785145224380003e+01,4.570557952810575841e+01,4.081666326391709987e+01,4.304648650006176780e+01,4.638965401897280572e+01,3.394146929367853005e+00
1.300000000000000000e+01,2.059126028197400160e+01,1.802775637731994607e+01,2.901723625709381693e+01,4.472135954999579610e+01,3.944616584663204151e+01,4.304648650006176780e+01,4.627094120503709718e+01,3.457493309129324732e+00
1.403566884761819900e+01,1.969771560359220786e+01,1.802775637731994607e+01,2.807133769523639799e+01,4.472135954999579610e+01,3.944616584663204151e+01,4.304648650006176780e+01,4.627094120503709718e+01,3.402334593201146173e+00
1.414213562373095101e+01,1.969771560359220786e+01,1.897366596101027625e+01,2.807133769523639799e+01,4.472135954999579610e+01,3.996248240537617136e+01,4.304648650006176780e+01,4.527692569068708650e+01,3.402334593201146173e+00
1.403566884761819900e+01,1.969771560359220786e+01,1.802775637731994607e+01,2.807133769523639799e+01,4.472135954999579610e+01,3.996248240537617136e+01,4.356604182158393002e+01,4.627094120503709718e+01,3.407844702740718823e+00
1.315294643796590535e+01,1.969771560359220786e+01,1.897366596101027625e+01,2.707397274136176790e+01,4.570557952810575841e+01,4.049691346263317371e+01,4.304648650006176780e+01,4.527692569068708650e+01,3.432996630236409885e+00
1.216552506059643868e+01,2.024845673131658685e+01,1.931320791582796659e+01,2.617250465660480074e+01,4.570557952810575841e+01,4.049691346263317371e+01,4.304648650006176780e+01,4.527692569068708650e+01,3.432996630236409885e+00
1.315294643796590535e+01,2.024845673131658685e+01,1.897366596101027625e+01,2.617250465660480074e+01,4.570557952810575841e+01,4.049691346263317371e+01,4.304648650006176780e+01,4.527692569068708650e+01,3.432996630236409885e+00
1.315294643796590535e+01,2.024845673131658685e+01,1.931320791582796659e+01,2.716615541441224835e+01,4.472135954999579610e+01,3.996248240537617136e+01,4.356604182158393002e+01,4.627094120503709718e+01,3.407844702740718823e+00
1.315294643796590535e+01,2.024845673131658685e+01,1.931320791582796659e+01,2.716615541441224835e+01,4.472135954999579610e+01,3.996248240537617136e+01,4.304648650006176780e+01,4.527692569068708650e+01,3.402334593201146173e+00
1.315294643796590535e+01,2.024845673131658685e+01,1.931320791582796659e+01,2.716615541441224835e+01,4.472135954999579610e+01,3.996248240537617136e+01,4.304648650006176780e+01,4.527692569068708650e+01,3.402334593201146173e+00
1.315294643796590535e+01,2.024845673131658685e+01,1.897366596101027625e+01,2.617250465660480074e+01,4.570557952810575841e+01,4.049691346263317371e+01,4.356604182158393002e+01,4.627094120503709718e+01,3.438369934090338198e+00
1.315294643796590535e+01,2.024845673131658685e+01,1.931320791582796659e+01,2.716615541441224835e+01,4.472135954999579610e+01,3.996248240537617136e+01,4.356604182158393002e+01,4.627094120503709718e+01,3.407844702740718823e+00
1.315294643796590535e+01,2.024845673131658685e+01,1.931320791582796659e+01,2.716615541441224835e+01,4.472135954999579610e+01,4.049691346263317371e+01,4.356604182158393002e+01,4.527692569068708650e+01,3.407844702740718823e+00
1.414213562373095101e+01,1.992485884517127559e+01,1.931320791582796659e+01,2.716615541441224835e+01,4.472135954999579610e+01,4.049691346263317371e+01,4.356604182158393002e+01,4.527692569068708650e+01,3.384180481961645892e+00
1.303840481040529831e+01,2.024845673131658685e+01,1.838477631085023489e+01,2.716615541441224835e+01,4.472135954999579610e+01,3.996248240537617136e+01,4.356604182158393002e+01,4.627094120503709718e+01,3.407844702740718823e+00
1.303840481040529831e+01,2.024845673131658685e+01,1.838477631085023489e+01,2.716615541441224835e+01,4.472135954999579610e+01,3.996248240537617136e+01,4.304648650006176780e+01,4.527692569068708650e+01,3.402334593201146173e+00
1.315294643796590535e+01,2.024845673131658685e+01,1.931320791582796659e+01,2.716615541441224835e+01,4.472135954999579610e+01,3.996248240537617136e+01,4.304648650006176780e+01,4.527692569068708650e+01,3.402334593201146173e+00
1.315294643796590535e+01,2.024845673131658685e+01,1.931320791582796659e+01,2.716615541441224835e+01,4.472135954999579610e+01,4.049691346263317371e+01,4.304648650006176780e+01,4.428317965096906050e+01,3.402334593201146173e+00
1.315294643796590535e+01,2.024845673131658685e+01,1.931320791582796659e+01,2.716615541441224835e+01,4.472135954999579610e+01,3.996248240537617136e+01,4.304648650006176780e+01,4.527692569068708650e+01,3.402334593201146173e+00
1.315294643796590535e+01,1.992485884517127559e+01,1.969771560359220786e+01,2.716615541441224835e+01,4.472135954999579610e+01,3.996248240537617136e+01,4.304648650006176780e+01,4.527692569068708650e+01,3.378670372422073243e+00
1.315294643796590535e+01,1.931320791582796659e+01,1.931320791582796659e+01,2.707397274136176790e+01,4.472135954999579610e+01,3.996248240537617136e+01,4.304648650006176780e+01,4.527692569068708650e+01,3.402334593201146173e+00
1.315294643796590535e+01,1.897366596101027625e+01,1.931320791582796659e+01,2.607680962081059661e+01,4.570557952810575841e+01,4.049691346263317371e+01,4.304648650006176780e+01,4.527692569068708650e+01,3.407844702740718823e+00
1.334166406412633421e+01,1.897366596101027625e+01,2.061552812808830382e+01,2.707397274136176790e+01,4.472135954999579610e+01,3.996248240537617136e+01,4.304648650006176780e+01,4.527692569068708650e+01,3.378670372422073243e+00
1.216552506059643868e+01,1.931320791582796659e+01,1.969771560359220786e+01,2.707397274136176790e+01,4.472135954999579610e+01,3.996248240537617136e+01,4.304648650006176780e+01,4.527692569068708650e+01,3.402334593201146173e+00
1.360147050873544394e+01,1.802775637731994607e+01,2.061552812808830382e+01,2.707397274136176790e+01,4.472135954999579610e+01,3.996248240537617136e+01,4.304648650006176780e+01,4.527692569068708650e+01,3.347843136960414689e+00
1.315294643796590535e+01,1.897366596101027625e+01,1.969771560359220786e+01,2.707397274136176790e+01,4.472135954999579610e+01,3.996248240537617136e+01,4.304648650006176780e+01,4.527692569068708650e+01,3.378670372422073243e+00
1.334166406412633421e+01,1.931320791582796659e+01,2.061552812808830382e+01,2.807133769523639799e+01,4.472135954999579610e+01,3.996248240537617136e+01,4.304648650006176780e+01,4.527692569068708650e+01,3.378670372422073243e+00
1.414213562373095101e+01,1.931320791582796659e+01,1.931320791582796659e+01,2.807133769523639799e+01,4.472135954999579610e+01,3.996248240537617136e+01,4.304648650006176780e+01,4.527692569068708650e+01,3.378670372422073243e+00
1.334166406412633421e+01,1.931320791582796659e+01,2.061552812808830382e+01,2.807133769523639799e+01,4.472135954999579610e+01,3.996248240537617136e+01,4.304648650006176780e+01,4.527692569068708650e+01,3.378670372422073243e+00
1.315294643796590535e+01,2.024845673131658685e+01,2.061552812808830382e+01,2.807133769523639799e+01,4.472135954999579610e+01,3.996248240537617136e+01,4.304648650006176780e+01,4.527692569068708650e+01,3.408114875644807640e+00
1.334166406412633421e+01,1.897366596101027625e+01,2.061552812808830382e+01,2.707397274136176790e+01,4.472135954999579610e+01,3.996248240537617136e+01,4.304648650006176780e+01,4.527692569068708650e+01,3.378670372422073243e+00
1.315294643796590535e+01,2.024845673131658685e+01,2.024845673131658685e+01,2.707397274136176790e+01,4.570557952810575841e+01,3.996248240537617136e+01,4.304648650006176780e+01,4.627094120503709718e+01,3.437597824759383691e+00
1.315294643796590535e+01,2.024845673131658685e+01,2.024845673131658685e+01,2.707397274136176790e+01,4.472135954999579610e+01,3.996248240537617136e+01,4.356604182158393002e+01,4.627094120503709718e+01,3.437597824759383691e+00
1.315294643796590535e+01,2.024845673131658685e+01,2.024845673131658685e+01,2.707397274136176790e+01,4.570557952810575841e+01,3.996248240537617136e+01,4.304648650006176780e+01,4.627094120503709718e+01,3.437597824759383691e+00
1.315294643796590535e+01,2.024845673131658685e+01,2.024845673131658685e+01,2.707397274136176790e+01,4.472135954999579610e+01,3.996248240537617136e+01,4.304648650006176780e+01,4.527692569068708650e+01,3.432087715219811042e+00
1.315294643796590535e+01,2.024845673131658685e+01,2.024845673131658685e+01,2.707397274136176790e+01,4.472135954999579610e+01,3.996248240537617136e+01,4.304648650006176780e+01,4.527692569068708650e+01,3.432087715219811042e+00
1.360147050873544394e+01,1.931320791582796659e+01,2.118962010041709121e+01,2.707397274136176790e+01,4.472135954999579610e+01,3.996248240537617136e+01,4.304648650006176780e+01,4.527692569068708650e+01,3.402334593201146173e+00
1.315294643796590535e+01,2.024845673131658685e+01,2.024845673131658685e+01,2.707397274136176790e+01,4.570557952810575841e+01,3.996248240537617136e+01,4.254409477236529824e+01,4.527692569068708650e+01,3.432087715219811042e+00
1.315294643796590535e+01,2.024845673131658685e+01,2.024845673131658685e+01,2.707397274136176790e+01,4.570557952810575841e+01,3.996248240537617136e+01,4.254409477236529824e+01,4.527692569068708650e+01,3.432087715219811042e+00
1.431782106327635340e+01,1.931320791582796659e+01,1.992485884517127559e+01,2.707397274136176790e+01,4.570557952810575841e+01,3.996248240537617136e+01,4.304648650006176780e+01,4.627094120503709718e+01,3.407844702740718823e+00
1.414213562373095101e+01,2.024845673131658685e+01,1.992485884517127559e+01,2.707397274136176790e+01,4.570557952810575841e+01,3.996248240537617136e+01,4.254409477236529824e+01,4.527692569068708650e+01,3.432087715219811042e+00
1.414213562373095101e+01,2.024845673131658685e+01,1.992485884517127559e+01,2.707397274136176790e+01,4.570557952810575841e+01,3.996248240537617136e+01,4.254409477236529824e+01,4.527692569068708650e+01,3.432087715219811042e+00
1.315294643796590535e+01,2.024845673131658685e+01,2.024845673131658685e+01,2.707397274136176790e+01,4.570557952810575841e+01,3.996248240537617136e+01,4.254409477236529824e+01,4.527692569068708650e+01,3.432087715219811042e+00
1.315294643796590535e+01,2.024845673131658685e+01,2.024845673131658685e+01,2.707397274136176790e+01,4.472135954999579610e+01,3.996248240537617136e+01,4.304648650006176780e+01,4.527692569068708650e+01,3.432087715219811042e+00
1.315294643796590535e+01,2.024845673131658685e+01,2.024845673131658685e+01,2.707397274136176790e+01,4.472135954999579610e+01,3.996248240537617136e+01,4.304648650006176780e+01,4.527692569068708650e+01,3.432087715219811042e+00
1.414213562373095101e+01,2.024845673131658685e+01,1.992485884517127559e+01,2.707397274136176790e+01,4.570557952810575841e+01,3.996248240537617136e+01,4.254409477236529824e+01,4.527692569068708650e+01,3.432087715219811042e+00
1.414213562373095101e+01,2.024845673131658685e+01,1.992485884517127559e+01,2.707397274136176790e+01,4.472135954999579610e+01,3.996248240537617136e+01,4.304648650006176780e+01,4.527692569068708650e+01,3.432087715219811042e+00
1.360147050873544394e+01,1.931320791582796659e+01,2.118962010041709121e+01,2.707397274136176790e+01,4.570557952810575841e+01,3.996248240537617136e+01,4.254409477236529824e+01,4.527692569068708650e+01,3.402334593201146173e+00
1.442220510185595650e+01,1.700000000000000000e+01,2.154065922853801496e+01,2.816025568065744622e+01,4.554119014694280310e+01,4.167733196834941367e+01,4.341658669218482203e+01,4.527692569068708650e+01,3.242899497922306917e+00
1.389244398944980396e+01,1.708800749063506075e+01,2.102379604162863913e+01,2.729468812791236232e+01,4.539823785126466760e+01,4.254409477236529824e+01,4.341658669218482203e+01,4.527692569068708650e+01,3.209285676283761823e+00
1.612451549659709826e+01,1.811077027627483460e+01,2.163330765278393741e+01,2.529822128134703618e+01,4.539823785126466760e+01,4.272001872658765365e+01,4.304648650006176780e+01,4.428317965096906050e+01,3.075412638325981440e+00
2.080865204668481283e+01,2.080865204668481283e+01,2.193171219946130890e+01,2.385372088375312671e+01,4.816637831516918311e+01,4.500000000000000000e+01,4.243819034784588951e+01,4.527692569068708650e+01,2.859380821542012896e+00
2.280350850198275836e+01,2.334523505985750447e+01,2.561249694973139412e+01,2.662705391138869615e+01,4.909175083453430943e+01,4.609772228646443892e+01,4.301162633521313694e+01,4.410215414239988974e+01,2.786026611445645784e+00
1.984943324127920761e+01,2.080865204668481283e+01,2.780287754891568852e+01,2.745906043549196340e+01,5.115662224971465122e+01,4.666904755831213691e+01,4.220189569201838253e+01,4.310452412450461424e+01,2.822712482124752231e+00
2.334523505985750447e+01,2.408318915758459156e+01,2.692582403567251959e+01,2.842534080710379030e+01,5.215361924162119323e+01,4.810405388322277531e+01,4.360045871318327926e+01,4.304648650006176780e+01,2.713340266526390820e+00
2.690724809414741969e+01,2.662705391138869615e+01,2.662705391138869615e+01,2.690724809414741969e+01,5.315072906367324634e+01,4.967896939349688523e+01,4.341658669218482203e+01,4.204759208325727826e+01,2.711514518533930662e+00
2.860069929215018192e+01,2.884441020371191300e+01,2.607680962081059661e+01,2.831960451701259274e+01,5.423098745182499414e+01,4.981967482832460092e+01,4.404543109109047805e+01,4.304648650006176780e+01,2.735094120344348845e+00
2.830194339616981125e+01,3.061045573002793319e+01,2.523885892824792521e+01,2.900000000000000000e+01,5.622277118748238678e+01,5.000000000000000000e+01,4.404543109109047805e+01,4.401136216933077350e+01,2.786947782878976820e+00
3.087069808086626210e+01,3.124099870362661591e+01,2.420743687382040932e+01,2.920616373302046753e+01,5.830951894845300387e+01,5.325410782277739230e+01,4.393176527297759293e+01,4.310452412450461424e+01,2.883199953849151953e+00
3.176476034853718033e+01,3.000000000000000000e+01,2.420743687382040932e+01,2.920616373302046753e+01,5.842088667591411877e+01,5.353503525729669121e+01,4.455333881989092504e+01,4.418144406874904462e+01,2.867750617362650356e+00
3.224903099319419653e+01,3.190611226708763226e+01,2.441311123146740414e+01,2.831960451701259274e+01,5.770615218501403376e+01,5.333854141237834767e+01,4.455333881989092504e+01,4.328972164382672361e+01,2.857616907838189668e+00
3.138470965295043058e+01,3.111269837220809009e+01,2.360084744241189370e+01,3.280243893371345365e+01,5.869412236331675814e+01,5.643580423808985103e+01,4.534313619501853765e+01,4.356604182158393002e+01,2.958819223651236285e+00
3.138470965295043058e+01,2.983286778035259701e+01,2.420743687382040932e+01,2.968164415931165934e+01,5.770615218501403376e+01,5.470831746635972337e+01,4.601086828130936368e+01,4.440720662234903671e+01,2.966804664702106464e+00
3.220248437620923454e+01,3.047950130825634218e+01,2.408318915758459156e+01,3.000000000000000000e+01,5.458937625582472464e+01,5.215361924162119323e+01,4.459820624195551630e+01,4.341658669218482203e+01,2.936438828960704406e+00
3.087069808086626210e+01,3.124099870362661591e+01,2.360084744241189370e+01,2.983286778035259701e+01,5.474486277268398027e+01,5.077400909914441485e+01,4.386342439892261780e+01,4.341658669218482203e+01,2.923366773703695465e+00
3.195309061734091571e+01,3.264965543462901820e+01,2.302172886644267535e+01,3.061045573002793319e+01,5.688585061331156822e+01,5.333854141237834767e+01,4.596737973824481571e+01,4.328972164382672361e+01,2.940053169804643929e+00
3.420526275297414287e+01,3.538361202590826338e+01,2.202271554554523902e+01,3.061045573002793319e+01,5.656854249492380404e+01,5.215361924162119323e+01,4.386342439892261780e+01,4.440720662234903671e+01,2.996282642954091191e+00
2.202271554554523902e+01,2.789265136196270589e+01,2.024845673131658685e+01,2.823118842698620767e+01,5.246903848937962067e+01,5.000000000000000000e+01,4.527692569068708650e+01,4.318564576337836769e+01,3.289475005818683684e+00
2.002498439450078749e+01,2.402082429892862692e+01,1.931320791582796659e+01,2.844292530665578411e+01,4.837354648979129479e+01,4.459820624195551630e+01,4.560701700396551672e+01,4.609772228646443892e+01,3.378839048592996885e+00
1.615549442140351033e+01,1.788854381999831844e+01,2.088061301782110135e+01,2.906888370749726747e+01,4.751841748206688720e+01,4.420407221060068537e+01,4.326661530556787483e+01,4.440720662234903671e+01,3.341825085262041473e+00
1.392838827718411920e+01,1.749285568453590045e+01,2.154065922853801496e+01,3.000000000000000000e+01,4.751841748206688720e+01,4.482186966202993972e+01,4.465422712353221613e+01,4.428317965096906050e+01,3.367051019872852713e+00
1.341640786499873883e+01,1.655294535724684835e+01,2.282542442102665348e+01,3.001666203960726875e+01,5.008991914547277702e+01,4.891829923454003648e+01,4.420407221060068537e+01,4.527692569068708650e+01,3.294512883742679143e+00
1.526433752247374720e+01,1.581138830084189628e+01,2.418677324489564739e+01,3.006659275674581622e+01,5.108815909777920439e+01,5.091168824543142080e+01,4.560701700396551672e+01,4.310452412450461424e+01,3.225422353527807040e+00
1.442220510185595650e+01,1.500000000000000000e+01,2.690724809414741969e+01,2.692582403567251959e+01,5.508175741568164341e+01,5.531726674375732244e+01,4.468780594300866227e+01,4.229657196511320194e+01,3.086549625424853893e+00
1.500000000000000000e+01,1.824828759089465890e+01,2.545584412271571040e+01,2.846049894151541437e+01,5.807753438292641590e+01,5.841232746604093506e+01,4.534313619501853765e+01,4.229657196511320194e+01,3.094351363864613180e+00
1.655294535724684835e+01,1.992485884517127559e+01,2.404163056034261459e+01,2.751363298439520833e+01,5.807753438292641590e+01,5.860034129593444874e+01,4.527692569068708650e+01,4.229657196511320194e+01,3.119359976924614308e+00
1.700000000000000000e+01,2.088061301782110135e+01,2.404163056034261459e+01,2.823118842698620767e+01,5.803447251418763386e+01,5.780138406647370175e+01,4.455333881989092504e+01,4.328972164382672361e+01,3.090642559669301903e+00
1.612451549659709826e+01,1.964688270438849926e+01,2.404163056034261459e+01,2.785677655436823841e+01,5.803447251418763386e+01,5.920304046246273799e+01,4.455333881989092504e+01,4.242640687119285303e+01,3.099030061019230509e+00
1.526433752247374720e+01,1.964688270438849926e+01,2.475883680627989492e+01,2.785677655436823841e+01,5.803447251418763386e+01,5.780138406647370175e+01,4.455333881989092504e+01,4.328972164382672361e+01,3.099030061019230509e+00
1.442220510185595650e+01,1.923538406167134340e+01,2.404163056034261459e+01,2.785677655436823841e+01,5.903388857258176614e+01,6.000000000000000000e+01,4.455333881989092504e+01,4.242640687119285303e+01,3.120762333553575907e+00
1.442220510185595650e+01,1.923538406167134340e+01,2.475883680627989492e+01,2.879236009777593708e+01,5.803447251418763386e+01,5.860034129593444874e+01,4.455333881989092504e+01,4.229657196511320194e+01,3.107931903027510323e+00
1.442220510185595650e+01,1.923538406167134340e+01,2.475883680627989492e+01,2.879236009777593708e+01,5.803447251418763386e+01,5.860034129593444874e+01,4.455333881989092504e+01,4.229657196511320194e+01,3.107931903027510323e+00
1.562049935181330795e+01,1.824828759089465890e+01,2.545584412271571040e+01,2.879236009777593708e+01,5.803447251418763386e+01,5.860034129593444874e+01,4.455333881989092504e+01,4.229657196511320194e+01,3.077077500296984347e+00
1.486606874731850603e+01,1.811077027627483460e+01,2.545584412271571040e+01,2.879236009777593708e+01,5.803447251418763386e+01,5.860034129593444874e+01,4.455333881989092504e+01,4.229657196511320194e+01,3.085642601335343738e+00
1.612451549659709826e+01,1.964688270438849926e+01,2.404163056034261459e+01,2.785677655436823841e+01,5.803447251418763386e+01,5.780138406647370175e+01,4.455333881989092504e+01,4.328972164382672361e+01,3.099030061019230509e+00
1.581138830084189628e+01,1.941648783894759944e+01,2.475883680627989492e+01,2.785677655436823841e+01,5.707889277132134254e+01,5.780138406647370175e+01,4.455333881989092504e+01,4.242640687119285303e+01,3.114711849702556101e+00
1.581138830084189628e+01,1.941648783894759944e+01,2.475883680627989492e+01,2.785677655436823841e+01,5.813776741499453493e+01,5.780138406647370175e+01,4.459820624195551630e+01,4.242640687119285303e+01,3.114711849702556101e+00
1.500000000000000000e+01,1.941648783894759944e+01,2.545584412271571040e+01,2.785677655436823841e+01,5.707889277132134254e+01,5.780138406647370175e+01,4.455333881989092504e+01,4.242640687119285303e+01,3.114711849702556101e+00
1.581138830084189628e+01,1.941648783894759944e+01,2.475883680627989492e+01,2.785677655436823841e+01,5.707889277132134254e+01,5.780138406647370175e+01,4.455333881989092504e+01,4.242640687119285303e+01,3.114711849702556101e+00
1.581138830084189628e+01,1.941648783894759944e+01,2.475883680627989492e+01,2.785677655436823841e+01,5.707889277132134254e+01,5.780138406647370175e+01,4.455333881989092504e+01,4.242640687119285303e+01,3.114711849702556101e+00
1.581138830084189628e+01,1.964688270438849926e+01,2.475883680627989492e+01,2.692582403567251959e+01,5.807753438292641590e+01,5.860034129593444874e+01,4.386342439892261780e+01,4.143669871020131978e+01,3.114711849702556101e+00
1.581138830084189628e+01,1.941648783894759944e+01,2.408318915758459156e+01,2.692582403567251959e+01,5.807753438292641590e+01,5.860034129593444874e+01,4.386342439892261780e+01,4.143669871020131978e+01,3.124175289585114257e+00
1.500000000000000000e+01,1.941648783894759944e+01,2.475883680627989492e+01,2.692582403567251959e+01,5.707889277132134254e+01,5.860034129593444874e+01,4.455333881989092504e+01,4.143669871020131978e+01,3.124175289585114257e+00
1.500000000000000000e+01,1.941648783894759944e+01,2.475883680627989492e+01,2.692582403567251959e+01,5.707889277132134254e+01,5.860034129593444874e+01,4.455333881989092504e+01,4.143669871020131978e+01,3.124175289585114257e+00
1.500000000000000000e+01,1.941648783894759944e+01,2.475883680627989492e+01,2.692582403567251959e+01,5.807753438292641590e+01,5.860034129593444874e+01,4.386342439892261780e+01,4.143669871020131978e+01,3.124175289585114257e+00
1.655294535724684835e+01,2.118962010041709121e+01,2.404163056034261459e+01,2.692582403567251959e+01,5.707889277132134254e+01,5.700877125495689768e+01,4.386342439892261780e+01,4.242640687119285303e+01,3.122726967568122625e+00
1.664331697709323876e+01,1.992485884517127559e+01,2.475883680627989492e+01,2.692582403567251959e+01,5.707889277132134254e+01,5.700877125495689768e+01,4.386342439892261780e+01,4.242640687119285303e+01,3.102397051662738825e+00
1.749285568453590045e+01,2.118962010041709121e+01,2.475883680627989492e+01,2.731300056749532601e+01,5.714017850864661341e+01,5.700877125495689768e+01,4.459820624195551630e+01,4.242640687119285303e+01,3.094009550312809775e+00
2.102379604162863913e+01,2.385372088375312671e+01,2.404163056034261459e+01,2.594224354214569317e+01,5.603570290448760005e+01,5.762811813689563678e+01,4.455333881989092504e+01,4.242640687119285303e+01,3.028202131920849638e+00
2.220360331117451835e+01,2.262741699796952233e+01,2.483948469674844262e+01,2.469817807045693669e+01,5.707889277132134254e+01,5.762811813689563678e+01,4.459820624195551630e+01,4.242640687119285303e+01,2.890437285202138273e+00
2.640075756488817049e+01,2.607680962081059661e+01,2.580697580112788003e+01,2.500000000000000000e+01,5.608029957123981291e+01,5.640035460881429685e+01,4.455333881989092504e+01,4.229657196511320194e+01,2.796037073008081020e+00
2.968164415931165934e+01,3.001666203960726875e+01,2.580697580112788003e+01,2.561249694973139412e+01,5.614267539047279598e+01,5.560575509783137704e+01,4.527692569068708650e+01,4.328972164382672361e+01,2.798106392351358274e+00
2.441311123146740414e+01,2.765863337187866122e+01,2.607680962081059661e+01,2.765863337187866122e+01,5.707889277132134254e+01,5.640035460881429685e+01,4.384062043356594529e+01,4.341658669218482203e+01,2.833539872566016804e+00
2.280350850198275836e+01,2.545584412271571040e+01,2.580697580112788003e+01,2.701851217221259205e+01,5.813776741499453493e+01,5.742821606144492108e+01,4.455333881989092504e+01,4.229657196511320194e+01,2.862425037521233229e+00
2.140093455903269515e+01,2.483948469674844262e+01,2.580697580112788003e+01,2.780287754891568852e+01,5.813776741499453493e+01,5.661271941887264347e+01,4.455333881989092504e+01,4.328972164382672361e+01,2.889372690610497507e+00
2.385372088375312671e+01,2.617250465660480074e+01,2.561249694973139412e+01,2.720294101747088789e+01,5.813776741499453493e+01,5.661271941887264347e+01,4.455333881989092504e+01,4.328972164382672361e+01,2.911649476710322926e+00
2.302172886644267535e+01,2.549509756796392423e+01,2.561249694973139412e+01,2.720294101747088789e+01,5.813776741499453493e+01,5.661271941887264347e+01,4.455333881989092504e+01,4.328972164382672361e+01,2.913561520269333904e+00
2.140093455903269515e+01,2.483948469674844262e+01,2.640075756488817049e+01,2.720294101747088789e+01,5.813776741499453493e+01,5.661271941887264347e+01,4.455333881989092504e+01,4.328972164382672361e+01,2.915573589988699865e+00
2.360084744241189370e+01,2.549509756796392423e+01,2.580697580112788003e+01,2.640075756488817049e+01,5.813776741499453493e+01,5.661271941887264347e+01,4.455333881989092504e+01,4.328972164382672361e+01,2.861784422618476320e+00
2.780287754891568852e+01,2.745906043549196340e+01,2.580697580112788003e+01,2.624880949681337583e+01,5.714017850864661341e+01,5.661271941887264347e+01,4.455333881989092504e+01,4.229657196511320194e+01,2.787061741215013821e+00
2.617250465660480074e+01,2.662705391138869615e+01,2.662705391138869615e+01,2.617250465660480074e+01,5.830951894845300387e+01,5.603570290448760005e+01,4.459820624195551630e+01,4.229657196511320194e+01,2.770851878575372851e+00
2.408318915758459156e+01,2.441311123146740414e+01,2.692582403567251959e+01,2.617250465660480074e+01,5.830951894845300387e+01,5.603570290448760005e+01,4.527692569068708650e+01,4.328972164382672361e+01,2.744839552483110623e+00
3.080584360149872580e+01,2.531797780234432693e+01,2.731300056749532601e+01,2.545584412271571040e+01,5.643580423808985103e+01,5.500000000000000000e+01,4.459820624195551630e+01,4.257933771208753626e+01,2.533246004789734940e+00
3.140063693621516450e+01,2.707397274136176790e+01,2.657066051117284644e+01,2.475883680627989492e+01,5.590169943749474157e+01,5.186520991955976001e+01,4.313930922024598402e+01,4.393176527297759293e+01,2.564325010714024078e+00
3.405877273185280529e+01,3.006659275674581622e+01,2.785677655436823841e+01,2.545584412271571040e+01,5.412947441089742995e+01,4.743416490252568707e+01,4.384062043356594529e+01,4.554119014694280310e+01,2.586098918324249318e+00
3.546829570193639825e+01,3.201562118716424266e+01,2.641968962724581260e+01,2.617250465660480074e+01,5.360037313302958495e+01,4.940647730814249883e+01,4.386342439892261780e+01,4.554119014694280310e+01,2.690931327509159310e+00
3.577708763999663688e+01,3.264965543462901820e+01,2.343074902771996193e+01,2.640075756488817049e+01,5.246903848937962067e+01,5.000000000000000000e+01,4.596737973824481571e+01,4.527692569068708650e+01,2.835543877899324272e+00
3.132091952673165025e+01,2.906888370749726747e+01,2.140093455903269515e+01,2.778488797889960793e+01,4.825971404805461873e+01,4.742362280551750331e+01,4.601086828130936368e+01,4.410215414239988974e+01,2.973719430681281750e+00
2.280350850198275836e+01,2.334523505985750447e+01,2.061552812808830382e+01,2.785677655436823841e+01,4.704253394535630406e+01,4.609772228646443892e+01,4.201190307520000999e+01,4.318564576337836769e+01,3.148919942431839036e+00
1.552417469626002422e+01,1.523154621172781731e+01,2.469817807045693669e+01,2.483948469674844262e+01,4.438468204234429493e+01,4.242640687119285303e+01,4.242640687119285303e+01,4.438468204234429493e+01,2.807138001683014306e+00
1.414213562373095101e+01,1.389244398944980396e+01,2.370653918225939449e+01,2.193171219946130890e+01,4.085339643163099055e+01,4.341658669218482203e+01,4.341658669218482203e+01,4.085339643163099055e+01,2.846741439019254472e+00
1.615549442140351033e+01,1.063014581273464998e+01,2.617250465660480074e+01,2.247220505424423109e+01,3.956008088970496317e+01,3.982461550347975532e+01,4.220189569201838253e+01,4.237924020083418242e+01,2.447465624260730443e+00
2.163330765278393741e+01,8.246211251235321171e+00,2.707397274136176790e+01,1.931320791582796659e+01,4.204759208325727826e+01,4.070626487409523975e+01,4.272001872658765365e+01,4.049691346263317371e+01,2.146832411066276425e+00
3.061045573002793319e+01,8.246211251235321171e+00,2.435159132377184221e+01,1.923538406167134340e+01,4.393176527297759293e+01,4.220189569201838253e+01,4.085339643163099055e+01,3.820994634908559817e+01,1.796235610747243028e+00
3.130495168499705727e+01,1.204159457879229578e+01,2.360084744241189370e+01,1.788854381999831844e+01,3.640054944640259293e+01,4.504442251822083421e+01,4.809365862564419558e+01,3.667424164178449786e+01,1.729981509836093112e+00
3.041381265149109936e+01,1.303840481040529831e+01,2.343074902771996193e+01,1.788854381999831844e+01,3.687817782917154830e+01,4.110960958218893069e+01,4.800000000000000000e+01,3.624913792078371699e+01,1.841213572268098231e+00
3.130495168499705727e+01,1.303840481040529831e+01,2.267156809750926882e+01,1.886796226411320632e+01,3.748332962798262713e+01,4.100000000000000000e+01,4.936598018878993344e+01,3.716180835212409050e+01,1.871807815907920114e+00
3.023243291566194912e+01,1.612451549659709826e+01,2.343074902771996193e+01,1.835755975068581947e+01,3.748332962798262713e+01,4.100000000000000000e+01,4.837354648979129479e+01,3.676955262170046979e+01,2.027917129742004221e+00
2.941088233970548416e+01,1.552417469626002422e+01,2.360084744241189370e+01,1.835755975068581947e+01,3.920459156782531807e+01,3.984971769034255118e+01,4.785394445602159408e+01,3.827531841800927737e+01,2.165987607115350766e+00
2.900000000000000000e+01,1.615549442140351033e+01,2.302172886644267535e+01,2.024845673131658685e+01,3.712142238654116966e+01,3.905124837953326988e+01,4.609772228646443892e+01,3.929376540877699853e+01,2.316265274956614384e+00
2.969848480983499428e+01,1.615549442140351033e+01,2.607680962081059661e+01,2.061552812808830382e+01,3.712142238654116966e+01,3.929376540877699853e+01,4.110960958218893069e+01,4.019950248448355978e+01,2.471496486707089879e+00
2.900000000000000000e+01,1.431782106327635340e+01,2.385372088375312671e+01,2.118962010041709121e+01,3.800000000000000000e+01,3.921734310225515685e+01,4.024922359499621649e+01,4.301162633521313694e+01,2.539961413837391380e+00
2.780287754891568852e+01,1.700000000000000000e+01,2.195449840010014952e+01,1.897366596101027625e+01,3.413209633175202384e+01,3.807886552931954327e+01,4.243819034784588951e+01,4.310452412450461424e+01,2.697958711892747719e+00
3.041381265149109936e+01,1.772004514666934938e+01,2.523885892824792521e+01,1.897366596101027625e+01,3.214031735997639316e+01,3.862641583165593318e+01,4.104875150354758517e+01,4.130375285612676350e+01,2.599776722884772351e+00
2.973213749463701205e+01,1.868154169226940553e+01,2.360084744241189370e+01,1.788854381999831844e+01,3.238826948140329165e+01,3.807886552931954327e+01,4.243819034784588951e+01,4.130375285612676350e+01,2.561776104073353988e+00
3.280243893371345365e+01,2.102379604162863913e+01,2.343074902771996193e+01,1.664331697709323876e+01,3.324154027718932269e+01,3.900000000000000000e+01,4.188078318274384770e+01,4.130375285612676350e+01,2.411300430300945319e+00
3.330165161069342616e+01,2.408318915758459156e+01,2.051828452868319275e+01,1.838477631085023489e+01,3.238826948140329165e+01,3.640054944640259293e+01,4.188078318274384770e+01,4.219004621945797595e+01,2.353270521917096847e+00
3.405877273185280529e+01,2.402082429892862692e+01,2.051828452868319275e+01,1.838477631085023489e+01,3.354101966249684352e+01,3.676955262170046979e+01,4.272001872658765365e+01,4.219004621945797595e+01,2.336162825384396680e+00
3.405877273185280529e+01,2.500000000000000000e+01,1.984943324127920761e+01,1.769180601295413169e+01,3.337663853655727308e+01,3.676955262170046979e+01,4.188078318274384770e+01,4.219004621945797595e+01,2.311905289360816518e+00
3.482814953453599571e+01,2.501999200639360765e+01,1.984943324127920761e+01,1.769180601295413169e+01,3.354101966249684352e+01,3.716180835212409050e+01,4.272001872658765365e+01,4.119465984809195902e+01,2.288054236081162429e+00
3.280243893371345365e+01,2.500000000000000000e+01,2.202271554554523902e+01,1.697056274847713908e+01,3.275667870831839679e+01,3.584689665786984136e+01,4.326661530556787483e+01,4.219004621945797595e+01,2.350140946380980367e+00
3.405877273185280529e+01,2.400000000000000000e+01,2.051828452868319275e+01,1.769180601295413169e+01,3.373425558686599857e+01,3.584689665786984136e+01,4.272001872658765365e+01,4.219004621945797595e+01,2.350140946380980367e+00
3.264965543462901820e+01,2.302172886644267535e+01,2.051828452868319275e+01,1.769180601295413169e+01,3.373425558686599857e+01,3.584689665786984136e+01,4.219004621945797595e+01,4.119465984809195902e+01,2.359819851952756231e+00
3.280243893371345365e+01,2.400000000000000000e+01,2.202271554554523902e+01,1.769180601295413169e+01,3.275667870831839679e+01,3.584689665786984136e+01,4.272001872658765365e+01,4.119465984809195902e+01,2.342745008805758644e+00
3.280243893371345365e+01,2.400000000000000000e+01,2.202271554554523902e+01,1.769180601295413169e+01,3.255764119219941222e+01,3.584689665786984136e+01,4.243819034784588951e+01,4.219004621945797595e+01,2.350140946380980367e+00
3.342154993413680586e+01,2.402082429892862692e+01,2.126029162546929996e+01,1.838477631085023489e+01,3.255764119219941222e+01,3.584689665786984136e+01,4.243819034784588951e+01,4.219004621945797595e+01,2.350140946380980367e+00
3.330165161069342616e+01,2.402082429892862692e+01,1.910497317454279909e+01,1.769180601295413169e+01,3.373425558686599857e+01,3.716180835212409050e+01,4.188078318274384770e+01,4.143669871020131978e+01,2.356194490192344837e+00
3.342154993413680586e+01,2.402082429892862692e+01,2.121320343559642652e+01,1.697056274847713908e+01,3.373425558686599857e+01,3.624913792078371699e+01,4.188078318274384770e+01,4.130375285612676350e+01,2.381399235519286339e+00
3.255764119219941222e+01,2.433105012119287736e+01,2.126029162546929996e+01,1.697056274847713908e+01,3.275667870831839679e+01,3.716180835212409050e+01,4.272001872658765365e+01,4.031128874149274566e+01,2.437696715148514937e+00
3.061045573002793319e+01,2.469817807045693669e+01,2.080865204668481283e+01,1.702938636592640265e+01,3.255764119219941222e+01,3.511409973215887703e+01,4.219004621945797595e+01,4.210700654285459876e+01,2.578995643951739414e+00
2.773084924772409465e+01,2.343074902771996193e+01,2.061552812808830382e+01,1.700000000000000000e+01,3.238826948140329165e+01,3.573513677041127323e+01,4.219004621945797595e+01,4.310452412450461424e+01,2.829477452911939750e+00
2.729468812791236232e+01,2.280350850198275836e+01,2.193171219946130890e+01,1.655294535724684835e+01,3.238826948140329165e+01,3.573513677041127323e+01,4.167733196834941367e+01,4.210700654285459876e+01,2.821368815564213151e+00
2.580697580112788003e+01,1.860107523773827509e+01,2.102379604162863913e+01,1.655294535724684835e+01,3.238826948140329165e+01,3.573513677041127323e+01,4.167733196834941367e+01,4.210700654285459876e+01,2.744897405054622652e+00
2.860069929215018192e+01,1.923538406167134340e+01,2.102379604162863913e+01,1.655294535724684835e+01,3.238826948140329165e+01,3.573513677041127323e+01,4.134005321718877468e+01,4.318564576337836769e+01,2.696912959193413784e+00
2.828427124746190202e+01,1.565247584249852864e+01,2.147091055358388800e+01,1.788854381999831844e+01,3.238826948140329165e+01,3.573513677041127323e+01,4.081666326391709987e+01,4.219004621945797595e+01,2.593198840692764406e+00
2.701851217221259205e+01,1.341640786499873883e+01,2.195449840010014952e+01,1.788854381999831844e+01,3.238826948140329165e+01,3.733630940518894192e+01,4.081666326391709987e+01,4.031128874149274566e+01,2.555212371785721359e+00
2.469817807045693669e+01,1.000000000000000000e+01,2.195449840010014952e+01,1.788854381999831844e+01,3.255764119219941222e+01,3.769615364994152884e+01,4.219004621945797595e+01,4.031128874149274566e+01,2.551352917309015034e+00
2.607680962081059661e+01,9.433981132056603158e+00,2.247220505424423109e+01,1.969771560359220786e+01,3.238826948140329165e+01,3.807886552931954327e+01,4.272001872658765365e+01,4.019950248448355978e+01,2.513463775306633341e+00
2.580697580112788003e+01,1.081665382639196871e+01,2.247220505424423109e+01,1.969771560359220786e+01,3.238826948140329165e+01,3.733630940518894192e+01,4.272001872658765365e+01,4.219004621945797595e+01,2.554401343065591856e+00
2.580697580112788003e+01,1.118033988749894903e+01,2.247220505424423109e+01,1.838477631085023489e+01,3.255764119219941222e+01,3.676955262170046979e+01,4.272001872658765365e+01,4.119465984809195902e+01,2.568306894251722650e+00
2.580697580112788003e+01,1.029563014098700080e+01,2.163330765278393741e+01,1.969771560359220786e+01,3.238826948140329165e+01,3.769615364994152884e+01,4.272001872658765365e+01,4.119465984809195902e+01,2.517683159549636507e+00
2.580697580112788003e+01,1.029563014098700080e+01,2.163330765278393741e+01,1.969771560359220786e+01,3.238826948140329165e+01,3.769615364994152884e+01,4.272001872658765365e+01,4.119465984809195902e+01,2.517683159549636507e+00
2.580697580112788003e+01,1.118033988749894903e+01,2.163330765278393741e+01,1.878829422805593552e+01,3.238826948140329165e+01,3.733630940518894192e+01,4.272001872658765365e+01,4.219004621945797595e+01,2.517683159549636507e+00
2.580697580112788003e+01,1.118033988749894903e+01,2.247220505424423109e+01,1.838477631085023489e+01,3.255764119219941222e+01,3.733630940518894192e+01,4.272001872658765365e+01,4.229657196511320194e+01,2.568306894251722650e+00
2.580697580112788003e+01,1.166190378969060149e+01,2.247220505424423109e+01,1.878829422805593552e+01,3.255764119219941222e+01,3.733630940518894192e+01,4.272001872658765365e+01,4.229657196511320194e+01,2.568306894251722650e+00
2.580697580112788003e+01,1.166190378969060149e+01,2.247220505424423109e+01,1.878829422805593552e+01,3.255764119219941222e+01,3.733630940518894192e+01,4.272001872658765365e+01,4.229657196511320194e+01,2.568306894251722650e+00
2.580697580112788003e+01,1.166190378969060149e+01,2.247220505424423109e+01,1.878829422805593552e+01,3.255764119219941222e+01,3.733630940518894192e+01,4.272001872658765365e+01,4.229657196511320194e+01,2.568306894251722650e+00
2.523885892824792521e+01,1.081665382639196871e+01,2.302172886644267535e+01,1.969771560359220786e+01,3.255764119219941222e+01,3.733630940518894192e+01,4.272001872658765365e+01,4.229657196511320194e+01,2.568306894251722650e+00
2.580697580112788003e+01,1.166190378969060149e+01,2.247220505424423109e+01,1.878829422805593552e+01,3.255764119219941222e+01,3.733630940518894192e+01,4.356604182158393002e+01,4.219004621945797595e+01,2.554401343065591856e+00
2.561249694973139412e+01,1.252996408614166768e+01,2.163330765278393741e+01,1.878829422805593552e+01,3.255764119219941222e+01,3.733630940518894192e+01,4.356604182158393002e+01,4.219004621945797595e+01,2.557032915938242112e+00
2.441311123146740414e+01,1.081665382639196871e+01,2.163330765278393741e+01,1.878829422805593552e+01,3.255764119219941222e+01,3.733630940518894192e+01,4.356604182158393002e+01,4.219004621945797595e+01,2.551568489453754474e+00
2.418677324489564739e+01,9.219544457292887074e+00,2.195449840010014952e+01,1.923538406167134340e+01,3.354101966249684352e+01,3.807886552931954327e+01,4.356604182158393002e+01,4.119465984809195902e+01,2.549273260039603084e+00
2.469817807045693669e+01,9.219544457292887074e+00,2.247220505424423109e+01,1.969771560359220786e+01,3.238826948140329165e+01,3.733630940518894192e+01,4.272001872658765365e+01,4.219004621945797595e+01,2.548510395011295060e+00
2.555386467836127551e+01,8.602325267042626677e+00,2.247220505424423109e+01,1.969771560359220786e+01,3.255764119219941222e+01,3.733630940518894192e+01,4.356604182158393002e+01,4.219004621945797595e+01,2.508911454705193833e+00
2.418677324489564739e+01,9.219544457292887074e+00,2.302172886644267535e+01,1.969771560359220786e+01,3.255764119219941222e+01,3.733630940518894192e+01,4.356604182158393002e+01,4.219004621945797595e+01,2.548510395011295060e+00
2.607680962081059661e+01,1.000000000000000000e+01,2.247220505424423109e+01,2.012461179749810825e+01,3.238826948140329165e+01,3.733630940518894192e+01,4.272001872658765365e+01,4.219004621945797595e+01,2.513463775306633341e+00
2.555386467836127551e+01,1.000000000000000000e+01,2.302172886644267535e+01,2.012461179749810825e+01,3.255764119219941222e+01,3.733630940518894192e+01,4.356604182158393002e+01,4.219004621945797595e+01,2.513463775306633341e+00
2.523885892824792521e+01,1.000000000000000000e+01,2.247220505424423109e+01,1.969771560359220786e+01,3.255764119219941222e+01,3.733630940518894192e+01,4.356604182158393002e+01,4.219004621945797595e+01,2.551568489453754474e+00
2.555386467836127551e+01,1.029563014098700080e+01,2.302172886644267535e+01,1.878829422805593552e+01,3.255764119219941222e+01,3.733630940518894192e+01,4.356604182158393002e+01,4.219004621945797595e+01,2.513463775306633341e+00
2.523885892824792521e+01,1.081665382639196871e+01,2.247220505424423109e+01,1.878829422805593552e+01,3.255764119219941222e+01,3.676955262170046979e+01,4.326661530556787483e+01,4.219004621945797595e+01,2.573011586331316991e+00
2.500000000000000000e+01,1.220655561573370207e+01,2.163330765278393741e+01,1.923538406167134340e+01,3.337663853655727308e+01,3.733630940518894192e+01,4.356604182158393002e+01,4.310452412450461424e+01,2.548507501685329579e+00
2.523885892824792521e+01,1.140175425099137918e+01,2.302172886644267535e+01,2.012461179749810825e+01,3.238826948140329165e+01,3.733630940518894192e+01,4.272001872658765365e+01,4.219004621945797595e+01,2.554401343065591856e+00
2.580697580112788003e+01,1.220655561573370207e+01,2.247220505424423109e+01,1.923538406167134340e+01,3.238826948140329165e+01,3.733630940518894192e+01,4.272001872658765365e+01,4.219004621945797595e+01,2.554401343065591856e+00
2.523885892824792521e+01,1.140175425099137918e+01,2.247220505424423109e+01,1.923538406167134340e+01,3.238826948140329165e+01,3.733630940518894192e+01,4.272001872658765365e+01,4.219004621945797595e+01,2.551568489453754474e+00
2.523885892824792521e+01,1.140175425099137918e+01,2.247220505424423109e+01,1.923538406167134340e+01,3.238826948140329165e+01,3.733630940518894192e+01,4.272001872658765365e+01,4.219004621945797595e+01,2.551568489453754474e+00
2.500000000000000000e+01,1.220655561573370207e+01,2.163330765278393741e+01,1.923538406167134340e+01,3.238826948140329165e+01,3.733630940518894192e+01,4.272001872658765365e+01,4.219004621945797595e+01,2.554401343065591856e+00
2.469817807045693669e+01,1.140175425099137918e+01,2.302172886644267535e+01,1.923538406167134340e+01,3.238826948140329165e+01,3.733630940518894192e+01,4.272001872658765365e+01,4.219004621945797595e+01,2.551568489453754474e+00
2.469817807045693669e+01,1.081665382639196871e+01,2.220360331117451835e+01,1.923538406167134340e+01,3.337663853655727308e+01,3.733630940518894192e+01,4.219004621945797595e+01,4.219004621945797595e+01,2.513463775306633341e+00
2.469817807045693669e+01,1.081665382639196871e+01,2.220360331117451835e+01,1.923538406167134340e+01,3.337663853655727308e+01,3.769615364994152884e+01,4.219004621945797595e+01,4.119465984809195902e+01,2.513463775306633341e+00
2.469817807045693669e+01,1.140175425099137918e+01,2.220360331117451835e+01,1.972308292331602075e+01,3.337663853655727308e+01,3.769615364994152884e+01,4.219004621945797595e+01,4.119465984809195902e+01,2.513463775306633341e+00
2.469817807045693669e+01,1.081665382639196871e+01,2.220360331117451835e+01,1.923538406167134340e+01,3.337663853655727308e+01,3.769615364994152884e+01,4.219004621945797595e+01,4.119465984809195902e+01,2.513463775306633341e+00
2.469817807045693669e+01,1.140175425099137918e+01,2.220360331117451835e+01,1.972308292331602075e+01,3.337663853655727308e+01,3.769615364994152884e+01,4.219004621945797595e+01,4.119465984809195902e+01,2.513463775306633341e+00
2.555386467836127551e+01,1.081665382639196871e+01,2.220360331117451835e+01,1.972308292331602075e+01,3.238826948140329165e+01,3.769615364994152884e+01,4.272001872658765365e+01,4.119465984809195902e+01,2.475691052328267361e+00
2.469817807045693669e+01,1.081665382639196871e+01,2.220360331117451835e+01,1.923538406167134340e+01,3.238826948140329165e+01,3.827531841800927737e+01,4.272001872658765365e+01,4.229657196511320194e+01,2.513463775306633341e+00
2.555386467836127551e+01,1.081665382639196871e+01,2.220360331117451835e+01,1.972308292331602075e+01,3.238826948140329165e+01,3.862641583165593318e+01,4.272001872658765365e+01,4.130375285612676350e+01,2.475691052328267361e+00
2.555386467836127551e+01,1.081665382639196871e+01,2.220360331117451835e+01,1.972308292331602075e+01,3.238826948140329165e+01,3.769615364994152884e+01,4.272001872658765365e+01,4.119465984809195902e+01,2.475691052328267361e+00
2.555386467836127551e+01,1.029563014098700080e+01,2.220360331117451835e+01,1.923538406167134340e+01,3.238826948140329165e+01,3.769615364994152884e+01,4.272001872658765365e+01,4.119465984809195902e+01,2.475691052328267361e+00
2.469817807045693669e+01,1.140175425099137918e+01,2.220360331117451835e+01,1.972308292331602075e+01,3.238826948140329165e+01,3.769615364994152884e+01,4.272001872658765365e+01,4.119465984809195902e+01,2.513463775306633341e+00
2.555386467836127551e+01,1.081665382639196871e+01,2.220360331117451835e+01,1.972308292331602075e+01,3.238826948140329165e+01,3.769615364994152884e+01,4.272001872658765365e+01,4.119465984809195902e+01,2.475691052328267361e+00
2.469817807045693669e+01,1.140175425099137918e+01,2.163330765278393741e+01,1.886796226411320632e+01,3.337663853655727308e+01,3.807886552931954327e+01,4.272001872658765365e+01,4.119465984809195902e+01,2.516582672697249556e+00
2.555386467836127551e+01,1.081665382639196871e+01,2.220360331117451835e+01,1.972308292331602075e+01,3.238826948140329165e+01,3.769615364994152884e+01,4.272001872658765365e+01,4.119465984809195902e+01,2.475691052328267361e+00
2.555386467836127551e+01,1.081665382639196871e+01,2.220360331117451835e+01,1.972308292331602075e+01,3.238826948140329165e+01,3.769615364994152884e+01,4.272001872658765365e+01,4.119465984809195902e+01,2.475691052328267361e+00
2.555386467836127551e+01,1.081665382639196871e+01,2.163330765278393741e+01,1.886796226411320632e+01,3.337663853655727308e+01,3.807886552931954327e+01,4.272001872658765365e+01,4.119465984809195902e+01,2.477356336529186631e+00
2.555386467836127551e+01,1.081665382639196871e+01,2.220360331117451835e+01,1.972308292331602075e+01,3.238826948140329165e+01,3.769615364994152884e+01,4.272001872658765365e+01,4.119465984809195902e+01,2.475691052328267361e+00
2.555386467836127551e+01,1.081665382639196871e+01,2.220360331117451835e+01,1.972308292331602075e+01,3.238826948140329165e+01,3.769615364994152884e+01,4.272001872658765365e+01,4.119465984809195902e+01,2.475691052328267361e+00
2.469817807045693669e+01,1.140175425099137918e+01,2.163330765278393741e+01,1.886796226411320632e+01,3.337663853655727308e+01,3.807886552931954327e+01,4.272001872658765365e+01,4.119465984809195902e+01,2.516582672697249556e+00
2.555386467836127551e+01,1.081665382639196871e+01,2.247220505424423109e+01,1.835755975068581947e+01,3.354101966249684352e+01,3.716180835212409050e+01,4.272001872658765365e+01,4.119465984809195902e+01,2.530354551582756351e+00
2.469817807045693669e+01,1.140175425099137918e+01,2.302172886644267535e+01,1.923538406167134340e+01,3.255764119219941222e+01,3.640054944640259293e+01,4.272001872658765365e+01,4.219004621945797595e+01,2.565474040639885267e+00
2.282542442102665348e+01,1.835755975068581947e+01,2.213594362117865444e+01,1.897366596101027625e+01,3.178049716414140846e+01,3.511409973215887703e+01,4.410215414239988974e+01,4.310452412450461424e+01,2.996951583920603568e+00
2.202271554554523902e+01,2.022374841615668473e+01,2.236067977499789805e+01,2.302172886644267535e+01,2.961418578992169515e+01,3.255764119219941222e+01,4.441846462902562109e+01,4.600000000000000000e+01,3.269351476469094742e+00
2.600000000000000000e+01,2.400000000000000000e+01,2.009975124224177989e+01,2.280350850198275836e+01,3.001666203960726875e+01,3.649657518178931781e+01,4.441846462902562109e+01,4.701063709417263681e+01,3.470181607437586635e+00
1.941648783894759944e+01,1.992485884517127559e+01,2.209072203437452231e+01,2.404163056034261459e+01,3.001666203960726875e+01,3.733630940518894192e+01,4.356604182158393002e+01,4.801041553663121420e+01,3.511282695727786951e+00
1.403566884761819900e+01,1.664331697709323876e+01,2.102379604162863913e+01,2.340939982143925135e+01,3.000000000000000000e+01,3.634556369077249371e+01,4.390899680020029905e+01,4.704253394535630406e+01,3.547601401274099508e+00
1.303840481040529831e+01,1.612451549659709826e+01,1.964688270438849926e+01,2.505992817228333536e+01,3.001666203960726875e+01,3.612478373637688378e+01,4.254409477236529824e+01,4.804164859785725383e+01,3.691526138201482343e+00
1.303840481040529831e+01,1.526433752247374720e+01,2.158703314492290204e+01,2.523885892824792521e+01,3.001666203960726875e+01,3.612478373637688378e+01,4.254409477236529824e+01,4.804164859785725383e+01,3.723261511729940132e+00
1.204159457879229578e+01,1.565247584249852864e+01,2.061552812808830382e+01,2.523885892824792521e+01,3.014962686336266984e+01,3.705401462729781059e+01,4.254409477236529824e+01,4.909175083453430943e+01,3.725535739518553324e+00
1.170469991071962568e+01,1.612451549659709826e+01,2.012461179749810825e+01,2.690724809414741969e+01,3.041381265149109936e+01,3.801315561749642313e+01,4.118252056394800320e+01,4.909175083453430943e+01,3.934911443425299638e+00
1.077032961426900748e+01,1.603121954188139853e+01,2.059126028197400160e+01,2.640075756488817049e+01,3.059411708155671050e+01,3.801315561749642313e+01,4.070626487409523975e+01,5.015974481593781320e+01,4.003762708257019298e+00
1.118033988749894903e+01,1.603121954188139853e+01,1.923538406167134340e+01,2.701851217221259205e+01,2.983286778035259701e+01,3.801315561749642313e+01,4.070626487409523975e+01,4.925444142409900650e+01,3.936457400159818487e+00
1.029563014098700080e+01,1.711724276862369010e+01,2.012461179749810825e+01,2.701851217221259205e+01,3.080584360149872580e+01,3.801315561749642313e+01,4.070626487409523975e+01,5.024937810560444973e+01,3.992115980321627511e+00
1.208304597359457233e+01,1.603121954188139853e+01,1.972308292331602075e+01,2.701851217221259205e+01,3.080584360149872580e+01,3.800000000000000000e+01,4.070626487409523975e+01,4.925444142409900650e+01,3.946692700900050532e+00
1.077032961426900748e+01,1.612451549659709826e+01,2.012461179749810825e+01,2.624880949681337583e+01,3.080584360149872580e+01,3.800000000000000000e+01,4.070626487409523975e+01,4.925444142409900650e+01,3.946692700900050532e+00
1.077032961426900748e+01,1.612451549659709826e+01,2.012461179749810825e+01,2.624880949681337583e+01,3.080584360149872580e+01,3.800000000000000000e+01,4.070626487409523975e+01,4.925444142409900650e+01,3.946692700900050532e+00
1.077032961426900748e+01,1.612451549659709826e+01,2.012461179749810825e+01,2.624880949681337583e+01,3.080584360149872580e+01,3.800000000000000000e+01,4.070626487409523975e+01,4.925444142409900650e+01,3.946692700900050532e+00
1.077032961426900748e+01,1.612451549659709826e+01,2.012461179749810825e+01,2.624880949681337583e+01,3.080584360149872580e+01,3.800000000000000000e+01,4.070626487409523975e+01,4.925444142409900650e+01,3.946692700900050532e+00
1.170469991071962568e+01,1.612451549659709826e+01,2.012461179749810825e+01,2.690724809414741969e+01,3.059411708155671050e+01,3.800000000000000000e+01,4.159326868617084472e+01,4.925444142409900650e+01,3.901456093120882151e+00
1.077032961426900748e+01,1.612451549659709826e+01,2.012461179749810825e+01,2.624880949681337583e+01,3.080584360149872580e+01,3.800000000000000000e+01,4.070626487409523975e+01,4.925444142409900650e+01,3.946692700900050532e+00
1.170469991071962568e+01,1.612451549659709826e+01,2.012461179749810825e+01,2.690724809414741969e+01,3.080584360149872580e+01,3.800000000000000000e+01,4.024922359499621649e+01,4.825971404805461873e+01,3.891220792380650551e+00
1.170469991071962568e+01,1.612451549659709826e+01,2.012461179749810825e+01,2.690724809414741969e+01,3.080584360149872580e+01,3.800000000000000000e+01,4.024922359499621649e+01,4.825971404805461873e+01,3.891220792380650551e+00
1.170469991071962568e+01,1.612451549659709826e+01,1.923538406167134340e+01,2.617250465660480074e+01,3.104834939252004844e+01,3.800000000000000000e+01,4.070626487409523975e+01,4.936598018878993344e+01,3.885750839947717861e+00
1.170469991071962568e+01,1.612451549659709826e+01,2.012461179749810825e+01,2.690724809414741969e+01,3.080584360149872580e+01,3.801315561749642313e+01,4.070626487409523975e+01,5.024937810560444973e+01,3.901456093120882151e+00
1.334166406412633421e+01,1.360147050873544394e+01,2.236067977499789805e+01,2.282542442102665348e+01,3.401470270338990076e+01,3.577708763999663688e+01,4.850773134253961416e+01,2.915475947422650194e+01,3.552693052268495855e+00
1.979898987322333070e+01,8.000000000000000000e+00,2.376972864800942631e+01,2.002498439450078749e+01,3.700000000000000000e+01,3.354101966249684352e+01,4.609772228646443892e+01,2.968164415931165934e+01,2.848702990053853412e+00
2.385372088375312671e+01,7.810249675906653977e+00,2.416609194718914466e+01,1.726267650163206824e+01,3.006659275674581622e+01,3.512833614050059339e+01,4.609772228646443892e+01,4.627094120503709718e+01,2.543713827952997608e+00
2.683281572999747766e+01,7.280109889280518054e+00,2.418677324489564739e+01,1.772004514666934938e+01,3.106444913401813324e+01,3.535533905932737753e+01,4.386342439892261780e+01,4.410215414239988974e+01,2.357608916406111366e+00
3.289376840679705083e+01,1.334166406412633421e+01,2.267156809750926882e+01,1.702938636592640265e+01,3.206243908376279705e+01,3.860051813123756403e+01,4.338202392696772591e+01,4.000000000000000000e+01,2.020021858868717768e+00
2.942787793912432193e+01,1.004987562112088995e+01,1.941648783894759944e+01,2.195449840010014952e+01,3.238826948140329165e+01,3.992492955535426091e+01,4.517742799230607176e+01,3.805259518088089266e+01,1.849330562384961851e+00
3.114482300479487265e+01,1.216552506059643868e+01,1.972308292331602075e+01,2.061552812808830382e+01,3.395585369269929288e+01,3.712142238654116966e+01,4.429446918070020445e+01,3.705401462729781059e+01,1.810670937535508340e+00
3.436568055487916240e+01,1.612451549659709826e+01,1.969771560359220786e+01,2.012461179749810825e+01,3.420526275297414287e+01,3.671511950137163893e+01,4.441846462902562109e+01,3.811823710509183627e+01,1.817215272550928962e+00
3.337663853655727308e+01,1.749285568453590045e+01,1.931320791582796659e+01,1.878829422805593552e+01,3.511409973215887703e+01,3.661966684720110976e+01,4.301162633521313694e+01,3.765634076752546378e+01,1.917516132119505556e+00
3.395585369269929288e+01,1.878829422805593552e+01,1.969771560359220786e+01,1.923538406167134340e+01,3.511409973215887703e+01,3.661966684720110976e+01,4.360045871318327926e+01,3.863935817272331263e+01,2.004090870930964829e+00
3.423448553724738019e+01,1.749285568453590045e+01,1.897366596101027625e+01,2.024845673131658685e+01,3.676955262170046979e+01,3.623534186398687496e+01,4.482186966202993972e+01,3.962322551231790158e+01,1.910184129483388116e+00
3.501428280002319582e+01,2.193171219946130890e+01,2.009975124224177989e+01,1.868154169226940553e+01,3.827531841800927737e+01,3.764306044943742080e+01,4.525483399593904466e+01,3.733630940518894192e+01,1.967313619032928784e+00
3.423448553724738019e+01,2.343074902771996193e+01,2.302172886644267535e+01,1.746424919657297892e+01,3.764306044943742080e+01,4.049691346263317371e+01,4.382921400162225467e+01,3.744329045369811126e+01,2.052755641361124095e+00
3.601388621073821383e+01,2.262741699796952233e+01,2.308679276123039159e+01,1.897366596101027625e+01,3.753664875824691904e+01,4.071854614300466579e+01,4.341658669218482203e+01,3.538361202590826338e+01,4.027426929036092673e+00
3.306055050963308162e+01,2.109502310972898798e+01,2.280350850198275836e+01,1.708800749063506075e+01,3.413209633175202384e+01,3.939543120718441571e+01,4.123105625617660763e+01,4.134005321718877468e+01,3.669177386090560766e+00
3.201562118716424266e+01,1.923538406167134340e+01,2.184032966784155505e+01,1.772004514666934938e+01,3.413209633175202384e+01,3.807886552931954327e+01,3.905124837953326988e+01,4.081666326391709987e+01,3.667108108454979476e+00
2.692582403567251959e+01,1.700000000000000000e+01,2.109502310972898798e+01,1.700000000000000000e+01,3.498571136907180090e+01,3.757658845611187104e+01,3.984971769034255118e+01,4.049691346263317371e+01,3.371013873254836479e+00
2.912043955712207222e+01,1.612451549659709826e+01,2.109502310972898798e+01,1.802775637731994607e+01,3.466987164671942878e+01,3.758989225842500304e+01,3.921734310225515685e+01,4.104875150354758517e+01,3.442367263952412770e+00
2.469817807045693669e+01,1.627882059609970611e+01,2.163330765278393741e+01,1.780449381476485726e+01,3.440930106817050671e+01,3.712142238654116966e+01,4.080441152620633005e+01,4.201190307520000999e+01,3.263651041415032594e+00
2.505992817228333536e+01,1.746424919657297892e+01,2.140093455903269515e+01,1.769180601295413169e+01,3.280243893371345365e+01,3.807886552931954327e+01,4.080441152620633005e+01,4.201190307520000999e+01,3.209533648873115208e+00
2.500000000000000000e+01,1.931320791582796659e+01,2.051828452868319275e+01,1.769180601295413169e+01,3.330165161069342616e+01,3.911521443121588959e+01,4.016217125604640614e+01,4.263801121065568367e+01,3.141592653589793560e+00
2.662705391138869615e+01,1.931320791582796659e+01,2.193171219946130890e+01,1.769180601295413169e+01,3.330165161069342616e+01,3.911521443121588959e+01,4.016217125604640614e+01,4.263801121065568367e+01,3.141592653589793560e+00
2.580697580112788003e+01,1.931320791582796659e+01,2.121320343559642652e+01,1.769180601295413169e+01,3.330165161069342616e+01,3.911521443121588959e+01,4.049691346263317371e+01,4.186884283091664116e+01,3.157668439038183728e+00
2.580697580112788003e+01,1.897366596101027625e+01,2.121320343559642652e+01,1.697056274847713908e+01,3.405877273185280529e+01,3.858756276314947797e+01,4.049691346263317371e+01,4.186884283091664116e+01,3.141592653589793560e+00
2.580697580112788003e+01,1.897366596101027625e+01,2.121320343559642652e+01,1.697056274847713908e+01,3.405877273185280529e+01,3.911521443121588959e+01,4.049691346263317371e+01,4.263801121065568367e+01,3.141592653589793560e+00
2.523885892824792521e+01,1.802775637731994607e+01,2.121320343559642652e+01,1.697056274847713908e+01,3.405877273185280529e+01,3.911521443121588959e+01,4.049691346263317371e+01,4.263801121065568367e+01,3.148215073332461422e+00
2.469817807045693669e+01,1.838477631085023489e+01,2.193171219946130890e+01,1.769180601295413169e+01,3.405877273185280529e+01,3.911521443121588959e+01,4.049691346263317371e+01,4.263801121065568367e+01,3.148215073332461422e+00
2.580697580112788003e+01,1.897366596101027625e+01,2.193171219946130890e+01,1.627882059609970611e+01,3.405877273185280529e+01,3.858756276314947797e+01,4.016217125604640614e+01,4.263801121065568367e+01,3.093372688852612296e+00
2.662705391138869615e+01,1.897366596101027625e+01,2.193171219946130890e+01,1.697056274847713908e+01,3.405877273185280529e+01,3.807886552931954327e+01,4.016217125604640614e+01,4.186884283091664116e+01,3.125619571287866272e+00
2.523885892824792521e+01,1.838477631085023489e+01,2.121320343559642652e+01,1.769180601295413169e+01,3.405877273185280529e+01,3.858756276314947797e+01,4.049691346263317371e+01,4.186884283091664116e+01,3.148215073332461422e+00
2.523885892824792521e+01,1.838477631085023489e+01,2.121320343559642652e+01,1.769180601295413169e+01,3.330165161069342616e+01,3.858756276314947797e+01,4.016217125604640614e+01,4.186884283091664116e+01,3.148215073332461422e+00
2.580697580112788003e+01,1.897366596101027625e+01,2.121320343559642652e+01,1.697056274847713908e+01,3.330165161069342616e+01,3.858756276314947797e+01,4.016217125604640614e+01,4.186884283091664116e+01,3.141592653589793560e+00
2.469817807045693669e+01,1.838477631085023489e+01,2.193171219946130890e+01,1.769180601295413169e+01,3.330165161069342616e+01,3.911521443121588959e+01,4.016217125604640614e+01,4.263801121065568367e+01,3.148215073332461422e+00
2.469817807045693669e+01,1.838477631085023489e+01,2.193171219946130890e+01,1.769180601295413169e+01,3.330165161069342616e+01,3.858756276314947797e+01,4.016217125604640614e+01,4.186884283091664116e+01,3.148215073332461422e+00
2.523885892824792521e+01,1.931320791582796659e+01,2.193171219946130890e+01,1.769180601295413169e+01,3.330165161069342616e+01,3.858756276314947797e+01,4.016217125604640614e+01,4.186884283091664116e+01,3.141592653589793560e+00
2.469817807045693669e+01,1.838477631085023489e+01,2.193171219946130890e+01,1.769180601295413169e+01,3.405877273185280529e+01,3.858756276314947797e+01,4.049691346263317371e+01,4.186884283091664116e+01,3.148215073332461422e+00
2.523885892824792521e+01,1.931320791582796659e+01,2.193171219946130890e+01,1.769180601295413169e+01,3.330165161069342616e+01,3.858756276314947797e+01,4.016217125604640614e+01,4.186884283091664116e+01,3.141592653589793560e+00
2.523885892824792521e+01,1.897366596101027625e+01,2.193171219946130890e+01,1.697056274847713908e+01,3.330165161069342616e+01,3.858756276314947797e+01,4.016217125604640614e+01,4.186884283091664116e+01,3.141592653589793560e+00
2.469817807045693669e+01,1.838477631085023489e+01,2.193171219946130890e+01,1.769180601295413169e+01,3.405877273185280529e+01,3.858756276314947797e+01,4.049691346263317371e+01,4.186884283091664116e+01,3.148215073332461422e+00
2.523885892824792521e+01,1.897366596101027625e+01,2.193171219946130890e+01,1.697056274847713908e+01,3.405877273185280529e+01,3.858756276314947797e+01,4.049691346263317371e+01,4.186884283091664116e+01,3.141592653589793560e+00
2.580697580112788003e+01,1.897366596101027625e+01,2.121320343559642652e+01,1.697056274847713908e+01,3.330165161069342616e+01,3.858756276314947797e+01,4.016217125604640614e+01,4.186884283091664116e+01,3.141592653589793560e+00
2.662705391138869615e+01,1.897366596101027625e+01,2.121320343559642652e+01,1.769180601295413169e+01,3.330165161069342616e+01,3.911521443121588959e+01,4.016217125604640614e+01,4.263801121065568367e+01,3.173429027016907877e+00
2.662705391138869615e+01,1.868154169226940553e+01,2.121320343559642652e+01,1.697056274847713908e+01,3.330165161069342616e+01,3.858756276314947797e+01,4.016217125604640614e+01,4.186884283091664116e+01,3.173429027016907877e+00
2.662705391138869615e+01,1.897366596101027625e+01,2.121320343559642652e+01,1.769180601295413169e+01,3.330165161069342616e+01,3.911521443121588959e+01,4.016217125604640614e+01,4.263801121065568367e+01,3.173429027016907877e+00
2.580697580112788003e+01,1.838477631085023489e+01,2.193171219946130890e+01,1.769180601295413169e+01,3.405877273185280529e+01,3.807886552931954327e+01,4.016217125604640614e+01,4.186884283091664116e+01,3.093372688852612296e+00
2.683281572999747766e+01,2.561249694973139412e+01,2.147091055358388800e+01,1.664331697709323876e+01,3.244996147917590434e+01,3.758989225842500304e+01,4.272001872658765365e+01,4.201190307520000999e+01,2.689584730543611357e+00
2.505992817228333536e+01,2.420743687382040932e+01,2.059126028197400160e+01,1.581138830084189628e+01,3.201562118716424266e+01,3.944616584663204151e+01,4.205948168962618183e+01,4.123105625617660763e+01,2.758849143744217969e+00
2.500000000000000000e+01,2.220360331117451835e+01,2.195449840010014952e+01,1.581138830084189628e+01,3.189043743820394994e+01,3.996248240537617136e+01,4.110960958218893069e+01,4.123105625617660763e+01,2.831949651502508214e+00
2.441311123146740414e+01,2.280350850198275836e+01,2.332380757938120297e+01,1.612451549659709826e+01,3.201562118716424266e+01,3.996248240537617136e+01,4.110960958218893069e+01,4.140048308896890461e+01,2.755591826274212064e+00
2.469817807045693669e+01,2.343074902771996193e+01,2.282542442102665348e+01,1.612451549659709826e+01,3.124099870362661591e+01,3.996248240537617136e+01,4.205948168962618183e+01,4.123105625617660763e+01,2.744915179490564849e+00
2.469817807045693669e+01,2.545584412271571040e+01,2.325940669922601600e+01,1.615549442140351033e+01,3.140063693621516450e+01,3.944616584663204151e+01,4.301162633521313694e+01,4.123105625617660763e+01,2.595426090156005561e+00
2.563201123595259290e+01,2.475883680627989492e+01,2.376972864800942631e+01,1.676305461424021104e+01,3.061045573002793319e+01,4.081666326391709987e+01,4.272001872658765365e+01,4.140048308896890461e+01,2.568926270883955532e+00
2.404163056034261459e+01,2.561249694973139412e+01,2.376972864800942631e+01,1.676305461424021104e+01,3.061045573002793319e+01,3.996248240537617136e+01,4.301162633521313694e+01,4.123105625617660763e+01,2.521936319330345011e+00
2.376972864800942631e+01,2.408318915758459156e+01,2.507987240796890660e+01,1.649242250247064234e+01,3.061045573002793319e+01,4.049691346263317371e+01,4.301162633521313694e+01,4.201190307520000999e+01,2.547862437590915352e+00
2.325940669922601600e+01,2.343074902771996193e+01,2.416609194718914466e+01,1.708800749063506075e+01,2.983286778035259701e+01,4.049691346263317371e+01,4.301162633521313694e+01,4.123105625617660763e+01,2.607110318501540736e+00
2.416609194718914466e+01,2.334523505985750447e+01,2.416609194718914466e+01,1.676305461424021104e+01,2.983286778035259701e+01,4.049691346263317371e+01,4.301162633521313694e+01,4.123105625617660763e+01,2.617673305904594017e+00
2.416609194718914466e+01,2.343074902771996193e+01,2.376972864800942631e+01,1.708800749063506075e+01,3.047950130825634218e+01,4.134005321718877468e+01,4.301162633521313694e+01,4.123105625617660763e+01,2.609769886698964481e+00
2.282542442102665348e+01,2.202271554554523902e+01,2.416609194718914466e+01,1.708800749063506075e+01,3.047950130825634218e+01,4.134005321718877468e+01,4.272001872658765365e+01,4.201190307520000999e+01,2.611737360235201422e+00
2.370653918225939449e+01,2.334523505985750447e+01,2.416609194718914466e+01,1.615549442140351033e+01,3.047950130825634218e+01,4.134005321718877468e+01,4.272001872658765365e+01,4.201190307520000999e+01,2.622203200742403872e+00
2.370653918225939449e+01,2.267156809750926882e+01,2.416609194718914466e+01,1.708800749063506075e+01,3.047950130825634218e+01,4.134005321718877468e+01,4.272001872658765365e+01,4.201190307520000999e+01,2.622203200742403872e+00
2.370653918225939449e+01,2.267156809750926882e+01,2.416609194718914466e+01,1.708800749063506075e+01,3.047950130825634218e+01,4.134005321718877468e+01,4.272001872658765365e+01,4.201190307520000999e+01,2.622203200742403872e+00
2.370653918225939449e+01,2.193171219946130890e+01,2.325940669922601600e+01,1.708800749063506075e+01,3.047950130825634218e+01,4.134005321718877468e+01,4.301162633521313694e+01,4.123105625617660763e+01,2.667061422810056648e+00
2.370653918225939449e+01,2.267156809750926882e+01,2.416609194718914466e+01,1.708800749063506075e+01,3.047950130825634218e+01,4.134005321718877468e+01,4.301162633521313694e+01,4.123105625617660763e+01,2.638124590876240738e+00
2.325940669922601600e+01,2.267156809750926882e+01,2.325940669922601600e+01,1.708800749063506075e+01,3.047950130825634218e+01,4.134005321718877468e+01,4.301162633521313694e+01,4.123105625617660763e+01,2.638124590876240738e+00
2.370653918225939449e+01,2.051828452868319275e+01,2.236067977499789805e+01,1.802775637731994607e+01,3.047950130825634218e+01,4.104875150354758517e+01,4.332435804486893716e+01,4.186884283091664116e+01,2.712553522726644850e+00
2.459674775249768786e+01,2.262741699796952233e+01,2.236067977499789805e+01,1.746424919657297892e+01,2.973213749463701205e+01,4.104875150354758517e+01,4.301162633521313694e+01,4.186884283091664116e+01,2.720941024076573456e+00
2.325940669922601600e+01,2.193171219946130890e+01,2.236067977499789805e+01,1.708800749063506075e+01,2.973213749463701205e+01,4.188078318274384770e+01,4.301162633521313694e+01,4.123105625617660763e+01,2.683066353633698942e+00
2.325940669922601600e+01,2.262741699796952233e+01,2.282542442102665348e+01,1.708800749063506075e+01,2.973213749463701205e+01,4.104875150354758517e+01,4.301162633521313694e+01,4.186884283091664116e+01,2.692223606821261050e+00
2.236067977499789805e+01,2.193171219946130890e+01,2.282542442102665348e+01,1.708800749063506075e+01,2.973213749463701205e+01,4.104875150354758517e+01,4.301162633521313694e+01,4.186884283091664116e+01,2.683066353633698942e+00
2.325940669922601600e+01,2.193171219946130890e+01,2.282542442102665348e+01,1.802775637731994607e+01,2.973213749463701205e+01,4.104875150354758517e+01,4.301162633521313694e+01,4.186884283091664116e+01,2.692223606821261050e+00
2.370653918225939449e+01,2.193171219946130890e+01,2.370653918225939449e+01,1.802775637731994607e+01,2.973213749463701205e+01,4.104875150354758517e+01,4.301162633521313694e+01,4.186884283091664116e+01,2.692223606821261050e+00
2.370653918225939449e+01,2.193171219946130890e+01,2.370653918225939449e+01,1.802775637731994607e+01,2.973213749463701205e+01,4.104875150354758517e+01,4.301162633521313694e+01,4.186884283091664116e+01,2.692223606821261050e+00
2.370653918225939449e+01,2.193171219946130890e+01,2.370653918225939449e+01,1.802775637731994607e+01,2.973213749463701205e+01,4.104875150354758517e+01,4.301162633521313694e+01,4.186884283091664116e+01,2.692223606821261050e+00
2.325940669922601600e+01,2.126029162546929996e+01,2.236067977499789805e+01,1.802775637731994607e+01,3.041381265149109936e+01,4.104875150354758517e+01,4.205948168962618183e+01,4.186884283091664116e+01,2.683066353633698942e+00
2.370653918225939449e+01,2.193171219946130890e+01,2.370653918225939449e+01,1.802775637731994607e+01,3.041381265149109936e+01,4.104875150354758517e+01,4.205948168962618183e+01,4.186884283091664116e+01,2.692223606821261050e+00
2.416609194718914466e+01,2.193171219946130890e+01,2.236067977499789805e+01,1.802775637731994607e+01,2.973213749463701205e+01,4.104875150354758517e+01,4.301162633521313694e+01,4.186884283091664116e+01,2.692223606821261050e+00
2.370653918225939449e+01,2.121320343559642652e+01,2.325940669922601600e+01,1.676305461424021104e+01,3.114482300479487265e+01,4.134005321718877468e+01,4.332435804486893716e+01,4.110960958218893069e+01,2.685396144914105498e+00
2.416609194718914466e+01,2.121320343559642652e+01,2.193171219946130890e+01,1.676305461424021104e+01,3.114482300479487265e+01,4.188078318274384770e+01,4.332435804486893716e+01,4.186884283091664116e+01,2.685396144914105498e+00
2.325940669922601600e+01,2.193171219946130890e+01,2.236067977499789805e+01,1.708800749063506075e+01,3.041381265149109936e+01,4.188078318274384770e+01,4.301162633521313694e+01,4.186884283091664116e+01,2.685396144914105498e+00
2.325940669922601600e+01,2.193171219946130890e+01,2.236067977499789805e+01,1.708800749063506075e+01,3.041381265149109936e+01,4.188078318274384770e+01,4.301162633521313694e+01,4.186884283091664116e+01,2.685396144914105498e+00
2.280350850198275836e+01,1.345362404707370985e+01,2.332380757938120297e+01,1.746424919657297892e+01,3.182766092567909766e+01,4.161730409336962566e+01,4.143669871020131978e+01,4.252058325093859992e+01,2.936497534634220585e+00
2.641968962724581260e+01,1.486606874731850603e+01,2.126029162546929996e+01,1.769180601295413169e+01,3.182766092567909766e+01,4.161730409336962566e+01,4.178516483155235761e+01,4.177319714841084419e+01,3.282839618898245604e+00
2.692582403567251959e+01,1.392838827718411920e+01,2.202271554554523902e+01,1.860107523773827509e+01,3.182766092567909766e+01,4.022437072223753063e+01,4.178516483155235761e+01,4.172529209005013229e+01,3.240258855982349750e+00
2.662705391138869615e+01,1.431782106327635340e+01,2.140093455903269515e+01,1.860107523773827509e+01,3.189043743820394994e+01,4.188078318274384770e+01,4.143669871020131978e+01,4.103656905736638549e+01,3.207644288485934414e+00
2.607680962081059661e+01,1.341640786499873883e+01,2.220360331117451835e+01,1.802775637731994607e+01,3.182766092567909766e+01,4.104875150354758517e+01,4.143669871020131978e+01,4.177319714841084419e+01,3.160347781292400793e+00
2.523885892824792521e+01,1.303840481040529831e+01,2.220360331117451835e+01,1.886796226411320632e+01,3.182766092567909766e+01,4.104875150354758517e+01,4.143669871020131978e+01,4.177319714841084419e+01,3.123926647077894359e+00
2.469817807045693669e+01,1.303840481040529831e+01,2.280350850198275836e+01,1.886796226411320632e+01,3.182766092567909766e+01,4.104875150354758517e+01,4.143669871020131978e+01,4.177319714841084419e+01,3.123926647077894359e+00
2.555386467836127551e+01,1.341640786499873883e+01,2.280350850198275836e+01,1.802775637731994607e+01,3.255764119219941222e+01,4.104875150354758517e+01,4.049691346263317371e+01,4.177319714841084419e+01,3.160347781292400793e+00
2.505992817228333536e+01,1.252996408614166768e+01,2.280350850198275836e+01,1.802775637731994607e+01,3.255764119219941222e+01,4.104875150354758517e+01,4.049691346263317371e+01,4.177319714841084419e+01,3.165918754299263504e+00
2.580697580112788003e+01,1.476482306023340030e+01,2.220360331117451835e+01,1.802775637731994607e+01,3.182766092567909766e+01,4.022437072223753063e+01,4.143669871020131978e+01,4.252058325093859992e+01,3.101844147845367772e+00
2.801785145224380003e+01,1.676305461424021104e+01,2.140093455903269515e+01,1.702938636592640265e+01,3.252691193458118590e+01,4.022437072223753063e+01,4.178516483155235761e+01,4.244997055358224713e+01,3.217287405496547237e+00
2.758622844826744469e+01,2.102379604162863913e+01,2.140093455903269515e+01,1.780449381476485726e+01,3.111269837220809009e+01,4.022437072223753063e+01,4.237924020083418242e+01,4.244997055358224713e+01,3.073801445686105804e+00
2.830194339616981125e+01,2.418677324489564739e+01,2.140093455903269515e+01,1.886796226411320632e+01,3.041381265149109936e+01,4.080441152620633005e+01,4.237924020083418242e+01,4.244997055358224713e+01,2.975164022383634865e+00
2.441311123146740414e+01,2.061552812808830382e+01,2.163330765278393741e+01,1.835755975068581947e+01,2.969848480983499428e+01,4.161730409336962566e+01,4.237924020083418242e+01,4.110960958218893069e+01,2.902983331081592677e+00
2.193171219946130890e+01,1.280624847486569706e+01,2.236067977499789805e+01,1.802775637731994607e+01,3.111269837220809009e+01,4.188078318274384770e+01,4.237924020083418242e+01,4.110960958218893069e+01,2.854614163717597020e+00
1.843908891458577415e+01,1.236931687685298087e+01,2.340939982143925135e+01,1.746424919657297892e+01,3.111269837220809009e+01,4.188078318274384770e+01,4.272001872658765365e+01,4.036087214122112954e+01,2.648659145647238145e+00
1.843908891458577415e+01,1.456021977856103611e+01,2.308679276123039159e+01,1.746424919657297892e+01,3.041381265149109936e+01,4.188078318274384770e+01,4.332435804486893716e+01,4.103656905736638549e+01,2.586516222514798624e+00
1.780449381476485726e+01,1.431782106327635340e+01,2.184032966784155505e+01,1.746424919657297892e+01,3.047950130825634218e+01,4.382921400162225467e+01,4.237924020083418242e+01,4.110960958218893069e+01,2.582993338246230675e+00
1.920937271229854559e+01,1.392838827718411920e+01,2.213594362117865444e+01,1.746424919657297892e+01,3.047950130825634218e+01,4.382921400162225467e+01,4.237924020083418242e+01,4.110960958218893069e+01,2.658322229074570942e+00
1.941648783894759944e+01,1.552417469626002422e+01,2.280350850198275836e+01,1.843908891458577415e+01,3.080584360149872580e+01,4.580392996239514503e+01,4.301162633521313694e+01,4.318564576337836769e+01,2.602331901352157306e+00
1.984943324127920761e+01,1.334166406412633421e+01,2.500000000000000000e+01,1.910497317454279909e+01,3.138470965295043058e+01,4.580392996239514503e+01,4.237924020083418242e+01,4.172529209005013229e+01,2.648103159921877836e+00
1.910497317454279909e+01,1.303840481040529831e+01,2.473863375370596174e+01,1.910497317454279909e+01,3.269556544854363267e+01,4.750789408087881327e+01,4.024922359499621649e+01,3.969886648255841521e+01,3.568822721280824339e+00
2.061552812808830382e+01,1.315294643796590535e+01,2.376972864800942631e+01,2.022374841615668473e+01,3.101612483854164637e+01,4.742362280551750331e+01,4.159326868617084472e+01,3.920459156782531807e+01,3.447596478136566667e+00
1.984943324127920761e+01,1.334166406412633421e+01,2.280350850198275836e+01,1.843908891458577415e+01,3.420526275297414287e+01,4.601086828130936368e+01,4.161730409336962566e+01,4.070626487409523975e+01,3.326235716484187588e+00
2.051828452868319275e+01,1.204159457879229578e+01,2.451530134426252516e+01,1.824828759089465890e+01,3.178049716414140846e+01,4.188078318274384770e+01,4.123105625617660763e+01,4.308131845707602992e+01,3.291054479041014780e+00
2.051828452868319275e+01,1.140175425099137918e+01,2.280350850198275836e+01,1.746424919657297892e+01,3.275667870831839679e+01,4.243819034784588951e+01,4.140048308896890461e+01,4.438468204234429493e+01,3.208114273265115557e+00
2.236067977499789805e+01,9.848857801796103928e+00,2.563201123595259290e+01,1.581138830084189628e+01,3.373425558686599857e+01,4.243819034784588951e+01,4.060788100849390503e+01,4.438468204234429493e+01,3.078935680313590773e+00
2.340939982143925135e+01,1.000000000000000000e+01,2.505992817228333536e+01,1.612451549659709826e+01,3.420526275297414287e+01,4.140048308896890461e+01,4.060788100849390503e+01,4.346262762420145975e+01,2.900237163014389274e+00
2.507987240796890660e+01,1.000000000000000000e+01,2.302172886644267535e+01,1.802775637731994607e+01,3.275667870831839679e+01,4.326661530556787483e+01,4.060788100849390503e+01,4.386342439892261780e+01,2.695234387947195387e+00
2.640075756488817049e+01,1.208304597359457233e+01,2.302172886644267535e+01,1.640121946685672683e+01,3.352610922848042208e+01,4.140048308896890461e+01,4.123105625617660763e+01,4.254409477236529824e+01,2.691218601273161593e+00
2.968164415931165934e+01,1.726267650163206824e+01,2.267156809750926882e+01,1.780449381476485726e+01,3.195309061734091571e+01,3.860051813123756403e+01,4.045985664828781836e+01,4.123105625617660763e+01,2.647920699360265306e+00
3.041381265149109936e+01,2.158703314492290204e+01,2.140093455903269515e+01,1.640121946685672683e+01,3.231098884280702066e+01,3.920459156782531807e+01,4.201190307520000999e+01,4.254409477236529824e+01,2.776911450004575954e+00
2.842534080710379030e+01,2.147091055358388800e+01,2.109502310972898798e+01,1.720465053408525335e+01,3.324154027718932269e+01,3.982461550347975532e+01,4.123105625617660763e+01,4.162931659299729859e+01,2.922923707715851194e+00
3.001666203960726875e+01,2.385372088375312671e+01,2.147091055358388800e+01,1.835755975068581947e+01,3.132091952673165025e+01,3.966106403010387993e+01,4.123105625617660763e+01,4.308131845707602992e+01,2.984633569978926815e+00
2.751363298439520833e+01,2.343074902771996193e+01,2.529822128134703618e+01,1.923538406167134340e+01,3.132091952673165025e+01,3.858756276314947797e+01,4.045985664828781836e+01,4.401136216933077350e+01,3.285292590855984685e+00
2.816025568065744622e+01,2.280350850198275836e+01,2.473863375370596174e+01,1.910497317454279909e+01,3.201562118716424266e+01,3.911521443121588959e+01,3.905124837953326988e+01,4.308131845707602992e+01,3.321253586467648233e+00
2.823118842698620767e+01,2.126029162546929996e+01,2.500000000000000000e+01,1.923538406167134340e+01,3.157530680769388809e+01,3.944616584663204151e+01,3.920459156782531807e+01,4.494441010848846219e+01,3.234308523976162864e+00
2.773084924772409465e+01,1.984943324127920761e+01,2.500000000000000000e+01,1.923538406167134340e+01,3.157530680769388809e+01,3.996248240537617136e+01,3.920459156782531807e+01,4.401136216933077350e+01,3.217808371390777911e+00
2.773084924772409465e+01,1.984943324127920761e+01,2.500000000000000000e+01,1.923538406167134340e+01,3.157530680769388809e+01,3.996248240537617136e+01,3.920459156782531807e+01,4.401136216933077350e+01,3.217808371390777911e+00
2.817800560721074277e+01,1.843908891458577415e+01,2.500000000000000000e+01,2.022374841615668473e+01,3.157530680769388809e+01,3.996248240537617136e+01,3.841874542459709119e+01,4.308131845707602992e+01,3.185749977363155683e+00
2.817800560721074277e+01,1.843908891458577415e+01,2.473863375370596174e+01,1.923538406167134340e+01,3.255764119219941222e+01,4.049691346263317371e+01,3.920459156782531807e+01,4.401136216933077350e+01,3.204271948081030885e+00
2.817800560721074277e+01,1.843908891458577415e+01,2.473863375370596174e+01,1.923538406167134340e+01,3.255764119219941222e+01,4.049691346263317371e+01,3.920459156782531807e+01,4.401136216933077350e+01,3.204271948081030885e+00
2.729468812791236232e+01,1.843908891458577415e+01,2.500000000000000000e+01,1.923538406167134340e+01,3.255764119219941222e+01,4.049691346263317371e+01,3.920459156782531807e+01,4.401136216933077350e+01,3.204271948081030885e+00
2.729468812791236232e+01,1.843908891458577415e+01,2.500000000000000000e+01,1.923538406167134340e+01,3.255764119219941222e+01,3.996248240537617136e+01,3.920459156782531807e+01,4.494441010848846219e+01,3.204271948081030885e+00
2.729468812791236232e+01,1.843908891458577415e+01,2.529822128134703618e+01,2.022374841615668473e+01,3.157530680769388809e+01,4.031128874149274566e+01,3.841874542459709119e+01,4.438468204234429493e+01,3.185749977363155683e+00
2.641968962724581260e+01,1.780449381476485726e+01,2.500000000000000000e+01,1.923538406167134340e+01,3.255764119219941222e+01,4.081666326391709987e+01,3.841874542459709119e+01,4.438468204234429493e+01,3.210482495123757385e+00
2.729468812791236232e+01,1.843908891458577415e+01,2.529822128134703618e+01,2.022374841615668473e+01,3.157530680769388809e+01,4.031128874149274566e+01,3.841874542459709119e+01,4.438468204234429493e+01,3.185749977363155683e+00
2.729468812791236232e+01,1.843908891458577415e+01,2.500000000000000000e+01,1.923538406167134340e+01,3.255764119219941222e+01,3.996248240537617136e+01,3.841874542459709119e+01,4.401136216933077350e+01,3.200016654616554934e+00
2.729468812791236232e+01,1.843908891458577415e+01,2.500000000000000000e+01,1.923538406167134340e+01,3.255764119219941222e+01,3.996248240537617136e+01,3.841874542459709119e+01,4.401136216933077350e+01,3.200016654616554934e+00
2.729468812791236232e+01,1.843908891458577415e+01,2.500000000000000000e+01,1.923538406167134340e+01,3.255764119219941222e+01,3.996248240537617136e+01,3.841874542459709119e+01,4.401136216933077350e+01,3.200016654616554934e+00
2.683281572999747766e+01,1.843908891458577415e+01,2.404163056034261459e+01,1.923538406167134340e+01,3.255764119219941222e+01,4.049691346263317371e+01,3.841874542459709119e+01,4.308131845707602992e+01,3.200016654616554934e+00
2.641968962724581260e+01,1.702938636592640265e+01,2.404163056034261459e+01,1.923538406167134340e+01,3.255764119219941222e+01,4.081666326391709987e+01,3.841874542459709119e+01,4.438468204234429493e+01,3.180788255516847851e+00
2.549509756796392423e+01,1.720465053408525335e+01,2.308679276123039159e+01,2.022374841615668473e+01,3.255764119219941222e+01,3.996248240537617136e+01,3.841874542459709119e+01,4.401136216933077350e+01,3.210482495123757385e+00
2.594224354214569317e+01,1.702938636592640265e+01,2.308679276123039159e+01,1.923538406167134340e+01,3.255764119219941222e+01,4.081666326391709987e+01,3.841874542459709119e+01,4.438468204234429493e+01,3.180788255516847851e+00
2.640075756488817049e+01,1.843908891458577415e+01,2.308679276123039159e+01,1.923538406167134340e+01,3.157530680769388809e+01,3.996248240537617136e+01,3.920459156782531807e+01,4.401136216933077350e+01,3.200016654616554934e+00
2.594224354214569317e+01,1.780449381476485726e+01,2.404163056034261459e+01,1.923538406167134340e+01,3.157530680769388809e+01,3.996248240537617136e+01,3.920459156782531807e+01,4.401136216933077350e+01,3.210482495123757385e+00
2.594224354214569317e+01,1.640121946685672683e+01,2.308679276123039159e+01,2.022374841615668473e+01,3.255764119219941222e+01,4.081666326391709987e+01,3.841874542459709119e+01,4.438468204234429493e+01,3.180788255516847851e+00
2.594224354214569317e+01,1.640121946685672683e+01,2.308679276123039159e+01,2.022374841615668473e+01,3.255764119219941222e+01,4.081666326391709987e+01,3.841874542459709119e+01,4.438468204234429493e+01,3.180788255516847851e+00
2.505992817228333536e+01,1.442220510185595650e+01,2.280350850198275836e+01,2.009975124224177989e+01,3.275667870831839679e+01,4.049691346263317371e+01,3.920459156782531807e+01,4.438468204234429493e+01,3.221052710427458443e+00
2.555386467836127551e+01,1.360147050873544394e+01,2.376972864800942631e+01,2.002498439450078749e+01,3.275667870831839679e+01,4.049691346263317371e+01,3.920459156782531807e+01,4.438468204234429493e+01,3.221052710427458443e+00
2.555386467836127551e+01,1.360147050873544394e+01,2.376972864800942631e+01,2.002498439450078749e+01,3.275667870831839679e+01,4.049691346263317371e+01,3.920459156782531807e+01,4.438468204234429493e+01,3.221052710427458443e+00
2.505992817228333536e+01,1.360147050873544394e+01,2.280350850198275836e+01,2.002498439450078749e+01,3.275667870831839679e+01,4.049691346263317371e+01,3.920459156782531807e+01,4.438468204234429493e+01,3.221052710427458443e+00
2.555386467836127551e+01,1.303840481040529831e+01,2.376972864800942631e+01,2.102379604162863913e+01,3.275667870831839679e+01,4.049691346263317371e+01,3.920459156782531807e+01,4.438468204234429493e+01,3.221052710427458443e+00
2.505992817228333536e+01,1.303840481040529831e+01,2.280350850198275836e+01,2.102379604162863913e+01,3.275667870831839679e+01,4.049691346263317371e+01,3.920459156782531807e+01,4.438468204234429493e+01,3.221052710427458443e+00
2.505992817228333536e+01,1.303840481040529831e+01,2.280350850198275836e+01,2.102379604162863913e+01,3.275667870831839679e+01,4.049691346263317371e+01,3.920459156782531807e+01,4.438468204234429493e+01,3.221052710427458443e+00
2.555386467836127551e+01,1.303840481040529831e+01,2.376972864800942631e+01,2.102379604162863913e+01,3.275667870831839679e+01,4.049691346263317371e+01,3.920459156782531807e+01,4.438468204234429493e+01,3.221052710427458443e+00
2.459674775249768786e+01,1.389244398944980396e+01,2.280350850198275836e+01,2.102379604162863913e+01,3.275667870831839679e+01,4.049691346263317371e+01,3.920459156782531807e+01,4.438468204234429493e+01,3.252362386014339357e+00
2.505992817228333536e+01,1.303840481040529831e+01,2.280350850198275836e+01,2.102379604162863913e+01,3.275667870831839679e+01,4.049691346263317371e+01,3.920459156782531807e+01,4.438468204234429493e+01,3.221052710427458443e+00
2.505992817228333536e+01,1.303840481040529831e+01,2.280350850198275836e+01,2.102379604162863913e+01,3.275667870831839679e+01,4.049691346263317371e+01,3.920459156782531807e+01,4.438468204234429493e+01,3.221052710427458443e+00
2.459674775249768786e+01,1.389244398944980396e+01,2.280350850198275836e+01,2.102379604162863913e+01,3.275667870831839679e+01,4.049691346263317371e+01,3.920459156782531807e+01,4.438468204234429493e+01,3.252362386014339357e+00
2.459674775249768786e+01,1.389244398944980396e+01,2.280350850198275836e+01,2.102379604162863913e+01,3.275667870831839679e+01,4.049691346263317371e+01,3.920459156782531807e+01,4.438468204234429493e+01,3.252362386014339357e+00
2.459674775249768786e+01,1.389244398944980396e+01,2.280350850198275836e+01,2.102379604162863913e+01,3.275667870831839679e+01,4.049691346263317371e+01,3.920459156782531807e+01,4.438468204234429493e+01,3.252362386014339357e+00
2.505992817228333536e+01,1.303840481040529831e+01,2.280350850198275836e+01,2.102379604162863913e+01,3.275667870831839679e+01,4.049691346263317371e+01,3.920459156782531807e+01,4.438468204234429493e+01,3.221052710427458443e+00
2.459674775249768786e+01,1.341640786499873883e+01,2.256102834535695578e+01,2.102379604162863913e+01,3.275667870831839679e+01,4.049691346263317371e+01,3.920459156782531807e+01,4.438468204234429493e+01,3.264904487737783523e+00
2.459674775249768786e+01,1.389244398944980396e+01,2.280350850198275836e+01,2.102379604162863913e+01,3.178049716414140846e+01,4.049691346263317371e+01,4.000000000000000000e+01,4.438468204234429493e+01,3.252362386014339357e+00
2.459674775249768786e+01,1.389244398944980396e+01,2.280350850198275836e+01,2.102379604162863913e+01,3.275667870831839679e+01,4.049691346263317371e+01,3.920459156782531807e+01,4.438468204234429493e+01,3.252362386014339357e+00
2.459674775249768786e+01,1.389244398944980396e+01,2.280350850198275836e+01,2.102379604162863913e+01,3.275667870831839679e+01,4.049691346263317371e+01,3.920459156782531807e+01,4.438468204234429493e+01,3.252362386014339357e+00
2.459674775249768786e+01,1.389244398944980396e+01,2.280350850198275836e+01,2.102379604162863913e+01,3.275667870831839679e+01,4.049691346263317371e+01,3.920459156782531807e+01,4.438468204234429493e+01,3.252362386014339357e+00
2.459674775249768786e+01,1.389244398944980396e+01,2.280350850198275836e+01,2.102379604162863913e+01,3.275667870831839679e+01,4.049691346263317371e+01,3.920459156782531807e+01,4.438468204234429493e+01,3.252362386014339357e+00
2.459674775249768786e+01,1.389244398944980396e+01,2.280350850198275836e+01,2.102379604162863913e+01,3.275667870831839679e+01,4.049691346263317371e+01,3.920459156782531807e+01,4.438468204234429493e+01,3.252362386014339357e+00
2.459674775249768786e+01,1.389244398944980396e+01,2.256102834535695578e+01,2.002498439450078749e+01,3.275667870831839679e+01,4.104875150354758517e+01,4.000000000000000000e+01,4.438468204234429493e+01,3.268838741912563961e+00
2.505992817228333536e+01,1.389244398944980396e+01,2.353720459187963954e+01,2.002498439450078749e+01,3.373425558686599857e+01,4.104875150354758517e+01,3.920459156782531807e+01,4.438468204234429493e+01,3.268838741912563961e+00
2.505992817228333536e+01,1.389244398944980396e+01,2.256102834535695578e+01,2.009975124224177989e+01,3.354101966249684352e+01,4.188078318274384770e+01,3.920459156782531807e+01,4.438468204234429493e+01,3.222130854481074724e+00
2.731300056749532601e+01,1.581138830084189628e+01,2.256102834535695578e+01,2.109502310972898798e+01,3.157530680769388809e+01,4.134005321718877468e+01,4.000000000000000000e+01,4.438468204234429493e+01,3.214737788588233336e+00
2.640075756488817049e+01,1.581138830084189628e+01,2.353720459187963954e+01,2.002498439450078749e+01,3.275667870831839679e+01,4.104875150354758517e+01,3.920459156782531807e+01,4.346262762420145975e+01,3.270368914222271162e+00
2.731300056749532601e+01,1.640121946685672683e+01,2.353720459187963954e+01,2.002498439450078749e+01,3.275667870831839679e+01,4.049691346263317371e+01,3.920459156782531807e+01,4.438468204234429493e+01,3.258535147119120179e+00
2.941088233970548416e+01,2.061552812808830382e+01,2.353720459187963954e+01,2.009975124224177989e+01,3.255764119219941222e+01,4.134005321718877468e+01,3.920459156782531807e+01,4.438468204234429493e+01,3.264521793589530319e+00
3.008321791298264714e+01,2.343074902771996193e+01,2.353720459187963954e+01,1.923538406167134340e+01,3.157530680769388809e+01,4.134005321718877468e+01,4.000000000000000000e+01,4.438468204234429493e+01,3.278785090525572432e+00
3.067572330035593353e+01,2.051828452868319275e+01,2.256102834535695578e+01,2.022374841615668473e+01,3.238826948140329165e+01,4.219004621945797595e+01,3.920459156782531807e+01,4.438468204234429493e+01,3.187972870518314572e+00
2.973213749463701205e+01,1.984943324127920761e+01,2.353720459187963954e+01,2.009975124224177989e+01,3.255764119219941222e+01,4.188078318274384770e+01,3.920459156782531807e+01,4.346262762420145975e+01,3.238563817440638815e+00
2.973213749463701205e+01,1.984943324127920761e+01,2.256102834535695578e+01,2.022374841615668473e+01,3.238826948140329165e+01,4.272001872658765365e+01,3.920459156782531807e+01,4.346262762420145975e+01,3.197451259648177224e+00
3.008321791298264714e+01,1.910497317454279909e+01,2.256102834535695578e+01,2.022374841615668473e+01,3.238826948140329165e+01,4.219004621945797595e+01,3.920459156782531807e+01,4.438468204234429493e+01,3.170430810460912241e+00
2.973213749463701205e+01,1.910497317454279909e+01,2.256102834535695578e+01,2.009975124224177989e+01,3.255764119219941222e+01,4.134005321718877468e+01,3.920459156782531807e+01,4.438468204234429493e+01,3.212063998168588785e+00
2.879236009777593708e+01,1.910497317454279909e+01,2.280350850198275836e+01,2.009975124224177989e+01,3.255764119219941222e+01,4.134005321718877468e+01,3.920459156782531807e+01,4.438468204234429493e+01,3.212063998168588785e+00
2.973213749463701205e+01,1.910497317454279909e+01,2.256102834535695578e+01,2.009975124224177989e+01,3.255764119219941222e+01,4.188078318274384770e+01,3.920459156782531807e+01,4.346262762420145975e+01,3.212063998168588785e+00
2.941088233970548416e+01,1.984943324127920761e+01,2.256102834535695578e+01,2.009975124224177989e+01,3.157530680769388809e+01,4.188078318274384770e+01,4.000000000000000000e+01,4.346262762420145975e+01,3.238563817440638815e+00
2.973213749463701205e+01,1.984943324127920761e+01,2.353720459187963954e+01,2.009975124224177989e+01,3.157530680769388809e+01,4.134005321718877468e+01,4.000000000000000000e+01,4.438468204234429493e+01,3.238563817440638815e+00
2.973213749463701205e+01,1.984943324127920761e+01,2.353720459187963954e+01,2.009975124224177989e+01,3.157530680769388809e+01,4.188078318274384770e+01,4.000000000000000000e+01,4.346262762420145975e+01,3.238563817440638815e+00
2.973213749463701205e+01,1.984943324127920761e+01,2.353720459187963954e+01,2.009975124224177989e+01,3.255764119219941222e+01,4.188078318274384770e+01,3.920459156782531807e+01,4.346262762420145975e+01,3.238563817440638815e+00
2.973213749463701205e+01,1.910497317454279909e+01,2.256102834535695578e+01,2.009975124224177989e+01,3.255764119219941222e+01,4.188078318274384770e+01,3.920459156782531807e+01,4.346262762420145975e+01,3.212063998168588785e+00
2.941088233970548416e+01,1.984943324127920761e+01,2.256102834535695578e+01,2.009975124224177989e+01,3.255764119219941222e+01,4.188078318274384770e+01,3.920459156782531807e+01,4.346262762420145975e+01,3.238563817440638815e+00
2.973213749463701205e+01,1.910497317454279909e+01,2.256102834535695578e+01,2.009975124224177989e+01,3.255764119219941222e+01,4.188078318274384770e+01,3.920459156782531807e+01,4.346262762420145975e+01,3.212063998168588785e+00
2.879236009777593708e+01,1.910497317454279909e+01,2.280350850198275836e+01,2.009975124224177989e+01,3.255764119219941222e+01,4.188078318274384770e+01,3.920459156782531807e+01,4.346262762420145975e+01,3.212063998168588785e+00
2.879236009777593708e+01,1.910497317454279909e+01,2.280350850198275836e+01,2.009975124224177989e+01,3.255764119219941222e+01,4.188078318274384770e+01,3.920459156782531807e+01,4.346262762420145975e+01,3.212063998168588785e+00
2.973213749463701205e+01,1.910497317454279909e+01,2.256102834535695578e+01,2.009975124224177989e+01,3.255764119219941222e+01,4.188078318274384770e+01,3.920459156782531807e+01,4.346262762420145975e+01,3.212063998168588785e+00
2.973213749463701205e+01,1.910497317454279909e+01,2.256102834535695578e+01,2.009975124224177989e+01,3.255764119219941222e+01,4.134005321718877468e+01,3.920459156782531807e+01,4.438468204234429493e+01,3.212063998168588785e+00
2.973213749463701205e+01,1.910497317454279909e+01,2.256102834535695578e+01,2.009975124224177989e+01,3.255764119219941222e+01,4.188078318274384770e+01,3.920459156782531807e+01,4.346262762420145975e+01,3.212063998168588785e+00
2.973213749463701205e+01,1.910497317454279909e+01,2.256102834535695578e+01,2.009975124224177989e+01,3.255764119219941222e+01,4.188078318274384770e+01,3.920459156782531807e+01,4.346262762420145975e+01,3.212063998168588785e+00
2.973213749463701205e+01,1.910497317454279909e+01,2.256102834535695578e+01,2.009975124224177989e+01,3.255764119219941222e+01,4.188078318274384770e+01,3.920459156782531807e+01,4.346262762420145975e+01,3.212063998168588785e+00
2.879236009777593708e+01,1.910497317454279909e+01,2.280350850198275836e+01,2.009975124224177989e+01,3.255764119219941222e+01,4.188078318274384770e+01,3.920459156782531807e+01,4.346262762420145975e+01,3.212063998168588785e+00
2.879236009777593708e+01,1.910497317454279909e+01,2.280350850198275836e+01,2.009975124224177989e+01,3.255764119219941222e+01,4.188078318274384770e+01,3.920459156782531807e+01,4.346262762420145975e+01,3.212063998168588785e+00
2.879236009777593708e+01,1.843908891458577415e+01,2.280350850198275836e+01,2.109502310972898798e+01,3.275667870831839679e+01,4.188078318274384770e+01,3.982461550347975532e+01,4.346262762420145975e+01,3.212063998168588785e+00
2.879236009777593708e+01,1.910497317454279909e+01,2.280350850198275836e+01,2.009975124224177989e+01,3.275667870831839679e+01,4.188078318274384770e+01,3.982461550347975532e+01,4.346262762420145975e+01,3.212063998168588785e+00
3.008321791298264714e+01,1.838477631085023489e+01,2.353720459187963954e+01,2.002498439450078749e+01,3.255764119219941222e+01,4.188078318274384770e+01,3.920459156782531807e+01,4.346262762420145975e+01,3.212063998168588785e+00
2.915475947422650194e+01,1.910497317454279909e+01,2.376972864800942631e+01,2.009975124224177989e+01,3.255764119219941222e+01,4.188078318274384770e+01,3.920459156782531807e+01,4.346262762420145975e+01,3.212063998168588785e+00
2.915475947422650194e+01,1.769180601295413169e+01,2.376972864800942631e+01,2.102379604162863913e+01,3.255764119219941222e+01,4.188078318274384770e+01,3.920459156782531807e+01,4.346262762420145975e+01,3.212063998168588785e+00
2.954657340538831534e+01,1.843908891458577415e+01,2.376972864800942631e+01,2.121320343559642652e+01,3.255764119219941222e+01,4.272001872658765365e+01,3.982461550347975532e+01,4.346262762420145975e+01,3.170430810460912241e+00
2.773084924772409465e+01,1.720465053408525335e+01,2.353720459187963954e+01,2.022374841615668473e+01,3.354101966249684352e+01,4.326661530556787483e+01,3.982461550347975532e+01,4.346262762420145975e+01,3.204450085699267703e+00
2.954657340538831534e+01,1.769180601295413169e+01,2.353720459187963954e+01,2.009975124224177989e+01,3.354101966249684352e+01,4.326661530556787483e+01,3.982461550347975532e+01,4.346262762420145975e+01,3.184101368399848031e+00
2.954657340538831534e+01,1.769180601295413169e+01,2.353720459187963954e+01,2.009975124224177989e+01,3.354101966249684352e+01,4.326661530556787483e+01,3.982461550347975532e+01,4.346262762420145975e+01,3.184101368399848031e+00
2.954657340538831534e+01,1.769180601295413169e+01,2.353720459187963954e+01,2.009975124224177989e+01,3.354101966249684352e+01,4.326661530556787483e+01,3.982461550347975532e+01,4.346262762420145975e+01,3.184101368399848031e+00
2.954657340538831534e+01,1.769180601295413169e+01,2.353720459187963954e+01,2.009975124224177989e+01,3.337663853655727308e+01,4.326661530556787483e+01,3.920459156782531807e+01,4.346262762420145975e+01,3.184101368399848031e+00
2.954657340538831534e+01,1.769180601295413169e+01,2.353720459187963954e+01,2.009975124224177989e+01,3.337663853655727308e+01,4.326661530556787483e+01,3.920459156782531807e+01,4.346262762420145975e+01,3.184101368399848031e+00
2.954657340538831534e+01,1.769180601295413169e+01,2.353720459187963954e+01,2.009975124224177989e+01,3.337663853655727308e+01,4.326661530556787483e+01,3.920459156782531807e+01,4.346262762420145975e+01,3.184101368399848031e+00
2.954657340538831534e+01,1.769180601295413169e+01,2.353720459187963954e+01,2.009975124224177989e+01,3.337663853655727308e+01,4.326661530556787483e+01,3.920459156782531807e+01,4.346262762420145975e+01,3.184101368399848031e+00
2.773084924772409465e+01,1.702938636592640265e+01,2.376972864800942631e+01,2.009975124224177989e+01,3.337663853655727308e+01,4.326661530556787483e+01,3.920459156782531807e+01,4.346262762420145975e+01,3.193984245192065252e+00
2.863564212655270680e+01,1.702938636592640265e+01,2.353720459187963954e+01,2.009975124224177989e+01,3.337663853655727308e+01,4.326661530556787483e+01,3.920459156782531807e+01,4.346262762420145975e+01,3.193984245192065252e+00
2.817800560721074277e+01,1.562049935181330795e+01,2.353720459187963954e+01,2.009975124224177989e+01,3.337663853655727308e+01,4.326661530556787483e+01,3.920459156782531807e+01,4.346262762420145975e+01,3.174755846092358169e+00
2.863564212655270680e+01,1.702938636592640265e+01,2.376972864800942631e+01,2.109502310972898798e+01,3.238826948140329165e+01,4.272001872658765365e+01,3.920459156782531807e+01,4.346262762420145975e+01,3.179776332768402103e+00
2.817800560721074277e+01,1.562049935181330795e+01,2.353720459187963954e+01,2.009975124224177989e+01,3.337663853655727308e+01,4.326661530556787483e+01,3.920459156782531807e+01,4.346262762420145975e+01,3.174755846092358169e+00
2.773084924772409465e+01,1.640121946685672683e+01,2.353720459187963954e+01,2.009975124224177989e+01,3.354101966249684352e+01,4.188078318274384770e+01,3.982461550347975532e+01,4.401136216933077350e+01,3.204450085699267703e+00
2.863564212655270680e+01,1.702938636592640265e+01,2.353720459187963954e+01,2.009975124224177989e+01,3.337663853655727308e+01,4.243819034784588951e+01,3.920459156782531807e+01,4.308131845707602992e+01,3.193984245192065252e+00
2.683281572999747766e+01,1.640121946685672683e+01,2.376972864800942631e+01,2.009975124224177989e+01,3.337663853655727308e+01,4.243819034784588951e+01,3.920459156782531807e+01,4.308131845707602992e+01,3.204450085699267703e+00
2.863564212655270680e+01,1.702938636592640265e+01,2.353720459187963954e+01,2.009975124224177989e+01,3.337663853655727308e+01,4.326661530556787483e+01,3.920459156782531807e+01,4.346262762420145975e+01,3.193984245192065252e+00
2.683281572999747766e+01,1.640121946685672683e+01,2.376972864800942631e+01,2.009975124224177989e+01,3.337663853655727308e+01,4.243819034784588951e+01,3.920459156782531807e+01,4.308131845707602992e+01,3.204450085699267703e+00
2.773084924772409465e+01,1.640121946685672683e+01,2.353720459187963954e+01,2.009975124224177989e+01,3.337663853655727308e+01,4.243819034784588951e+01,3.920459156782531807e+01,4.308131845707602992e+01,3.204450085699267703e+00
2.773084924772409465e+01,1.640121946685672683e+01,2.353720459187963954e+01,2.009975124224177989e+01,3.337663853655727308e+01,4.243819034784588951e+01,3.920459156782531807e+01,4.308131845707602992e+01,3.204450085699267703e+00
2.773084924772409465e+01,1.640121946685672683e+01,2.353720459187963954e+01,2.009975124224177989e+01,3.337663853655727308e+01,4.243819034784588951e+01,3.920459156782531807e+01,4.308131845707602992e+01,3.204450085699267703e+00
2.683281572999747766e+01,1.640121946685672683e+01,2.376972864800942631e+01,2.009975124224177989e+01,3.337663853655727308e+01,4.243819034784588951e+01,3.920459156782531807e+01,4.308131845707602992e+01,3.204450085699267703e+00
2.683281572999747766e+01,1.640121946685672683e+01,2.376972864800942631e+01,2.009975124224177989e+01,3.337663853655727308e+01,4.188078318274384770e+01,3.920459156782531807e+01,4.401136216933077350e+01,3.204450085699267703e+00
2.683281572999747766e+01,1.640121946685672683e+01,2.376972864800942631e+01,2.009975124224177989e+01,3.337663853655727308e+01,4.272001872658765365e+01,3.920459156782531807e+01,4.438468204234429493e+01,3.204450085699267703e+00
2.683281572999747766e+01,1.640121946685672683e+01,2.404163056034261459e+01,2.109502310972898798e+01,3.238826948140329165e+01,4.219004621945797595e+01,3.920459156782531807e+01,4.438468204234429493e+01,3.189659209560619324e+00
2.683281572999747766e+01,1.640121946685672683e+01,2.376972864800942631e+01,2.009975124224177989e+01,3.337663853655727308e+01,4.326661530556787483e+01,3.920459156782531807e+01,4.346262762420145975e+01,3.204450085699267703e+00
2.683281572999747766e+01,1.640121946685672683e+01,2.376972864800942631e+01,2.009975124224177989e+01,3.337663853655727308e+01,4.272001872658765365e+01,3.920459156782531807e+01,4.438468204234429493e+01,3.204450085699267703e+00
2.729468812791236232e+01,1.562049935181330795e+01,2.376972864800942631e+01,2.009975124224177989e+01,3.337663853655727308e+01,4.272001872658765365e+01,3.920459156782531807e+01,4.438468204234429493e+01,3.174755846092358169e+00
2.280350850198275836e+01,1.140175425099137918e+01,2.353720459187963954e+01,2.009975124224177989e+01,3.373425558686599857e+01,4.104875150354758517e+01,3.982461550347975532e+01,4.401136216933077350e+01,3.240412924270195560e+00
2.051828452868319275e+01,1.118033988749894903e+01,2.473863375370596174e+01,1.811077027627483460e+01,3.257299494980465937e+01,3.883297567789519888e+01,4.186884283091664116e+01,4.365775990588614519e+01,3.300882696139695760e+00
2.163330765278393741e+01,1.264911064067351809e+01,2.451530134426252516e+01,1.900000000000000000e+01,3.178049716414140846e+01,4.049691346263317371e+01,4.123105625617660763e+01,4.365775990588614519e+01,3.329567536259605998e+00
2.184032966784155505e+01,1.612451549659709826e+01,2.507987240796890660e+01,2.121320343559642652e+01,3.224903099319419653e+01,4.219004621945797595e+01,4.123105625617660763e+01,4.427188724235730888e+01,3.500943033940353111e+00
2.209072203437452231e+01,1.800000000000000000e+01,2.400000000000000000e+01,2.236067977499789805e+01,3.201562118716424266e+01,4.565084884205330695e+01,4.060788100849390503e+01,4.494441010848846219e+01,3.568220146716669205e+00
1.868154169226940553e+01,1.392838827718411920e+01,2.400000000000000000e+01,2.376972864800942631e+01,3.106444913401813324e+01,4.294182110716777601e+01,4.123105625617660763e+01,4.522167621838005402e+01,3.590032309664862531e+00
1.772004514666934938e+01,1.421267040355189515e+01,2.308679276123039159e+01,2.500000000000000000e+01,3.006659275674581622e+01,4.070626487409523975e+01,3.982461550347975532e+01,4.396589587396121601e+01,3.657084703709880813e+00
1.708800749063506075e+01,1.414213562373095101e+01,2.408318915758459156e+01,2.529822128134703618e+01,2.906888370749726747e+01,4.024922359499621649e+01,3.905124837953326988e+01,4.301162633521313694e+01,3.679636861415418458e+00
1.552417469626002422e+01,1.442220510185595650e+01,2.319482700948640286e+01,2.640075756488817049e+01,3.106444913401813324e+01,4.071854614300466579e+01,3.894868418830089496e+01,4.492215489043240240e+01,3.768566341780356765e+00
1.431782106327635340e+01,1.581138830084189628e+01,2.220360331117451835e+01,2.600000000000000000e+01,3.001666203960726875e+01,4.162931659299729859e+01,3.969886648255841521e+01,4.492215489043240240e+01,3.792802089034821300e+00
1.431782106327635340e+01,1.581138830084189628e+01,2.220360331117451835e+01,2.600000000000000000e+01,3.001666203960726875e+01,4.123105625617660763e+01,3.969886648255841521e+01,4.588027898781784586e+01,3.792802089034821300e+00
1.529705854077835525e+01,1.500000000000000000e+01,2.236067977499789805e+01,2.507987240796890660e+01,3.101612483854164637e+01,4.162931659299729859e+01,3.969886648255841521e+01,4.588027898781784586e+01,3.798636328555575759e+00
1.529705854077835525e+01,1.500000000000000000e+01,2.220360331117451835e+01,2.600000000000000000e+01,3.001666203960726875e+01,4.215447781671598193e+01,3.969886648255841521e+01,4.617358552246078318e+01,3.754281599192960339e+00
1.529705854077835525e+01,1.500000000000000000e+01,2.220360331117451835e+01,2.600000000000000000e+01,3.001666203960726875e+01,4.215447781671598193e+01,3.969886648255841521e+01,4.617358552246078318e+01,3.754281599192960339e+00
1.529705854077835525e+01,1.500000000000000000e+01,2.319482700948640286e+01,2.640075756488817049e+01,3.006659275674581622e+01,4.031128874149274566e+01,3.969886648255841521e+01,4.588027898781784586e+01,3.791463103001740720e+00
1.529705854077835525e+01,1.500000000000000000e+01,2.334523505985750447e+01,2.549509756796392423e+01,3.106444913401813324e+01,4.071854614300466579e+01,3.969886648255841521e+01,4.588027898781784586e+01,3.834705054101231525e+00
1.529705854077835525e+01,1.500000000000000000e+01,2.334523505985750447e+01,2.549509756796392423e+01,3.106444913401813324e+01,4.071854614300466579e+01,3.969886648255841521e+01,4.588027898781784586e+01,3.834705054101231525e+00
1.529705854077835525e+01,1.500000000000000000e+01,2.334523505985750447e+01,2.549509756796392423e+01,3.106444913401813324e+01,4.114608122288196768e+01,3.969886648255841521e+01,4.492215489043240240e+01,3.834705054101231525e+00
1.529705854077835525e+01,1.500000000000000000e+01,2.236067977499789805e+01,2.507987240796890660e+01,3.101612483854164637e+01,4.204759208325727826e+01,3.969886648255841521e+01,4.492215489043240240e+01,3.798636328555575759e+00
1.456021977856103611e+01,1.526433752247374720e+01,2.319482700948640286e+01,2.640075756488817049e+01,3.006659275674581622e+01,4.071854614300466579e+01,3.969886648255841521e+01,4.492215489043240240e+01,3.807086831622217282e+00
1.456021977856103611e+01,1.526433752247374720e+01,2.319482700948640286e+01,2.640075756488817049e+01,3.006659275674581622e+01,4.071854614300466579e+01,4.045985664828781836e+01,4.588027898781784586e+01,3.812752493378984475e+00
1.456021977856103611e+01,1.581138830084189628e+01,2.319482700948640286e+01,2.600000000000000000e+01,3.106444913401813324e+01,4.071854614300466579e+01,3.969886648255841521e+01,4.588027898781784586e+01,3.812752493378984475e+00
1.529705854077835525e+01,1.562049935181330795e+01,2.334523505985750447e+01,2.507987240796890660e+01,3.106444913401813324e+01,4.204759208325727826e+01,4.045985664828781836e+01,4.617358552246078318e+01,3.840212111783203319e+00
1.431782106327635340e+01,1.640121946685672683e+01,2.319482700948640286e+01,2.600000000000000000e+01,3.006659275674581622e+01,4.162931659299729859e+01,4.045985664828781836e+01,4.617358552246078318e+01,3.834705054101231525e+00
1.456021977856103611e+01,1.581138830084189628e+01,2.319482700948640286e+01,2.600000000000000000e+01,3.006659275674581622e+01,4.162931659299729859e+01,4.045985664828781836e+01,4.617358552246078318e+01,3.812752493378984475e+00
1.552417469626002422e+01,1.421267040355189515e+01,2.319482700948640286e+01,2.507987240796890660e+01,3.006659275674581622e+01,4.162931659299729859e+01,4.045985664828781836e+01,4.617358552246078318e+01,3.774232003537123958e+00
1.552417469626002422e+01,1.500000000000000000e+01,2.319482700948640286e+01,2.600000000000000000e+01,3.206243908376279705e+01,4.204759208325727826e+01,3.894868418830089496e+01,4.522167621838005402e+01,3.774232003537123958e+00
1.552417469626002422e+01,1.500000000000000000e+01,2.319482700948640286e+01,2.600000000000000000e+01,3.006659275674581622e+01,4.204759208325727826e+01,4.045985664828781836e+01,4.522167621838005402e+01,3.774232003537123958e+00
1.552417469626002422e+01,1.500000000000000000e+01,2.319482700948640286e+01,2.600000000000000000e+01,3.006659275674581622e+01,4.071854614300466579e+01,3.969886648255841521e+01,4.492215489043240240e+01,3.768566341780356765e+00
1.552417469626002422e+01,1.500000000000000000e+01,2.319482700948640286e+01,2.600000000000000000e+01,3.006659275674581622e+01,4.071854614300466579e+01,4.045985664828781836e+01,4.588027898781784586e+01,3.774232003537123958e+00
1.552417469626002422e+01,1.500000000000000000e+01,2.319482700948640286e+01,2.600000000000000000e+01,3.006659275674581622e+01,4.204759208325727826e+01,4.045985664828781836e+01,4.522167621838005402e+01,3.774232003537123958e+00
1.552417469626002422e+01,1.486606874731850603e+01,2.319482700948640286e+01,2.469817807045693669e+01,3.206243908376279705e+01,4.071854614300466579e+01,3.820994634908559817e+01,4.492215489043240240e+01,3.768566341780356765e+00
1.552417469626002422e+01,1.486606874731850603e+01,2.319482700948640286e+01,2.469817807045693669e+01,3.106444913401813324e+01,4.071854614300466579e+01,3.969886648255841521e+01,4.588027898781784586e+01,3.774232003537123958e+00
1.552417469626002422e+01,1.486606874731850603e+01,2.319482700948640286e+01,2.469817807045693669e+01,3.106444913401813324e+01,4.204759208325727826e+01,3.969886648255841521e+01,4.522167621838005402e+01,3.774232003537123958e+00
1.552417469626002422e+01,1.486606874731850603e+01,2.319482700948640286e+01,2.469817807045693669e+01,3.006659275674581622e+01,4.071854614300466579e+01,4.045985664828781836e+01,4.588027898781784586e+01,3.774232003537123958e+00
1.552417469626002422e+01,1.486606874731850603e+01,2.319482700948640286e+01,2.469817807045693669e+01,3.206243908376279705e+01,4.114608122288196768e+01,3.894868418830089496e+01,4.492215489043240240e+01,3.774232003537123958e+00
1.552417469626002422e+01,1.486606874731850603e+01,2.319482700948640286e+01,2.469817807045693669e+01,3.006659275674581622e+01,4.114608122288196768e+01,4.045985664828781836e+01,4.492215489043240240e+01,3.774232003537123958e+00
1.552417469626002422e+01,1.555634918610404505e+01,2.308679276123039159e+01,2.529822128134703618e+01,3.006659275674581622e+01,4.071854614300466579e+01,3.969886648255841521e+01,4.492215489043240240e+01,3.731832389870571198e+00
1.552417469626002422e+01,1.486606874731850603e+01,2.319482700948640286e+01,2.469817807045693669e+01,3.206243908376279705e+01,4.071854614300466579e+01,3.820994634908559817e+01,4.492215489043240240e+01,3.768566341780356765e+00
1.552417469626002422e+01,1.486606874731850603e+01,2.319482700948640286e+01,2.469817807045693669e+01,3.106444913401813324e+01,4.114608122288196768e+01,3.969886648255841521e+01,4.492215489043240240e+01,3.774232003537123958e+00
1.552417469626002422e+01,1.486606874731850603e+01,2.319482700948640286e+01,2.469817807045693669e+01,3.106444913401813324e+01,4.071854614300466579e+01,3.969886648255841521e+01,4.588027898781784586e+01,3.774232003537123958e+00
1.552417469626002422e+01,1.555634918610404505e+01,2.319482700948640286e+01,2.435159132377184221e+01,3.106444913401813324e+01,4.114608122288196768e+01,3.969886648255841521e+01,4.492215489043240240e+01,3.774232003537123958e+00
1.456021977856103611e+01,1.555634918610404505e+01,2.308679276123039159e+01,2.435159132377184221e+01,3.206243908376279705e+01,4.071854614300466579e+01,3.894868418830089496e+01,4.588027898781784586e+01,3.774232003537123958e+00
1.552417469626002422e+01,1.555634918610404505e+01,2.319482700948640286e+01,2.435159132377184221e+01,3.206243908376279705e+01,4.114608122288196768e+01,3.820994634908559817e+01,4.396589587396121601e+01,3.768566341780356765e+00
1.456021977856103611e+01,1.555634918610404505e+01,2.308679276123039159e+01,2.435159132377184221e+01,3.106444913401813324e+01,4.071854614300466579e+01,3.894868418830089496e+01,4.492215489043240240e+01,3.768566341780356765e+00
1.456021977856103611e+01,1.486606874731850603e+01,2.308679276123039159e+01,2.469817807045693669e+01,3.106444913401813324e+01,4.114608122288196768e+01,3.969886648255841521e+01,4.492215489043240240e+01,3.774232003537123958e+00
1.456021977856103611e+01,1.486606874731850603e+01,2.308679276123039159e+01,2.469817807045693669e+01,3.106444913401813324e+01,4.071854614300466579e+01,3.894868418830089496e+01,4.492215489043240240e+01,3.768566341780356765e+00
1.456021977856103611e+01,1.562049935181330795e+01,2.308679276123039159e+01,2.563201123595259290e+01,3.106444913401813324e+01,4.162931659299729859e+01,3.969886648255841521e+01,4.617358552246078318e+01,3.774232003537123958e+00
1.216552506059643868e+01,2.061552812808830382e+01,2.319482700948640286e+01,2.773084924772409465e+01,3.106444913401813324e+01,4.114608122288196768e+01,3.982461550347975532e+01,4.617358552246078318e+01,4.011602537756296272e+00
1.835755975068581947e+01,2.163330765278393741e+01,2.220360331117451835e+01,2.817800560721074277e+01,3.006659275674581622e+01,4.609772228646443892e+01,4.123105625617660763e+01,4.522167621838005402e+01,3.891115127255940997e+00
1.166190378969060149e+01,2.332380757938120297e+01,2.376972864800942631e+01,2.941088233970548416e+01,3.214031735997639316e+01,4.609772228646443892e+01,3.905124837953326988e+01,4.522167621838005402e+01,4.151128398170735423e+00
1.140175425099137918e+01,1.838477631085023489e+01,2.353720459187963954e+01,2.983286778035259701e+01,3.026549190084311292e+01,4.459820624195551630e+01,3.764306044943742080e+01,4.617358552246078318e+01,4.042487577363397477e+00
1.500000000000000000e+01,1.476482306023340030e+01,2.404163056034261459e+01,2.640075756488817049e+01,2.816025568065744622e+01,4.522167621838005402e+01,3.894868418830089496e+01,4.522167621838005402e+01,3.907011641061735929e+00
1.649242250247064234e+01,1.421267040355189515e+01,2.531797780234432693e+01,2.594224354214569317e+01,2.707397274136176790e+01,4.237924020083418242e+01,3.962322551231790158e+01,4.341658669218482203e+01,3.715411811146052123e+00
1.581138830084189628e+01,1.414213562373095101e+01,2.517935662402834396e+01,2.416609194718914466e+01,2.707397274136176790e+01,4.365775990588614519e+01,3.894868418830089496e+01,4.301162633521313694e+01,3.708321871113299473e+00
1.552417469626002422e+01,1.414213562373095101e+01,2.319482700948640286e+01,2.376972864800942631e+01,2.807133769523639799e+01,4.427188724235730888e+01,3.820994634908559817e+01,4.427188724235730888e+01,3.685425109891915518e+00
1.552417469626002422e+01,1.414213562373095101e+01,2.319482700948640286e+01,2.376972864800942631e+01,2.807133769523639799e+01,4.427188724235730888e+01,3.820994634908559817e+01,4.427188724235730888e+01,3.685425109891915518e+00
1.615549442140351033e+01,1.345362404707370985e+01,2.501999200639360765e+01,2.469817807045693669e+01,2.701851217221259205e+01,4.332435804486893716e+01,3.820994634908559817e+01,4.332435804486893716e+01,3.621013776437266962e+00
1.697056274847713908e+01,1.315294643796590535e+01,2.473863375370596174e+01,2.002498439450078749e+01,3.041381265149109936e+01,4.159326868617084472e+01,3.962322551231790158e+01,4.016217125604640614e+01,3.331072811470940476e+00
1.749285568453590045e+01,1.200000000000000000e+01,2.563201123595259290e+01,1.824828759089465890e+01,3.067572330035593353e+01,3.758989225842500304e+01,4.031128874149274566e+01,4.143669871020131978e+01,3.283489708193957135e+00
1.749285568453590045e+01,1.100000000000000000e+01,2.563201123595259290e+01,1.811077027627483460e+01,3.067572330035593353e+01,3.671511950137163893e+01,3.962322551231790158e+01,4.016217125604640614e+01,3.278142165584806644e+00
1.749285568453590045e+01,1.200000000000000000e+01,2.657066051117284644e+01,1.811077027627483460e+01,2.816025568065744622e+01,3.671511950137163893e+01,3.962322551231790158e+01,4.016217125604640614e+01,3.321593060976337330e+00
1.802775637731994607e+01,1.216552506059643868e+01,2.473863375370596174e+01,1.824828759089465890e+01,3.067572330035593353e+01,3.758989225842500304e+01,4.036087214122112954e+01,4.016217125604640614e+01,3.310958173479827682e+00
1.838477631085023489e+01,1.100000000000000000e+01,2.416609194718914466e+01,1.802775637731994607e+01,3.138470965295043058e+01,3.721558813185679071e+01,4.036087214122112954e+01,3.956008088970496317e+01,3.116645814701570760e+00
1.910497317454279909e+01,1.077032961426900748e+01,2.126029162546929996e+01,1.769180601295413169e+01,3.264965543462901820e+01,3.807886552931954327e+01,4.172529209005013229e+01,4.295346318982905842e+01,2.703169051429496150e+00
2.202271554554523902e+01,1.044030650891055068e+01,1.886796226411320632e+01,1.655294535724684835e+01,3.328663395418647752e+01,3.687817782917154830e+01,4.242640687119285303e+01,3.757658845611187104e+01,2.322911722075079233e+00
3.452535300326413648e+01,1.486606874731850603e+01,2.137755832643194864e+01,2.039607805437113797e+01,3.342154993413680586e+01,3.828837943815329226e+01,4.220189569201838253e+01,3.744329045369811126e+01,1.967875772019878955e+00
3.640054944640259293e+01,2.024845673131658685e+01,2.501999200639360765e+01,1.941648783894759944e+01,3.465544690232691494e+01,3.661966684720110976e+01,4.188078318274384770e+01,3.720215047547655018e+01,4.300932736970987769e+00
3.863935817272331263e+01,2.332380757938120297e+01,2.400000000000000000e+01,1.868154169226940553e+01,3.546829570193639825e+01,3.891015291668743714e+01,4.341658669218482203e+01,3.471310991541956525e+01,4.193680353957815576e+00
3.649657518178931781e+01,2.202271554554523902e+01,2.408318915758459156e+01,1.746424919657297892e+01,3.580502757993631491e+01,3.827531841800927737e+01,4.114608122288196768e+01,3.255764119219941222e+01,4.038060636129746861e+00
3.337663853655727308e+01,1.910497317454279909e+01,2.408318915758459156e+01,1.868154169226940553e+01,3.605551275463989214e+01,3.769615364994152884e+01,4.295346318982905842e+01,3.538361202590826338e+01,3.961882920388218210e+00
3.313608305156178346e+01,2.051828452868319275e+01,2.507987240796890660e+01,1.838477631085023489e+01,3.720215047547655018e+01,3.640054944640259293e+01,4.308131845707602992e+01,3.889730067755344578e+01,3.873115686938847446e+00
3.501428280002319582e+01,2.262741699796952233e+01,2.400000000000000000e+01,2.024845673131658685e+01,3.764306044943742080e+01,3.921734310225515685e+01,4.080441152620633005e+01,3.969886648255841521e+01,3.867444912996752304e+00
3.471310991541956525e+01,2.140093455903269515e+01,2.501999200639360765e+01,1.868154169226940553e+01,3.624913792078371699e+01,3.847076812334268681e+01,4.130375285612676350e+01,3.847076812334268681e+01,3.773730615118786602e+00
3.423448553724738019e+01,2.549509756796392423e+01,2.408318915758459156e+01,1.726267650163206824e+01,3.517101079013794873e+01,3.900000000000000000e+01,4.001249804748510996e+01,3.448187929913333249e+01,3.612593071257290234e+00
3.400000000000000000e+01,2.831960451701259274e+01,2.319482700948640286e+01,1.811077027627483460e+01,3.420526275297414287e+01,3.900000000000000000e+01,3.905124837953326988e+01,3.613862199918530393e+01,3.526188840718321948e+00
3.517101079013794873e+01,2.720294101747088789e+01,2.647640458974745314e+01,1.702938636592640265e+01,3.517101079013794873e+01,3.900000000000000000e+01,3.601388621073821383e+01,3.551056180912940619e+01,3.640281264144138440e+00
3.667424164178449786e+01,2.692582403567251959e+01,2.435159132377184221e+01,1.627882059609970611e+01,3.471310991541956525e+01,4.210700654285459876e+01,3.501428280002319582e+01,3.200000000000000000e+01,3.848549478186609640e+00
3.640054944640259293e+01,2.500000000000000000e+01,2.282542442102665348e+01,1.835755975068581947e+01,3.535533905932737753e+01,4.100000000000000000e+01,3.500000000000000000e+01,2.600000000000000000e+01,4.043517376485008086e+00
3.189043743820394994e+01,2.801785145224380003e+01,2.385372088375312671e+01,1.769180601295413169e+01,3.601388621073821383e+01,3.956008088970496317e+01,3.522782990761707111e+01,2.617250465660480074e+01,4.108206559097483890e+00
2.915475947422650194e+01,2.844292530665578411e+01,2.517935662402834396e+01,2.080865204668481283e+01,3.649657518178931781e+01,3.940812099047606409e+01,3.312099032335839155e+01,3.036445290137795183e+01,4.060874481709245920e+00
3.052867504494749440e+01,3.104834939252004844e+01,2.402082429892862692e+01,2.147091055358388800e+01,3.310589071449369669e+01,3.969886648255841521e+01,3.471310991541956525e+01,3.106444913401813324e+01,3.894693961204481525e+00
3.162277660168379256e+01,3.255764119219941222e+01,2.408318915758459156e+01,2.059126028197400160e+01,2.983286778035259701e+01,3.667424164178449786e+01,4.031128874149274566e+01,3.252691193458118590e+01,3.536383773289554888e+00
3.301514803843835466e+01,3.255764119219941222e+01,2.202271554554523902e+01,2.193171219946130890e+01,2.570992026436488231e+01,3.448187929913333249e+01,4.204759208325727826e+01,3.624913792078371699e+01,3.259899625110788346e+00
3.140063693621516450e+01,3.337663853655727308e+01,2.408318915758459156e+01,2.059126028197400160e+01,2.692582403567251959e+01,3.733630940518894192e+01,4.501110973970759943e+01,3.534119409414458346e+01,3.153842653328467804e+00
2.952964612046680060e+01,3.080584360149872580e+01,2.200000000000000000e+01,1.992485884517127559e+01,3.275667870831839679e+01,4.004996878900157498e+01,4.304648650006176780e+01,3.773592452822641263e+01,3.303430084828216096e+00
2.879236009777593708e+01,3.036445290137795183e+01,2.517935662402834396e+01,2.184032966784155505e+01,3.624913792078371699e+01,4.044749683231336945e+01,4.428317965096906050e+01,3.721558813185679071e+01,3.278025281709469496e+00
2.863564212655270680e+01,3.201562118716424266e+01,2.451530134426252516e+01,2.353720459187963954e+01,3.939543120718441571e+01,4.244997055358224713e+01,4.328972164382672361e+01,3.498571136907180090e+01,3.245196801607109105e+00
3.088689042296100240e+01,3.298484500494128469e+01,2.507987240796890660e+01,2.247220505424423109e+01,4.428317965096906050e+01,4.332435804486893716e+01,4.257933771208753626e+01,3.858756276314947797e+01,3.112413454152099135e+00
3.312099032335839155e+01,3.255764119219941222e+01,2.300000000000000000e+01,2.404163056034261459e+01,4.695742752749558235e+01,4.623851208678756564e+01,3.981205847478876336e+01,3.712142238654116966e+01,3.086240283079263236e+00
3.342154993413680586e+01,3.832753579347360073e+01,2.601922366251537611e+01,2.376972864800942631e+01,4.308131845707602992e+01,4.976946855251721757e+01,4.244997055358224713e+01,3.383784863137726262e+01,2.933127435209805345e+00
3.189043743820394994e+01,3.901281840626231912e+01,2.601922366251537611e+01,2.370653918225939449e+01,4.338202392696772591e+01,4.904079934095691584e+01,4.123105625617660763e+01,3.453983207834108526e+01,2.829030202036308950e+00
3.111269837220809009e+01,3.600000000000000000e+01,2.729468812791236232e+01,2.220360331117451835e+01,4.410215414239988974e+01,5.412023651093923604e+01,4.220189569201838253e+01,3.453983207834108526e+01,2.867590445411678957e+00
2.193171219946130890e+01,2.284731931759172596e+01,2.692582403567251959e+01,2.420743687382040932e+01,4.465422712353221613e+01,5.316013544000804814e+01,4.220189569201838253e+01,3.534119409414458346e+01,2.671667834461605828e+00
1.627882059609970611e+01,1.920937271229854559e+01,2.692582403567251959e+01,2.594224354214569317e+01,4.161730409336962566e+01,5.360037313302958495e+01,4.244997055358224713e+01,3.453983207834108526e+01,2.450542696306618584e+00
1.627882059609970611e+01,1.655294535724684835e+01,2.765863337187866122e+01,2.657066051117284644e+01,4.036087214122112954e+01,5.445181356024792763e+01,4.123105625617660763e+01,3.546829570193639825e+01,2.418023001982620102e+00
1.702938636592640265e+01,1.612451549659709826e+01,2.624880949681337583e+01,2.624880949681337583e+01,3.894868418830089496e+01,5.403702434442518410e+01,4.079215610874227593e+01,3.534119409414458346e+01,2.503905432778350537e+00
2.147091055358388800e+01,2.193171219946130890e+01,2.758622844826744469e+01,2.500000000000000000e+01,3.982461550347975532e+01,5.400000000000000000e+01,4.060788100849390503e+01,3.623534186398687496e+01,2.491354399376188411e+00
2.163330765278393741e+01,1.979898987322333070e+01,2.690724809414741969e+01,2.529822128134703618e+01,4.080441152620633005e+01,5.500909015790026757e+01,4.044749683231336945e+01,3.584689665786984136e+01,2.595072912676926080e+00
1.984943324127920761e+01,1.500000000000000000e+01,2.690724809414741969e+01,2.563201123595259290e+01,4.104875150354758517e+01,5.503635162326805386e+01,4.044749683231336945e+01,3.635931792539568619e+01,2.677435620282570206e+00
2.376972864800942631e+01,2.408318915758459156e+01,2.690724809414741969e+01,2.500000000000000000e+01,4.000000000000000000e+01,5.400925846556310717e+01,4.159326868617084472e+01,3.721558813185679071e+01,2.528918780258167409e+00
2.915475947422650194e+01,3.023243291566194912e+01,2.758622844826744469e+01,2.376972864800942631e+01,3.982461550347975532e+01,5.200961449578337437e+01,4.130375285612676350e+01,3.689173349139343117e+01,2.578204594280602002e+00
3.231098884280702066e+01,3.328663395418647752e+01,2.687005768508880621e+01,2.370653918225939449e+01,3.841874542459709119e+01,4.916299421312741913e+01,4.130375285612676350e+01,3.966106403010387993e+01,2.611925427110310061e+00
3.361547262794321966e+01,3.623534186398687496e+01,2.687005768508880621e+01,2.109502310972898798e+01,3.889730067755344578e+01,4.410215414239988974e+01,4.201190307520000999e+01,4.060788100849390503e+01,2.624289369954285078e+00
3.220248437620923454e+01,3.848376280978771291e+01,2.420743687382040932e+01,1.984943324127920761e+01,3.640054944640259293e+01,4.304648650006176780e+01,4.204759208325727826e+01,3.911521443121588959e+01,2.669692677565052463e+00
3.312099032335839155e+01,3.900000000000000000e+01,2.500000000000000000e+01,2.061552812808830382e+01,3.500000000000000000e+01,4.104875150354758517e+01,4.119465984809195902e+01,3.996248240537617136e+01,2.685530564802624642e+00
3.220248437620923454e+01,3.891015291668743714e+01,2.483948469674844262e+01,1.984943324127920761e+01,3.580502757993631491e+01,4.101219330881975367e+01,4.119465984809195902e+01,3.996248240537617136e+01,2.610830268979675850e+00
3.178049716414140846e+01,4.031128874149274566e+01,2.267156809750926882e+01,1.835755975068581947e+01,3.560898762952971452e+01,4.304648650006176780e+01,4.110960958218893069e+01,3.858756276314947797e+01,2.593654498006904952e+00
3.220248437620923454e+01,3.138470965295043058e+01,2.051828452868319275e+01,2.080865204668481283e+01,3.301514803843835466e+01,3.847076812334268681e+01,4.000000000000000000e+01,3.911521443121588959e+01,2.833766146159258703e+00
3.106444913401813324e+01,3.269556544854363267e+01,2.140093455903269515e+01,2.140093455903269515e+01,3.361547262794321966e+01,3.712142238654116966e+01,4.200000000000000000e+01,3.883297567789519888e+01,2.777503980931939509e+00
3.087069808086626210e+01,3.264965543462901820e+01,2.416609194718914466e+01,1.769180601295413169e+01,3.023243291566194912e+01,3.765634076752546378e+01,4.301162633521313694e+01,4.022437072223753063e+01,2.500127882833958815e+00
4.365775990588614519e+01,1.972308292331602075e+01,2.195449840010014952e+01,1.500000000000000000e+01,2.505992817228333536e+01,3.417601498127012150e+01,4.300000000000000000e+01,4.104875150354758517e+01,3.463343207986435246e+00
3.354101966249684352e+01,3.828837943815329226e+01,2.505992817228333536e+01,1.835755975068581947e+01,2.549509756796392423e+01,3.420526275297414287e+01,4.300000000000000000e+01,3.827531841800927737e+01,2.397322509390113154e+00
3.001666203960726875e+01,2.469817807045693669e+01,2.280350850198275836e+01,2.300000000000000000e+01,2.690724809414741969e+01,4.346262762420145975e+01,3.712142238654116966e+01,3.623534186398687496e+01,2.356194490192344837e+00
2.785677655436823841e+01,1.860107523773827509e+01,2.596150997149434048e+01,2.200000000000000000e+01,2.831960451701259274e+01,4.341658669218482203e+01,3.687817782917154830e+01,3.721558813185679071e+01,2.524326254548821424e+00
2.418677324489564739e+01,1.664331697709323876e+01,2.469817807045693669e+01,2.121320343559642652e+01,2.624880949681337583e+01,3.944616584663204151e+01,3.785498646149540036e+01,3.773592452822641263e+01,2.571478913712299530e+00
2.563201123595259290e+01,2.000000000000000000e+01,2.469817807045693669e+01,2.109502310972898798e+01,2.828427124746190202e+01,4.118252056394800320e+01,3.710795063055894616e+01,3.689173349139343117e+01,2.546404707325051309e+00
2.716615541441224835e+01,2.385372088375312671e+01,2.435159132377184221e+01,2.200000000000000000e+01,2.780287754891568852e+01,4.356604182158393002e+01,3.807886552931954327e+01,3.801315561749642313e+01,2.487675254865539198e+00
2.807133769523639799e+01,2.385372088375312671e+01,2.376972864800942631e+01,2.102379604162863913e+01,3.176476034853718033e+01,4.580392996239514503e+01,3.640054944640259293e+01,4.123105625617660763e+01,2.509099257298049057e+00
3.001666203960726875e+01,2.385372088375312671e+01,2.353720459187963954e+01,2.209072203437452231e+01,3.046309242345563462e+01,4.545327270945404763e+01,3.764306044943742080e+01,4.172529209005013229e+01,2.564805512680964128e+00
3.200000000000000000e+01,2.720294101747088789e+01,2.353720459187963954e+01,2.102379604162863913e+01,2.954657340538831534e+01,4.622769732530488085e+01,3.764306044943742080e+01,4.036087214122112954e+01,2.569554740477550503e+00
3.041381265149109936e+01,2.863564212655270680e+01,2.220360331117451835e+01,2.102379604162863913e+01,2.906888370749726747e+01,4.560701700396551672e+01,3.860051813123756403e+01,4.036087214122112954e+01,2.424127769155049350e+00
3.228002478313794654e+01,3.138470965295043058e+01,2.402082429892862692e+01,2.039607805437113797e+01,2.952964612046680060e+01,4.522167621838005402e+01,3.736308338453881106e+01,3.905124837953326988e+01,2.276384248986196290e+00
3.298484500494128469e+01,3.087069808086626210e+01,2.400000000000000000e+01,1.941648783894759944e+01,3.041381265149109936e+01,4.522167621838005402e+01,3.668787265568828104e+01,3.828837943815329226e+01,2.307845103540441922e+00
3.080584360149872580e+01,2.915475947422650194e+01,2.400000000000000000e+01,1.941648783894759944e+01,2.906888370749726747e+01,4.440720662234903671e+01,3.640054944640259293e+01,3.828837943815329226e+01,2.290661781468319447e+00
3.041381265149109936e+01,2.823118842698620767e+01,2.500000000000000000e+01,1.941648783894759944e+01,2.906888370749726747e+01,4.440720662234903671e+01,3.640054944640259293e+01,3.828837943815329226e+01,2.307053755776324877e+00
2.927456233660889495e+01,2.692582403567251959e+01,2.500000000000000000e+01,1.941648783894759944e+01,2.906888370749726747e+01,4.440720662234903671e+01,3.640054944640259293e+01,3.828837943815329226e+01,2.307053755776324877e+00
2.915475947422650194e+01,2.640075756488817049e+01,2.400000000000000000e+01,1.824828759089465890e+01,2.863564212655270680e+01,4.560701700396551672e+01,3.640054944640259293e+01,3.905124837953326988e+01,2.359118458467593271e+00
2.915475947422650194e+01,2.640075756488817049e+01,2.402082429892862692e+01,1.923538406167134340e+01,2.773084924772409465e+01,4.420407221060068537e+01,3.640054944640259293e+01,3.828837943815329226e+01,2.375456555925039126e+00
2.915475947422650194e+01,2.640075756488817049e+01,2.501999200639360765e+01,1.941648783894759944e+01,2.817800560721074277e+01,4.420407221060068537e+01,3.640054944640259293e+01,3.905124837953326988e+01,2.340705195469910294e+00
2.927456233660889495e+01,2.731300056749532601e+01,2.402082429892862692e+01,1.923538406167134340e+01,2.817800560721074277e+01,4.360045871318327926e+01,3.544009029333869876e+01,3.764306044943742080e+01,2.339859887133631133e+00
2.927456233660889495e+01,2.731300056749532601e+01,2.402082429892862692e+01,1.923538406167134340e+01,2.817800560721074277e+01,4.440720662234903671e+01,3.640054944640259293e+01,3.764306044943742080e+01,2.340705195469910294e+00
2.912043955712207222e+01,2.912043955712207222e+01,2.300000000000000000e+01,2.022374841615668473e+01,2.662705391138869615e+01,4.382921400162225467e+01,3.710795063055894616e+01,3.801315561749642313e+01,2.202309177611422975e+00
2.816025568065744622e+01,2.863564212655270680e+01,2.200000000000000000e+01,2.109502310972898798e+01,2.640075756488817049e+01,4.326661530556787483e+01,3.613862199918530393e+01,3.689173349139343117e+01,2.179256434034641643e+00
2.473863375370596174e+01,2.319482700948640286e+01,2.202271554554523902e+01,2.061552812808830382e+01,2.745906043549196340e+01,4.522167621838005402e+01,3.544009029333869876e+01,3.689173349139343117e+01,2.170972242031234956e+00
2.002498439450078749e+01,1.726267650163206824e+01,2.300000000000000000e+01,2.353720459187963954e+01,2.865309756378880479e+01,4.609772228646443892e+01,3.640054944640259293e+01,3.920459156782531807e+01,2.291663857108956925e+00
2.000000000000000000e+01,1.824828759089465890e+01,2.400000000000000000e+01,2.376972864800942631e+01,2.865309756378880479e+01,4.686149805543992386e+01,3.733630940518894192e+01,3.920459156782531807e+01,2.248869479277659345e+00
2.009975124224177989e+01,1.552417469626002422e+01,2.300000000000000000e+01,2.473863375370596174e+01,3.067572330035593353e+01,4.738143096192853676e+01,3.640054944640259293e+01,4.313930922024598402e+01,2.379392184296610147e+00
2.418677324489564739e+01,1.603121954188139853e+01,2.517935662402834396e+01,2.668332812825266842e+01,3.373425558686599857e+01,4.525483399593904466e+01,3.676955262170046979e+01,4.301162633521313694e+01,2.561983280065021518e+00
2.236067977499789805e+01,1.600000000000000000e+01,2.630589287593181069e+01,2.668332812825266842e+01,3.522782990761707111e+01,4.534313619501853765e+01,3.492849839314595783e+01,4.410215414239988974e+01,2.587495742812617294e+00
1.802775637731994607e+01,1.456021977856103611e+01,2.549509756796392423e+01,2.647640458974745314e+01,3.811823710509183627e+01,4.545327270945404763e+01,3.577708763999663688e+01,4.652956049652736681e+01,2.612857381664744238e+00
1.700000000000000000e+01,1.360147050873544394e+01,2.596150997149434048e+01,2.630589287593181069e+01,4.210700654285459876e+01,4.669047011971500893e+01,3.807886552931954327e+01,4.661544808322666000e+01,2.693886635069752788e+00
1.788854381999831844e+01,1.264911064067351809e+01,2.596150997149434048e+01,2.745906043549196340e+01,4.300000000000000000e+01,4.763402145525821396e+01,3.966106403010387993e+01,4.838388161361177708e+01,2.786856305075194218e+00
1.843908891458577415e+01,1.170469991071962568e+01,2.600000000000000000e+01,2.801785145224380003e+01,4.700000000000000000e+01,4.742362280551750331e+01,3.801315561749642313e+01,4.780167361086847677e+01,2.952854886069659734e+00
1.702938636592640265e+01,1.252996408614166768e+01,2.376972864800942631e+01,2.800000000000000000e+01,4.804164859785725383e+01,4.666904755831213691e+01,3.841874542459709119e+01,4.632493928760187885e+01,2.952854886069659734e+00
1.697056274847713908e+01,1.170469991071962568e+01,2.683281572999747766e+01,2.801785145224380003e+01,5.003998401278721531e+01,4.669047011971500893e+01,3.841874542459709119e+01,4.707440918375927907e+01,2.946311255494893810e+00
1.979898987322333070e+01,1.104536101718726115e+01,2.906888370749726747e+01,2.801785145224380003e+01,5.000999900019994726e+01,4.738143096192853676e+01,3.905124837953326988e+01,4.687216658103186262e+01,3.014825118488431599e+00
1.843908891458577415e+01,1.104536101718726115e+01,2.780287754891568852e+01,2.816025568065744622e+01,5.008991914547277702e+01,4.742362280551750331e+01,3.982461550347975532e+01,4.707440918375927907e+01,3.137632278255917839e+00
2.202271554554523902e+01,1.220655561573370207e+01,2.765863337187866122e+01,2.570992026436488231e+01,5.103920062069938268e+01,4.816637831516918311e+01,3.920459156782531807e+01,4.707440918375927907e+01,3.279357500308504481e+00
1.526433752247374720e+01,1.456021977856103611e+01,2.758622844826744469e+01,2.404163056034261459e+01,5.108815909777920439e+01,4.763402145525821396e+01,4.000000000000000000e+01,4.687216658103186262e+01,3.135730074189852168e+00
2.340939982143925135e+01,1.341640786499873883e+01,2.983286778035259701e+01,2.102379604162863913e+01,4.809365862564419558e+01,4.686149805543992386e+01,4.080441152620633005e+01,4.589117562233506220e+01,3.491740524911023158e+00
2.022374841615668473e+01,1.345362404707370985e+01,3.023243291566194912e+01,2.163330765278393741e+01,4.401136216933077350e+01,4.534313619501853765e+01,4.060788100849390503e+01,4.707440918375927907e+01,3.554207197643781235e+00
2.376972864800942631e+01,1.581138830084189628e+01,3.041381265149109936e+01,2.280350850198275836e+01,4.200000000000000000e+01,4.123105625617660763e+01,3.982461550347975532e+01,4.751841748206688720e+01,3.737791794887273422e+00
1.992485884517127559e+01,1.526433752247374720e+01,3.080584360149872580e+01,2.012461179749810825e+01,3.901281840626231912e+01,4.000000000000000000e+01,4.060788100849390503e+01,4.767598976424086743e+01,3.499809474664692832e+00
2.846049894151541437e+01,2.102379604162863913e+01,3.190611226708763226e+01,1.749285568453590045e+01,3.622154055254966920e+01,3.773592452822641263e+01,3.748332962798262713e+01,4.295346318982905842e+01,3.767770365974895341e+00
2.731300056749532601e+01,2.607680962081059661e+01,2.668332812825266842e+01,2.024845673131658685e+01,3.178049716414140846e+01,3.757658845611187104e+01,3.220248437620923454e+01,3.716180835212409050e+01,3.979139546327877142e+00
2.319482700948640286e+01,2.500000000000000000e+01,2.647640458974745314e+01,2.158703314492290204e+01,3.231098884280702066e+01,3.584689665786984136e+01,3.264965543462901820e+01,3.758989225842500304e+01,4.159035682366823750e+00
2.601922366251537611e+01,2.555386467836127551e+01,2.624880949681337583e+01,2.109502310972898798e+01,3.275667870831839679e+01,3.482814953453599571e+01,3.394112549695427816e+01,3.605551275463989214e+01,4.231537005937115126e+00
2.630589287593181069e+01,2.690724809414741969e+01,2.692582403567251959e+01,2.202271554554523902e+01,2.830194339616981125e+01,3.492849839314595783e+01,4.178516483155235761e+01,3.182766092567909766e+01,4.103791966550325299e+00
2.879236009777593708e+01,2.662705391138869615e+01,2.500000000000000000e+01,2.061552812808830382e+01,2.927456233660889495e+01,3.306055050963308162e+01,4.401136216933077350e+01,3.176476034853718033e+01,3.920046484172226009e+00
2.683281572999747766e+01,2.561249694973139412e+01,2.193171219946130890e+01,2.247220505424423109e+01,3.517101079013794873e+01,3.176476034853718033e+01,4.237924020083418242e+01,3.313608305156178346e+01,3.612826461637368425e+00
2.549509756796392423e+01,2.662705391138869615e+01,1.941648783894759944e+01,2.267156809750926882e+01,3.773592452822641263e+01,3.471310991541956525e+01,4.140048308896890461e+01,3.257299494980465937e+01,2.917357902480696819e+00
2.284731931759172596e+01,2.624880949681337583e+01,1.920937271229854559e+01,2.126029162546929996e+01,4.000000000000000000e+01,3.466987164671942878e+01,3.828837943815329226e+01,3.130495168499705727e+01,3.145946762503743166e+00
1.984943324127920761e+01,2.163330765278393741e+01,1.788854381999831844e+01,2.195449840010014952e+01,3.982461550347975532e+01,3.605551275463989214e+01,3.820994634908559817e+01,3.190611226708763226e+01,2.852160831031931298e+00
1.746424919657297892e+01,1.878829422805593552e+01,1.612451549659709826e+01,2.280350850198275836e+01,4.318564576337836769e+01,3.546829570193639825e+01,3.828837943815329226e+01,3.201562118716424266e+01,2.714912548267458536e+00
1.868154169226940553e+01,2.121320343559642652e+01,1.902629759044044633e+01,2.220360331117451835e+01,4.522167621838005402e+01,3.452535300326413648e+01,3.911521443121588959e+01,3.330165161069342616e+01,2.736771037818944485e+00
2.022374841615668473e+01,1.902629759044044633e+01,1.824828759089465890e+01,2.209072203437452231e+01,4.924428900898052319e+01,3.712142238654116966e+01,3.956008088970496317e+01,3.538361202590826338e+01,2.754553883520408863e+00
1.711724276862369010e+01,1.802775637731994607e+01,1.897366596101027625e+01,2.408318915758459156e+01,4.919349550499537571e+01,3.863935817272331263e+01,3.981205847478876336e+01,3.701351104664349378e+01,2.819695621971406663e+00
1.414213562373095101e+01,1.649242250247064234e+01,1.992485884517127559e+01,2.402082429892862692e+01,4.701063709417263681e+01,3.649657518178931781e+01,3.863935817272331263e+01,3.661966684720110976e+01,2.838606652529082286e+00
1.403566884761819900e+01,1.772004514666934938e+01,1.964688270438849926e+01,2.402082429892862692e+01,4.651881339845203200e+01,3.612478373637688378e+01,3.687817782917154830e+01,3.689173349139343117e+01,2.874829095532072110e+00
1.334166406412633421e+01,1.523154621172781731e+01,1.992485884517127559e+01,2.507987240796890660e+01,4.428317965096906050e+01,3.501428280002319582e+01,3.687817782917154830e+01,3.689173349139343117e+01,2.797632423703570126e+00
1.456021977856103611e+01,1.456021977856103611e+01,1.964688270438849926e+01,2.302172886644267535e+01,4.561797891182817466e+01,3.501428280002319582e+01,3.710795063055894616e+01,3.744329045369811126e+01,2.758231859872003700e+00
1.400000000000000000e+01,1.746424919657297892e+01,1.868154169226940553e+01,2.302172886644267535e+01,4.742362280551750331e+01,3.721558813185679071e+01,3.807886552931954327e+01,3.605551275463989214e+01,2.867009567698509009e+00
1.655294535724684835e+01,2.158703314492290204e+01,1.843908891458577415e+01,2.433105012119287736e+01,4.651881339845203200e+01,3.733630940518894192e+01,3.832753579347360073e+01,3.827531841800927737e+01,3.059566248441285552e+00
1.529705854077835525e+01,1.897366596101027625e+01,1.941648783894759944e+01,2.531797780234432693e+01,4.651881339845203200e+01,3.962322551231790158e+01,3.900000000000000000e+01,4.031128874149274566e+01,3.047879406420211268e+00
1.529705854077835525e+01,1.941648783894759944e+01,1.746424919657297892e+01,2.302172886644267535e+01,4.176122603564220270e+01,4.368065933568311010e+01,4.438468204234429493e+01,4.110960958218893069e+01,3.129510109644606519e+00
1.403566884761819900e+01,1.802775637731994607e+01,1.726267650163206824e+01,2.302172886644267535e+01,4.177319714841084419e+01,4.052159917870962147e+01,4.220189569201838253e+01,4.123105625617660763e+01,3.190153645401703653e+00
1.300000000000000000e+01,1.700000000000000000e+01,1.627882059609970611e+01,2.402082429892862692e+01,4.079215610874227593e+01,3.981205847478876336e+01,4.177319714841084419e+01,4.123105625617660763e+01,3.131283740443549846e+00
1.414213562373095101e+01,1.615549442140351033e+01,1.824828759089465890e+01,2.302172886644267535e+01,4.060788100849390503e+01,3.883297567789519888e+01,4.295346318982905842e+01,4.244997055358224713e+01,3.111298893671018195e+00
1.403566884761819900e+01,1.676305461424021104e+01,1.843908891458577415e+01,2.302172886644267535e+01,4.159326868617084472e+01,3.929376540877699853e+01,4.295346318982905842e+01,4.148493702538308270e+01,3.123129662336355139e+00
1.252996408614166768e+01,1.649242250247064234e+01,1.992485884517127559e+01,2.121320343559642652e+01,4.229657196511320194e+01,3.956008088970496317e+01,4.393176527297759293e+01,4.123105625617660763e+01,3.039334881211894768e+00
1.555634918610404505e+01,1.216552506059643868e+01,2.080865204668481283e+01,2.184032966784155505e+01,4.310452412450461424e+01,3.794733192202055250e+01,4.414748010928823163e+01,4.220189569201838253e+01,2.681966470632036970e+00
1.702938636592640265e+01,1.360147050873544394e+01,2.267156809750926882e+01,2.376972864800942631e+01,4.410215414239988974e+01,3.848376280978771291e+01,4.368065933568311010e+01,4.123105625617660763e+01,2.617327130142581559e+00
1.746424919657297892e+01,1.204159457879229578e+01,2.580697580112788003e+01,2.236067977499789805e+01,5.024937810560444973e+01,4.243819034784588951e+01,4.332435804486893716e+01,4.148493702538308270e+01,2.482694210976403415e+00
1.655294535724684835e+01,1.389244398944980396e+01,2.720294101747088789e+01,2.459674775249768786e+01,5.800000000000000000e+01,4.172529209005013229e+01,4.178516483155235761e+01,4.414748010928823163e+01,2.685393696401230379e+00
1.612451549659709826e+01,1.392838827718411920e+01,2.561249694973139412e+01,2.549509756796392423e+01,6.000000000000000000e+01,4.609772228646443892e+01,4.031128874149274566e+01,4.159326868617084472e+01,2.759834124995353299e+00
1.500000000000000000e+01,1.676305461424021104e+01,2.720294101747088789e+01,2.863564212655270680e+01,6.029925372672533967e+01,5.470831746635972337e+01,4.036087214122112954e+01,4.019950248448355978e+01,3.000748388489887564e+00
1.389244398944980396e+01,1.513274595042155646e+01,2.475883680627989492e+01,2.751363298439520833e+01,4.850773134253961416e+01,5.507267925205745485e+01,4.134005321718877468e+01,3.801315561749642313e+01,3.265219316145893558e+00
1.303840481040529831e+01,1.552417469626002422e+01,2.334523505985750447e+01,2.846049894151541437e+01,4.657252408878007088e+01,5.247856705360770491e+01,4.134005321718877468e+01,3.891015291668743714e+01,3.272420049663850250e+00
1.345362404707370985e+01,1.552417469626002422e+01,2.343074902771996193e+01,2.886173937932362321e+01,4.492215489043240240e+01,5.162363799656122865e+01,4.167733196834941367e+01,3.982461550347975532e+01,3.362421423319141844e+00
1.280624847486569706e+01,1.552417469626002422e+01,2.334523505985750447e+01,2.912043955712207222e+01,4.492215489043240240e+01,5.110772935672255102e+01,4.341658669218482203e+01,4.114608122288196768e+01,3.326940603585487821e+00
1.252996408614166768e+01,1.486606874731850603e+01,2.267156809750926882e+01,2.720294101747088789e+01,4.427188724235730888e+01,5.077400909914441485e+01,4.304648650006176780e+01,4.070626487409523975e+01,3.318970527927610714e+00
1.220655561573370207e+01,1.456021977856103611e+01,2.121320343559642652e+01,2.751363298439520833e+01,4.237924020083418242e+01,4.992995093127971273e+01,4.304648650006176780e+01,3.982461550347975532e+01,3.261544580219881695e+00
1.303840481040529831e+01,1.456021977856103611e+01,2.193171219946130890e+01,2.751363298439520833e+01,4.332435804486893716e+01,4.992995093127971273e+01,4.304648650006176780e+01,4.070626487409523975e+01,3.262862536623172716e+00
1.208304597359457233e+01,1.392838827718411920e+01,2.193171219946130890e+01,2.751363298439520833e+01,4.143669871020131978e+01,4.909175083453430943e+01,4.390899680020029905e+01,4.070626487409523975e+01,3.226289484384019524e+00
1.303840481040529831e+01,1.264911064067351809e+01,2.121320343559642652e+01,2.720294101747088789e+01,4.178516483155235761e+01,4.854894437575342181e+01,4.304648650006176780e+01,3.982461550347975532e+01,3.229600027117534022e+00
1.252996408614166768e+01,1.264911064067351809e+01,2.193171219946130890e+01,2.720294101747088789e+01,4.178516483155235761e+01,4.854894437575342181e+01,4.304648650006176780e+01,3.982461550347975532e+01,3.229600027117534022e+00
1.252996408614166768e+01,1.334166406412633421e+01,2.193171219946130890e+01,2.657066051117284644e+01,4.178516483155235761e+01,4.854894437575342181e+01,4.304648650006176780e+01,3.982461550347975532e+01,3.229600027117534022e+00
1.303840481040529831e+01,1.334166406412633421e+01,2.121320343559642652e+01,2.657066051117284644e+01,4.085339643163099055e+01,4.854894437575342181e+01,4.341658669218482203e+01,4.031128874149274566e+01,3.242662192393127807e+00
1.523154621172781731e+01,1.392838827718411920e+01,2.302172886644267535e+01,2.441311123146740414e+01,4.178516483155235761e+01,4.632493928760187885e+01,4.304648650006176780e+01,4.114608122288196768e+01,3.009767840201766020e+00
1.627882059609970611e+01,1.280624847486569706e+01,2.416609194718914466e+01,2.334523505985750447e+01,3.981205847478876336e+01,4.356604182158393002e+01,4.527692569068708650e+01,4.162931659299729859e+01,2.826217687156692193e+00
1.811077027627483460e+01,1.208304597359457233e+01,2.630589287593181069e+01,2.302172886644267535e+01,4.205948168962618183e+01,4.429446918070020445e+01,4.527692569068708650e+01,4.114608122288196768e+01,2.574065004066394380e+00
2.088061301782110135e+01,1.100000000000000000e+01,2.800000000000000000e+01,2.282542442102665348e+01,4.716990566028302112e+01,4.617358552246078318e+01,4.517742799230607176e+01,4.024922359499621649e+01,2.453735989191271116e+00
2.118962010041709121e+01,1.118033988749894903e+01,2.716615541441224835e+01,2.284731931759172596e+01,5.131276644266999654e+01,4.964876634922563881e+01,4.346262762420145975e+01,3.894868418830089496e+01,2.418302182941703293e+00
1.992485884517127559e+01,1.300000000000000000e+01,2.701851217221259205e+01,1.969771560359220786e+01,5.531726674375732244e+01,5.015974481593781320e+01,4.609772228646443892e+01,3.996248240537617136e+01,2.632650266837224251e+00
2.137755832643194864e+01,1.200000000000000000e+01,2.607680962081059661e+01,2.147091055358388800e+01,6.044005294504630399e+01,5.503635162326805386e+01,4.052159917870962147e+01,3.982461550347975532e+01,2.733443549834703834e+00
2.039607805437113797e+01,1.300000000000000000e+01,2.701851217221259205e+01,2.147091055358388800e+01,6.171709649683788967e+01,5.821511831131153514e+01,3.765634076752546378e+01,3.820994634908559817e+01,2.825479812542685210e+00
2.109502310972898798e+01,1.702938636592640265e+01,2.716615541441224835e+01,2.247220505424423109e+01,5.020956084253276686e+01,5.921148537234984843e+01,4.404543109109047805e+01,3.858756276314947797e+01,3.034441600000864270e+00
2.282542442102665348e+01,2.256102834535695578e+01,2.647640458974745314e+01,2.500000000000000000e+01,5.234500931320960149e+01,6.152235366108809700e+01,4.341658669218482203e+01,3.944616584663204151e+01,3.234787578604977121e+00
2.163330765278393741e+01,2.236067977499789805e+01,2.668332812825266842e+01,2.842534080710379030e+01,5.326349594234309848e+01,6.338769596696191400e+01,4.242640687119285303e+01,3.858756276314947797e+01,3.284799313793008491e+00
1.878829422805593552e+01,1.984943324127920761e+01,2.973213749463701205e+01,2.900000000000000000e+01,5.403702434442518410e+01,6.212889826803626647e+01,4.204759208325727826e+01,3.883297567789519888e+01,3.354436422634146542e+00
1.529705854077835525e+01,1.552417469626002422e+01,2.863564212655270680e+01,3.080584360149872580e+01,5.140038910358558866e+01,6.107372593840987918e+01,4.219004621945797595e+01,3.883297567789519888e+01,3.437571993643226520e+00
1.529705854077835525e+01,1.400000000000000000e+01,3.001666203960726875e+01,3.220248437620923454e+01,4.560701700396551672e+01,5.803447251418763386e+01,4.310452412450461424e+01,3.911521443121588959e+01,3.515534573573539490e+00
1.456021977856103611e+01,1.513274595042155646e+01,2.860069929215018192e+01,3.138470965295043058e+01,4.687216658103186262e+01,5.913543776789007467e+01,4.204759208325727826e+01,3.883297567789519888e+01,3.585070087690438001e+00
1.431782106327635340e+01,1.552417469626002422e+01,2.780287754891568852e+01,3.138470965295043058e+01,4.632493928760187885e+01,5.913543776789007467e+01,4.310452412450461424e+01,3.940812099047606409e+01,3.590071274448471073e+00
1.456021977856103611e+01,1.456021977856103611e+01,2.701851217221259205e+01,3.101612483854164637e+01,4.494441010848846219e+01,5.821511831131153514e+01,4.410215414239988974e+01,4.000000000000000000e+01,3.579109146724539059e+00
1.476482306023340030e+01,1.486606874731850603e+01,2.687005768508880621e+01,3.201562118716424266e+01,4.410215414239988974e+01,5.830951894845300387e+01,4.404543109109047805e+01,3.940812099047606409e+01,3.678990102014706665e+00
1.166190378969060149e+01,1.486606874731850603e+01,2.687005768508880621e+01,3.041381265149109936e+01,4.390899680020029905e+01,5.953990258641678679e+01,4.404543109109047805e+01,3.940812099047606409e+01,3.771878672694217727e+00
1.403566884761819900e+01,2.408318915758459156e+01,2.343074902771996193e+01,3.178049716414140846e+01,4.477722635447621968e+01,6.067124524847005063e+01,4.410215414239988974e+01,4.104875150354758517e+01,3.964370192770270585e+00
1.800000000000000000e+01,2.507987240796890660e+01,2.202271554554523902e+01,3.104834939252004844e+01,4.652956049652736681e+01,6.152235366108809700e+01,4.410215414239988974e+01,4.080441152620633005e+01,3.915978046363516984e+00
1.600000000000000000e+01,2.500000000000000000e+01,2.280350850198275836e+01,3.080584360149872580e+01,4.701063709417263681e+01,6.140032573203500732e+01,4.410215414239988974e+01,4.080441152620633005e+01,3.978856827236779914e+00
1.513274595042155646e+01,2.402082429892862692e+01,2.420743687382040932e+01,3.178049716414140846e+01,4.701063709417263681e+01,6.040695324215582218e+01,4.310452412450461424e+01,4.080441152620633005e+01,3.957312831878884385e+00
1.403566884761819900e+01,2.501999200639360765e+01,2.420743687382040932e+01,3.080584360149872580e+01,4.788527957525151635e+01,6.239390995922598648e+01,4.310452412450461424e+01,4.022437072223753063e+01,3.993931062231739659e+00
1.315294643796590535e+01,2.408318915758459156e+01,2.420743687382040932e+01,3.080584360149872580e+01,4.788527957525151635e+01,6.239390995922598648e+01,4.410215414239988974e+01,4.080441152620633005e+01,3.980836695525534985e+00
1.315294643796590535e+01,2.408318915758459156e+01,2.420743687382040932e+01,3.080584360149872580e+01,4.788527957525151635e+01,6.228964600958974529e+01,4.410215414239988974e+01,4.000000000000000000e+01,3.980836695525534985e+00
1.216552506059643868e+01,2.319482700948640286e+01,2.483948469674844262e+01,3.157530680769388809e+01,4.701063709417263681e+01,6.129437168288782090e+01,4.410215414239988974e+01,4.000000000000000000e+01,3.984092381493187673e+00
1.414213562373095101e+01,2.308679276123039159e+01,2.420743687382040932e+01,3.157530680769388809e+01,4.701063709417263681e+01,6.140032573203500732e+01,4.410215414239988974e+01,4.080441152620633005e+01,3.968653099742826207e+00
1.315294643796590535e+01,2.319482700948640286e+01,2.420743687382040932e+01,3.157530680769388809e+01,4.701063709417263681e+01,6.140032573203500732e+01,4.410215414239988974e+01,4.080441152620633005e+01,3.984092381493187673e+00
1.315294643796590535e+01,2.319482700948640286e+01,2.420743687382040932e+01,3.157530680769388809e+01,4.701063709417263681e+01,6.129437168288782090e+01,4.410215414239988974e+01,4.000000000000000000e+01,3.984092381493187673e+00
1.513274595042155646e+01,2.400000000000000000e+01,2.420743687382040932e+01,3.080584360149872580e+01,4.701063709417263681e+01,6.129437168288782090e+01,4.410215414239988974e+01,4.000000000000000000e+01,3.953986334425175109e+00
1.414213562373095101e+01,2.402082429892862692e+01,2.420743687382040932e+01,3.080584360149872580e+01,4.701063709417263681e+01,6.140032573203500732e+01,4.410215414239988974e+01,4.080441152620633005e+01,3.968653099742826207e+00
1.236931687685298087e+01,2.308679276123039159e+01,2.408318915758459156e+01,3.104834939252004844e+01,4.652956049652736681e+01,6.140032573203500732e+01,4.410215414239988974e+01,4.000000000000000000e+01,3.919453271295810115e+00
1.627882059609970611e+01,1.414213562373095101e+01,2.860069929215018192e+01,2.729468812791236232e+01,4.000000000000000000e+01,5.147815070493500400e+01,4.304648650006176780e+01,4.080441152620633005e+01,3.513737420148531410e+00
1.513274595042155646e+01,1.431782106327635340e+01,3.088689042296100240e+01,2.641968962724581260e+01,3.905124837953326988e+01,5.048762224545735222e+01,4.401136216933077350e+01,4.080441152620633005e+01,3.479470841830071492e+00
1.513274595042155646e+01,1.565247584249852864e+01,3.130495168499705727e+01,2.745906043549196340e+01,4.060788100849390503e+01,5.147815070493500400e+01,4.301162633521313694e+01,4.080441152620633005e+01,3.441973834249096420e+00
1.843908891458577415e+01,1.252996408614166768e+01,2.942787793912432193e+01,2.360084744241189370e+01,4.640043103248072498e+01,5.514526271584895056e+01,4.300000000000000000e+01,4.060788100849390503e+01,2.998748180983924261e+00
2.061552812808830382e+01,1.044030650891055068e+01,2.828427124746190202e+01,2.302172886644267535e+01,5.060632371551997721e+01,5.800000000000000000e+01,4.201190307520000999e+01,4.000000000000000000e+01,2.905858416333953365e+00
2.433105012119287736e+01,1.204159457879229578e+01,2.828427124746190202e+01,2.247220505424423109e+01,5.044799302251775686e+01,5.700877125495689768e+01,4.301162633521313694e+01,4.060788100849390503e+01,2.829461591750890292e+00
2.580697580112788003e+01,5.099019513592784492e+00,2.700000000000000000e+01,2.118962010041709121e+01,4.904079934095691584e+01,5.600000000000000000e+01,4.301162633521313694e+01,4.060788100849390503e+01,2.466184451678792744e+00
2.126029162546929996e+01,1.004987562112088995e+01,3.026549190084311292e+01,1.941648783894759944e+01,4.313930922024598402e+01,5.100980297942739838e+01,4.404543109109047805e+01,3.940812099047606409e+01,2.651316957400944307e+00
2.617250465660480074e+01,6.708203932499369415e+00,2.863564212655270680e+01,2.121320343559642652e+01,4.675467891024383960e+01,5.323532661682465772e+01,4.301162633521313694e+01,3.744329045369811126e+01,2.382345468889004891e+00
3.047950130825634218e+01,1.118033988749894903e+01,2.731300056749532601e+01,2.000000000000000000e+01,4.780167361086847677e+01,5.360037313302958495e+01,4.401136216933077350e+01,3.689173349139343117e+01,2.125891224408521296e+00
3.220248437620923454e+01,1.100000000000000000e+01,2.865309756378880479e+01,2.202271554554523902e+01,4.825971404805461873e+01,5.197114584074513033e+01,4.404543109109047805e+01,3.773592452822641263e+01,2.074685141781506204e+00
3.176476034853718033e+01,1.104536101718726115e+01,2.842534080710379030e+01,2.256102834535695578e+01,4.876474136094643796e+01,5.124451190127582834e+01,4.428317965096906050e+01,3.758989225842500304e+01,2.012602749285507642e+00
2.731300056749532601e+01,9.486832980505138124e+00,2.701851217221259205e+01,2.024845673131658685e+01,4.606517122512408235e+01,4.904079934095691584e+01,4.527692569068708650e+01,3.721558813185679071e+01,2.037588579518144094e+00
2.729468812791236232e+01,8.944271909999159220e+00,2.523885892824792521e+01,2.024845673131658685e+01,4.517742799230607176e+01,4.972926703662542280e+01,4.517742799230607176e+01,3.584689665786984136e+01,2.048141709168568525e+00
2.745906043549196340e+01,1.118033988749894903e+01,2.523885892824792521e+01,2.024845673131658685e+01,4.517742799230607176e+01,4.972926703662542280e+01,4.527692569068708650e+01,3.671511950137163893e+01,2.100358730972389232e+00
2.469817807045693669e+01,9.899494936611665352e+00,2.607680962081059661e+01,2.088061301782110135e+01,4.652956049652736681e+01,4.972926703662542280e+01,4.418144406874904462e+01,3.671511950137163893e+01,2.206235336147364112e+00
2.561249694973139412e+01,1.140175425099137918e+01,2.469817807045693669e+01,2.088061301782110135e+01,4.695742752749558235e+01,5.000000000000000000e+01,4.517742799230607176e+01,3.671511950137163893e+01,2.213954735121816064e+00
2.624880949681337583e+01,1.166190378969060149e+01,2.523885892824792521e+01,2.158703314492290204e+01,4.606517122512408235e+01,4.972926703662542280e+01,4.517742799230607176e+01,3.671511950137163893e+01,2.201462102708688029e+00
2.968164415931165934e+01,1.802775637731994607e+01,2.507987240796890660e+01,2.022374841615668473e+01,4.294182110716777601e+01,4.903060268852505033e+01,4.517742799230607176e+01,3.623534186398687496e+01,2.341858554812938475e+00
2.801785145224380003e+01,2.282542442102665348e+01,2.319482700948640286e+01,2.009975124224177989e+01,4.118252056394800320e+01,4.767598976424086743e+01,4.517742799230607176e+01,3.671511950137163893e+01,2.739642700863806013e+00
3.001666203960726875e+01,2.370653918225939449e+01,2.302172886644267535e+01,2.022374841615668473e+01,4.219004621945797595e+01,4.866210024238575471e+01,4.627094120503709718e+01,3.858756276314947797e+01,2.772181687038363318e+00
3.100000000000000000e+01,2.555386467836127551e+01,2.501999200639360765e+01,1.923538406167134340e+01,4.356604182158393002e+01,5.000999900019994726e+01,4.627094120503709718e+01,3.773592452822641263e+01,2.780788160390237351e+00
3.026549190084311292e+01,2.247220505424423109e+01,2.607680962081059661e+01,2.022374841615668473e+01,4.687216658103186262e+01,5.217278984298232558e+01,4.527692569068708650e+01,3.858756276314947797e+01,2.727875900067756376e+00
2.915475947422650194e+01,2.282542442102665348e+01,2.607680962081059661e+01,2.022374841615668473e+01,4.687216658103186262e+01,5.119570294468081784e+01,4.428317965096906050e+01,3.858756276314947797e+01,2.770279547092294958e+00
2.927456233660889495e+01,2.195449840010014952e+01,2.607680962081059661e+01,2.022374841615668473e+01,4.743416490252568707e+01,5.217278984298232558e+01,4.428317965096906050e+01,3.858756276314947797e+01,2.742779945473154513e+00
2.927456233660889495e+01,2.195449840010014952e+01,2.607680962081059661e+01,2.022374841615668473e+01,4.743416490252568707e+01,5.217278984298232558e+01,4.428317965096906050e+01,3.858756276314947797e+01,2.742779945473154513e+00
2.828427124746190202e+01,2.059126028197400160e+01,2.607680962081059661e+01,2.039607805437113797e+01,4.687216658103186262e+01,5.119570294468081784e+01,4.428317965096906050e+01,3.858756276314947797e+01,2.764708574085432247e+00
2.844292530665578411e+01,2.059126028197400160e+01,2.707397274136176790e+01,2.039607805437113797e+01,4.604345773288535071e+01,5.119570294468081784e+01,4.440720662234903671e+01,3.858756276314947797e+01,2.764708574085432247e+00
2.828427124746190202e+01,2.059126028197400160e+01,2.607680962081059661e+01,2.039607805437113797e+01,4.604345773288535071e+01,5.119570294468081784e+01,4.440720662234903671e+01,3.858756276314947797e+01,2.764708574085432247e+00
2.828427124746190202e+01,2.059126028197400160e+01,2.607680962081059661e+01,2.039607805437113797e+01,4.604345773288535071e+01,5.119570294468081784e+01,4.440720662234903671e+01,3.858756276314947797e+01,2.764708574085432247e+00
2.828427124746190202e+01,2.059126028197400160e+01,2.507987240796890660e+01,2.022374841615668473e+01,4.661544808322666000e+01,5.217278984298232558e+01,4.440720662234903671e+01,3.858756276314947797e+01,2.736314518322000566e+00
2.828427124746190202e+01,2.059126028197400160e+01,2.507987240796890660e+01,2.022374841615668473e+01,4.661544808322666000e+01,5.217278984298232558e+01,4.440720662234903671e+01,3.858756276314947797e+01,2.736314518322000566e+00
2.844292530665578411e+01,1.972308292331602075e+01,2.501999200639360765e+01,1.923538406167134340e+01,4.743416490252568707e+01,5.239274758971894386e+01,4.440720662234903671e+01,3.858756276314947797e+01,2.739450062223109494e+00
2.765863337187866122e+01,1.878829422805593552e+01,2.601922366251537611e+01,2.022374841615668473e+01,4.743416490252568707e+01,5.239274758971894386e+01,4.440720662234903671e+01,3.858756276314947797e+01,2.755950214808494447e+00
2.692582403567251959e+01,1.655294535724684835e+01,2.501999200639360765e+01,2.022374841615668473e+01,4.743416490252568707e+01,5.239274758971894386e+01,4.440720662234903671e+01,3.858756276314947797e+01,2.723703332373240471e+00
1.910497317454279909e+01,1.456021977856103611e+01,2.220360331117451835e+01,2.088061301782110135e+01,3.894868418830089496e+01,4.517742799230607176e+01,4.627094120503709718e+01,4.031128874149274566e+01,3.007271211636824759e+00
1.780449381476485726e+01,1.910497317454279909e+01,1.972308292331602075e+01,2.343074902771996193e+01,3.448187929913333249e+01,4.401136216933077350e+01,4.738143096192853676e+01,4.205948168962618183e+01,3.512085059296366829e+00
2.220360331117451835e+01,2.334523505985750447e+01,1.843908891458577415e+01,2.267156809750926882e+01,3.640054944640259293e+01,4.709564735726646489e+01,4.527692569068708650e+01,4.205948168962618183e+01,3.579952739814922680e+00
2.370653918225939449e+01,2.617250465660480074e+01,1.910497317454279909e+01,2.404163056034261459e+01,3.687817782917154830e+01,4.716990566028302112e+01,4.418144406874904462e+01,4.167733196834941367e+01,3.638516018811793984e+00
1.802775637731994607e+01,2.531797780234432693e+01,1.941648783894759944e+01,2.692582403567251959e+01,3.753664875824691904e+01,4.916299421312741913e+01,4.428317965096906050e+01,4.205948168962618183e+01,4.065043584906868901e+00
1.513274595042155646e+01,2.319482700948640286e+01,1.941648783894759944e+01,2.942787793912432193e+01,3.679673898594819548e+01,4.981967482832460092e+01,4.204759208325727826e+01,4.118252056394800320e+01,4.120125038994824074e+00
1.170469991071962568e+01,1.972308292331602075e+01,2.102379604162863913e+01,3.006659275674581622e+01,3.623534186398687496e+01,5.119570294468081784e+01,4.101219330881975367e+01,3.982461550347975532e+01,4.119830599699891849e+00
1.315294643796590535e+01,2.147091055358388800e+01,1.931320791582796659e+01,3.001666203960726875e+01,3.744329045369811126e+01,5.288667128870940815e+01,4.104875150354758517e+01,3.911521443121588959e+01,4.184998058851196134e+00
1.456021977856103611e+01,2.376972864800942631e+01,2.024845673131658685e+01,3.001666203960726875e+01,4.114608122288196768e+01,5.232590180780452016e+01,4.110960958218893069e+01,4.031128874149274566e+01,4.038108897961283361e+00
1.414213562373095101e+01,2.247220505424423109e+01,2.118962010041709121e+01,2.901723625709381693e+01,4.522167621838005402e+01,5.594640292279746063e+01,3.981205847478876336e+01,3.841874542459709119e+01,3.912285994609390194e+00
1.252996408614166768e+01,2.459674775249768786e+01,2.154065922853801496e+01,3.026549190084311292e+01,4.916299421312741913e+01,6.140032573203500732e+01,3.996248240537617136e+01,3.944616584663204151e+01,3.879284436509768508e+00
9.848857801796103928e+00,1.886796226411320632e+01,2.692582403567251959e+01,2.942787793912432193e+01,5.208646657242167066e+01,6.506919393998975920e+01,3.982461550347975532e+01,3.981205847478876336e+01,3.651588565692541977e+00
1.140175425099137918e+01,1.640121946685672683e+01,2.692582403567251959e+01,2.716615541441224835e+01,5.223983154643590865e+01,6.576473218982953028e+01,3.828837943815329226e+01,3.891015291668743714e+01,3.541991405057526521e+00
1.280624847486569706e+01,1.640121946685672683e+01,2.785677655436823841e+01,2.816025568065744622e+01,5.323532661682465772e+01,6.293647591023825072e+01,3.820994634908559817e+01,3.956008088970496317e+01,3.502716788079622390e+00
1.140175425099137918e+01,1.655294535724684835e+01,2.683281572999747766e+01,2.807133769523639799e+01,5.414794548272353580e+01,6.224146527838173881e+01,3.889730067755344578e+01,3.889730067755344578e+01,3.460672987363454745e+00
1.389244398944980396e+01,1.431782106327635340e+01,2.865309756378880479e+01,2.700000000000000000e+01,5.308483775994798748e+01,6.155485358604957469e+01,3.894868418830089496e+01,3.921734310225515685e+01,3.355969780321724105e+00
1.392838827718411920e+01,1.431782106327635340e+01,2.801785145224380003e+01,2.716615541441224835e+01,5.303772242470447651e+01,6.087692502089769420e+01,3.894868418830089496e+01,3.921734310225515685e+01,3.256962168650552769e+00
1.431782106327635340e+01,1.392838827718411920e+01,2.780287754891568852e+01,2.828427124746190202e+01,5.300943312279428454e+01,5.813776741499453493e+01,4.110960958218893069e+01,4.123105625617660763e+01,3.192829820993211776e+00
1.431782106327635340e+01,1.431782106327635340e+01,2.720294101747088789e+01,2.828427124746190202e+01,5.500909015790026757e+01,6.044005294504630399e+01,4.045985664828781836e+01,4.052159917870962147e+01,3.225702877423019643e+00
1.431782106327635340e+01,1.431782106327635340e+01,2.662705391138869615e+01,2.729468812791236232e+01,5.400925846556310717e+01,5.966573556070519402e+01,4.123105625617660763e+01,4.148493702538308270e+01,3.242275945535636694e+00
1.431782106327635340e+01,1.431782106327635340e+01,2.720294101747088789e+01,2.828427124746190202e+01,5.200961449578337437e+01,5.889821729050888877e+01,4.123105625617660763e+01,4.110960958218893069e+01,3.240640366153117569e+00
1.565247584249852864e+01,1.392838827718411920e+01,2.801785145224380003e+01,2.828427124746190202e+01,5.103920062069938268e+01,5.825804665451803288e+01,4.201190307520000999e+01,4.110960958218893069e+01,3.236280716384742906e+00
1.565247584249852864e+01,1.392838827718411920e+01,2.720294101747088789e+01,2.844292530665578411e+01,5.103920062069938268e+01,5.825804665451803288e+01,4.140048308896890461e+01,4.143669871020131978e+01,3.209070392750696943e+00
1.431782106327635340e+01,1.431782106327635340e+01,2.780287754891568852e+01,2.927456233660889495e+01,5.103920062069938268e+01,5.748912940721923803e+01,4.060788100849390503e+01,4.143669871020131978e+01,3.244255029011188007e+00
1.523154621172781731e+01,1.431782106327635340e+01,2.780287754891568852e+01,2.942787793912432193e+01,5.103920062069938268e+01,5.748912940721923803e+01,4.060788100849390503e+01,4.143669871020131978e+01,3.206004144527941691e+00
1.431782106327635340e+01,1.392838827718411920e+01,2.720294101747088789e+01,2.729468812791236232e+01,5.103920062069938268e+01,5.762811813689563678e+01,4.140048308896890461e+01,4.110960958218893069e+01,3.262652273606348352e+00
1.476482306023340030e+01,1.392838827718411920e+01,2.720294101747088789e+01,2.828427124746190202e+01,5.103920062069938268e+01,5.685068161420758059e+01,4.060788100849390503e+01,4.110960958218893069e+01,3.244255029011188007e+00
1.476482306023340030e+01,1.392838827718411920e+01,2.720294101747088789e+01,2.828427124746190202e+01,5.003998401278721531e+01,5.685068161420758059e+01,4.140048308896890461e+01,4.110960958218893069e+01,3.244255029011188007e+00
1.476482306023340030e+01,1.486606874731850603e+01,2.720294101747088789e+01,2.844292530665578411e+01,5.103920062069938268e+01,5.685068161420758059e+01,4.060788100849390503e+01,4.110960958218893069e+01,3.244255029011188007e+00
1.565247584249852864e+01,1.392838827718411920e+01,2.720294101747088789e+01,2.844292530665578411e+01,5.103920062069938268e+01,5.762811813689563678e+01,4.060788100849390503e+01,4.016217125604640614e+01,3.206004144527941691e+00
1.523154621172781731e+01,1.392838827718411920e+01,2.780287754891568852e+01,2.844292530665578411e+01,5.103920062069938268e+01,5.685068161420758059e+01,4.060788100849390503e+01,4.110960958218893069e+01,3.206004144527941691e+00
1.523154621172781731e+01,1.392838827718411920e+01,2.780287754891568852e+01,2.844292530665578411e+01,5.103920062069938268e+01,5.762811813689563678e+01,4.060788100849390503e+01,4.016217125604640614e+01,3.206004144527941691e+00
1.431782106327635340e+01,1.392838827718411920e+01,2.701851217221259205e+01,2.844292530665578411e+01,5.103920062069938268e+01,5.685068161420758059e+01,4.060788100849390503e+01,4.110960958218893069e+01,3.206004144527941691e+00
1.476482306023340030e+01,1.392838827718411920e+01,2.640075756488817049e+01,2.844292530665578411e+01,5.103920062069938268e+01,5.762811813689563678e+01,4.060788100849390503e+01,4.016217125604640614e+01,3.206004144527941691e+00
1.476482306023340030e+01,1.392838827718411920e+01,2.640075756488817049e+01,2.844292530665578411e+01,5.103920062069938268e+01,5.762811813689563678e+01,4.060788100849390503e+01,4.016217125604640614e+01,3.206004144527941691e+00
1.431782106327635340e+01,1.456021977856103611e+01,2.701851217221259205e+01,2.765863337187866122e+01,5.008991914547277702e+01,5.685068161420758059e+01,4.060788100849390503e+01,4.049691346263317371e+01,3.214209649641134980e+00
1.612451549659709826e+01,1.581138830084189628e+01,2.906888370749726747e+01,2.692582403567251959e+01,5.015974481593781320e+01,5.315072906367324634e+01,4.045985664828781836e+01,4.301162633521313694e+01,3.041534213552595567e+00
1.749285568453590045e+01,1.664331697709323876e+01,3.023243291566194912e+01,2.773084924772409465e+01,5.234500931320960149e+01,5.300943312279428454e+01,4.123105625617660763e+01,4.244997055358224713e+01,2.966605295436614220e+00
1.910497317454279909e+01,2.202271554554523902e+01,3.041381265149109936e+01,3.106444913401813324e+01,5.445181356024792763e+01,5.575840743780259601e+01,4.280186911806539030e+01,4.244997055358224713e+01,2.928947731232021567e+00
1.910497317454279909e+01,2.202271554554523902e+01,3.041381265149109936e+01,3.106444913401813324e+01,5.656854249492380404e+01,5.693856338194703426e+01,4.220189569201838253e+01,4.272001872658765365e+01,2.954903322775543906e+00
1.860107523773827509e+01,2.140093455903269515e+01,3.041381265149109936e+01,3.080584360149872580e+01,5.854912467321778990e+01,5.905929224093360119e+01,4.220189569201838253e+01,4.148493702538308270e+01,2.932561375574773699e+00
1.860107523773827509e+01,2.061552812808830382e+01,3.041381265149109936e+01,3.023243291566194912e+01,5.953990258641678679e+01,5.905929224093360119e+01,4.220189569201838253e+01,4.244997055358224713e+01,2.934483363032899916e+00
1.697056274847713908e+01,2.220360331117451835e+01,2.996664812754339380e+01,3.106444913401813324e+01,5.842088667591411877e+01,5.866856057549051684e+01,4.161730409336962566e+01,4.272001872658765365e+01,2.984506501349373231e+00
1.769180601295413169e+01,2.280350850198275836e+01,3.041381265149109936e+01,3.023243291566194912e+01,5.842088667591411877e+01,5.866856057549051684e+01,4.220189569201838253e+01,4.244997055358224713e+01,2.974016578263664279e+00
1.910497317454279909e+01,2.202271554554523902e+01,2.952964612046680060e+01,3.023243291566194912e+01,5.742821606144492108e+01,5.866856057549051684e+01,4.301162633521313694e+01,4.244997055358224713e+01,2.948381169741987051e+00
2.360084744241189370e+01,2.408318915758459156e+01,2.641968962724581260e+01,3.220248437620923454e+01,5.632051136131489244e+01,5.830951894845300387e+01,4.301162633521313694e+01,4.244997055358224713e+01,2.911953449300598074e+00
2.385372088375312671e+01,2.690724809414741969e+01,2.641968962724581260e+01,3.201562118716424266e+01,5.643580423808985103e+01,5.693856338194703426e+01,4.301162633521313694e+01,4.341658669218482203e+01,2.946311255494893810e+00
2.662705391138869615e+01,2.765863337187866122e+01,2.607680962081059661e+01,2.983286778035259701e+01,5.573149917237109463e+01,5.594640292279746063e+01,4.301162633521313694e+01,4.244997055358224713e+01,2.942929667295624441e+00
2.236067977499789805e+01,2.505992817228333536e+01,2.262741699796952233e+01,2.884441020371191300e+01,5.423098745182499414e+01,5.408326913195983821e+01,4.263801121065568367e+01,4.275511665286389729e+01,3.059059971755546670e+00
1.627882059609970611e+01,2.024845673131658685e+01,2.118962010041709121e+01,3.006659275674581622e+01,5.048762224545735222e+01,4.669047011971500893e+01,4.123105625617660763e+01,4.257933771208753626e+01,3.460302863567852327e+00
1.400000000000000000e+01,1.941648783894759944e+01,1.868154169226940553e+01,3.006659275674581622e+01,4.751841748206688720e+01,4.393176527297759293e+01,4.000000000000000000e+01,4.275511665286389729e+01,3.561414672888292721e+00
1.341640786499873883e+01,2.334523505985750447e+01,1.800000000000000000e+01,3.008321791298264714e+01,4.916299421312741913e+01,4.750789408087881327e+01,4.080441152620633005e+01,4.257933771208753626e+01,3.870599056061282184e+00
1.442220510185595650e+01,2.765863337187866122e+01,1.802775637731994607e+01,3.046309242345563462e+01,4.916299421312741913e+01,4.622769732530488085e+01,3.996248240537617136e+01,4.143669871020131978e+01,4.078265260822611538e+00
1.708800749063506075e+01,3.162277660168379256e+01,1.749285568453590045e+01,2.641968962724581260e+01,4.704253394535630406e+01,4.441846462902562109e+01,3.982461550347975532e+01,4.328972164382672361e+01,1.937970160613116111e+00
1.726267650163206824e+01,3.667424164178449786e+01,1.780449381476485726e+01,2.420743687382040932e+01,4.501110973970759943e+01,4.143669871020131978e+01,3.862641583165593318e+01,4.517742799230607176e+01,1.682021460827755499e+00
1.897366596101027625e+01,3.769615364994152884e+01,1.838477631085023489e+01,2.334523505985750447e+01,4.341658669218482203e+01,4.177319714841084419e+01,3.962322551231790158e+01,4.219004621945797595e+01,1.753758245904818436e+00
1.700000000000000000e+01,3.863935817272331263e+01,1.878829422805593552e+01,2.061552812808830382e+01,4.338202392696772591e+01,3.931920650267500150e+01,3.423448553724738019e+01,4.237924020083418242e+01,1.730916092016595353e+00
1.552417469626002422e+01,3.337663853655727308e+01,1.878829422805593552e+01,2.163330765278393741e+01,4.162931659299729859e+01,3.820994634908559817e+01,3.522782990761707111e+01,4.049691346263317371e+01,1.822543500246190940e+00
1.746424919657297892e+01,3.255764119219941222e+01,1.838477631085023489e+01,2.109502310972898798e+01,4.162931659299729859e+01,3.820994634908559817e+01,3.413209633175202384e+01,4.110960958218893069e+01,1.821307947107895453e+00
1.941648783894759944e+01,3.298484500494128469e+01,1.838477631085023489e+01,2.109502310972898798e+01,4.031128874149274566e+01,3.847076812334268681e+01,3.535533905932737753e+01,4.016217125604640614e+01,1.901818971277101866e+00
2.195449840010014952e+01,3.634556369077249371e+01,1.868154169226940553e+01,2.024845673131658685e+01,4.114608122288196768e+01,3.847076812334268681e+01,3.337663853655727308e+01,4.016217125604640614e+01,1.701773378659515501e+00
2.280350850198275836e+01,3.805259518088089266e+01,2.137755832643194864e+01,2.022374841615668473e+01,4.080441152620633005e+01,3.758989225842500304e+01,3.443835071544512516e+01,4.219004621945797595e+01,1.815673611171094493e+00
2.500000000000000000e+01,3.712142238654116966e+01,2.319482700948640286e+01,2.002498439450078749e+01,3.820994634908559817e+01,3.623534186398687496e+01,3.280243893371345365e+01,3.920459156782531807e+01,1.962427483345611234e+00
2.758622844826744469e+01,3.801315561749642313e+01,2.200000000000000000e+01,2.039607805437113797e+01,3.546829570193639825e+01,3.606937759374286401e+01,3.201562118716424266e+01,3.820994634908559817e+01,1.938000062236765242e+00
3.000000000000000000e+01,3.811823710509183627e+01,2.000000000000000000e+01,2.184032966784155505e+01,3.280243893371345365e+01,3.482814953453599571e+01,3.189043743820394994e+01,3.397057550292606010e+01,2.044016838417084703e+00
3.301514803843835466e+01,3.748332962798262713e+01,2.022374841615668473e+01,2.416609194718914466e+01,3.088689042296100240e+01,3.466987164671942878e+01,2.973213749463701205e+01,3.560898762952971452e+01,2.046765587068957615e+00
3.301514803843835466e+01,3.622154055254966920e+01,1.923538406167134340e+01,2.236067977499789805e+01,2.879236009777593708e+01,3.354101966249684352e+01,3.061045573002793319e+01,3.488552708502481892e+01,2.200974001255431300e+00
3.361547262794321966e+01,3.765634076752546378e+01,1.897366596101027625e+01,2.059126028197400160e+01,2.668332812825266842e+01,3.361547262794321966e+01,2.780287754891568852e+01,3.354101966249684352e+01,2.156920410322951565e+00
2.863564212655270680e+01,3.312099032335839155e+01,1.878829422805593552e+01,2.441311123146740414e+01,2.302172886644267535e+01,3.535533905932737753e+01,2.952964612046680060e+01,3.298484500494128469e+01,2.293954068456547812e+00
2.879236009777593708e+01,3.551056180912940619e+01,2.024845673131658685e+01,2.280350850198275836e+01,2.418677324489564739e+01,3.601388621073821383e+01,3.178049716414140846e+01,3.820994634908559817e+01,2.261133798812108964e+00
2.912043955712207222e+01,3.448187929913333249e+01,2.236067977499789805e+01,2.343074902771996193e+01,2.549509756796392423e+01,3.605551275463989214e+01,3.471310991541956525e+01,3.413209633175202384e+01,2.412825864349765759e+00
3.138470965295043058e+01,3.361547262794321966e+01,2.418677324489564739e+01,2.302172886644267535e+01,2.500000000000000000e+01,3.640054944640259293e+01,4.119465984809195902e+01,4.016217125604640614e+01,2.613518205163433805e+00
3.310589071449369669e+01,3.289376840679705083e+01,2.302172886644267535e+01,2.163330765278393741e+01,2.773084924772409465e+01,3.492849839314595783e+01,3.832753579347360073e+01,3.847076812334268681e+01,2.781491607163966151e+00
3.275667870831839679e+01,2.961418578992169515e+01,2.163330765278393741e+01,2.024845673131658685e+01,2.692582403567251959e+01,3.671511950137163893e+01,3.981205847478876336e+01,3.911521443121588959e+01,2.974057345861726986e+00
3.264965543462901820e+01,3.352610922848042208e+01,2.202271554554523902e+01,1.780449381476485726e+01,3.047950130825634218e+01,3.716180835212409050e+01,4.044749683231336945e+01,4.123105625617660763e+01,2.887231341036149423e+00
3.443835071544512516e+01,3.257299494980465937e+01,2.061552812808830382e+01,2.000000000000000000e+01,3.252691193458118590e+01,3.807886552931954327e+01,3.832753579347360073e+01,4.201190307520000999e+01,2.897181435278807893e+00
3.264965543462901820e+01,3.324154027718932269e+01,2.247220505424423109e+01,2.000000000000000000e+01,3.394112549695427816e+01,4.110960958218893069e+01,4.019950248448355978e+01,4.140048308896890461e+01,2.901126595210778980e+00
3.324154027718932269e+01,3.352610922848042208e+01,2.195449840010014952e+01,2.109502310972898798e+01,3.124099870362661591e+01,4.459820624195551630e+01,4.310452412450461424e+01,4.060788100849390503e+01,2.913102566905541035e+00
3.443835071544512516e+01,3.201562118716424266e+01,2.163330765278393741e+01,2.109502310972898798e+01,3.758989225842500304e+01,4.648655719667783615e+01,4.060788100849390503e+01,3.894868418830089496e+01,3.053181076365391267e+00
3.624913792078371699e+01,3.324154027718932269e+01,2.220360331117451835e+01,2.195449840010014952e+01,4.338202392696772591e+01,4.648655719667783615e+01,3.905124837953326988e+01,4.140048308896890461e+01,3.051640965388827897e+00
3.190611226708763226e+01,3.157530680769388809e+01,2.332380757938120297e+01,1.941648783894759944e+01,4.248529157249600274e+01,4.365775990588614519e+01,4.176122603564220270e+01,4.304648650006176780e+01,3.158073193227783015e+00
2.941088233970548416e+01,3.080584360149872580e+01,2.370653918225939449e+01,1.984943324127920761e+01,4.785394445602159408e+01,4.684015371452147747e+01,4.220189569201838253e+01,4.579301256742124338e+01,3.143932742922070922e+00
3.605551275463989214e+01,3.436568055487916240e+01,2.147091055358388800e+01,2.121320343559642652e+01,4.243819034784588951e+01,4.609772228646443892e+01,4.356604182158393002e+01,4.263801121065568367e+01,3.128316880473210659e+00
3.220248437620923454e+01,3.535533905932737753e+01,2.624880949681337583e+01,2.262741699796952233e+01,4.360045871318327926e+01,4.652956049652736681e+01,4.341658669218482203e+01,4.186884283091664116e+01,3.103021987455500508e+00
2.236067977499789805e+01,2.302172886644267535e+01,2.507987240796890660e+01,2.247220505424423109e+01,4.940647730814249883e+01,4.904079934095691584e+01,4.328972164382672361e+01,4.280186911806539030e+01,3.335124111326847718e+00
2.000000000000000000e+01,1.700000000000000000e+01,2.801785145224380003e+01,2.195449840010014952e+01,5.044799302251775686e+01,4.800000000000000000e+01,4.328972164382672361e+01,4.341658669218482203e+01,3.419704227770866023e+00
2.121320343559642652e+01,1.726267650163206824e+01,2.765863337187866122e+01,2.500000000000000000e+01,4.949747468305832854e+01,4.617358552246078318e+01,4.204759208325727826e+01,4.244997055358224713e+01,3.580854853417880790e+00
2.302172886644267535e+01,2.213594362117865444e+01,2.720294101747088789e+01,2.433105012119287736e+01,4.967896939349688523e+01,4.554119014694280310e+01,4.301162633521313694e+01,4.242640687119285303e+01,3.575426423244721263e+00
1.878829422805593552e+01,1.552417469626002422e+01,2.773084924772409465e+01,2.507987240796890660e+01,4.940647730814249883e+01,4.512205669071391156e+01,4.400000000000000000e+01,4.172529209005013229e+01,3.680908942736477396e+00
1.923538406167134340e+01,1.941648783894759944e+01,2.823118842698620767e+01,2.408318915758459156e+01,4.482186966202993972e+01,4.440720662234903671e+01,4.401136216933077350e+01,4.103656905736638549e+01,3.703086316856891713e+00
2.147091055358388800e+01,1.746424919657297892e+01,2.773084924772409465e+01,2.402082429892862692e+01,4.420407221060068537e+01,4.341658669218482203e+01,4.500000000000000000e+01,4.101219330881975367e+01,3.809252764741989594e+00
2.195449840010014952e+01,1.860107523773827509e+01,2.662705391138869615e+01,2.334523505985750447e+01,4.580392996239514503e+01,4.356604182158393002e+01,4.400000000000000000e+01,4.103656905736638549e+01,3.919081935921261639e+00
2.147091055358388800e+01,1.835755975068581947e+01,2.607680962081059661e+01,2.433105012119287736e+01,4.548626166217663780e+01,4.197618372363071160e+01,4.401136216933077350e+01,4.103656905736638549e+01,3.849166663741755201e+00
2.236067977499789805e+01,1.860107523773827509e+01,2.662705391138869615e+01,2.418677324489564739e+01,4.579301256742124338e+01,4.220189569201838253e+01,4.401136216933077350e+01,4.036087214122112954e+01,3.850367558296630577e+00
2.061552812808830382e+01,1.708800749063506075e+01,2.683281572999747766e+01,2.500000000000000000e+01,5.011985634456667071e+01,4.459820624195551630e+01,4.501110973970759943e+01,4.036087214122112954e+01,3.658019623948737475e+00
1.746424919657297892e+01,1.902629759044044633e+01,2.624880949681337583e+01,2.607680962081059661e+01,5.323532661682465772e+01,4.939635614091387339e+01,4.229657196511320194e+01,3.996248240537617136e+01,3.353720112607294190e+00
1.711724276862369010e+01,2.202271554554523902e+01,2.500000000000000000e+01,2.531797780234432693e+01,5.366563145999495532e+01,5.162363799656122865e+01,4.257933771208753626e+01,4.024922359499621649e+01,3.192273853667248140e+00
1.702938636592640265e+01,2.200000000000000000e+01,2.816025568065744622e+01,2.531797780234432693e+01,5.200000000000000000e+01,5.239274758971894386e+01,4.295346318982905842e+01,3.862641583165593318e+01,3.163979429953958089e+00
1.431782106327635340e+01,1.676305461424021104e+01,2.692582403567251959e+01,2.531797780234432693e+01,5.502726596879041665e+01,5.412023651093923604e+01,4.220189569201838253e+01,3.860051813123756403e+01,3.116804343552493251e+00
1.220655561573370207e+01,1.526433752247374720e+01,2.596150997149434048e+01,2.549509756796392423e+01,5.442425929675111007e+01,5.366563145999495532e+01,4.123105625617660763e+01,3.860051813123756403e+01,3.096363872037092513e+00
1.360147050873544394e+01,1.526433752247374720e+01,2.647640458974745314e+01,2.451530134426252516e+01,5.348831648126532912e+01,5.366563145999495532e+01,4.148493702538308270e+01,3.860051813123756403e+01,3.066171707160129767e+00
1.431782106327635340e+01,1.581138830084189628e+01,2.570992026436488231e+01,2.433105012119287736e+01,5.348831648126532912e+01,5.456189146281496249e+01,4.148493702538308270e+01,3.832753579347360073e+01,3.124927529875852539e+00
1.476482306023340030e+01,1.581138830084189628e+01,2.517935662402834396e+01,2.549509756796392423e+01,5.423098745182499414e+01,5.412947441089742995e+01,3.929376540877699853e+01,3.832753579347360073e+01,3.074433667326423425e+00
1.421267040355189515e+01,1.442220510185595650e+01,2.507987240796890660e+01,2.624880949681337583e+01,5.147815070493500400e+01,5.200000000000000000e+01,3.785498646149540036e+01,3.640054944640259293e+01,3.065053482818489883e+00
1.389244398944980396e+01,1.486606874731850603e+01,2.408318915758459156e+01,2.596150997149434048e+01,5.099019513592784847e+01,5.292447448959696743e+01,3.807886552931954327e+01,3.640054944640259293e+01,3.080192208940431886e+00
1.523154621172781731e+01,1.360147050873544394e+01,2.601922366251537611e+01,2.469817807045693669e+01,5.366563145999495532e+01,5.462600113499065202e+01,3.929376540877699853e+01,3.794733192202055250e+01,3.033016594863876314e+00
1.526433752247374720e+01,1.345362404707370985e+01,2.701851217221259205e+01,2.600000000000000000e+01,5.099019513592784847e+01,5.255473337388364996e+01,3.905124837953326988e+01,3.764306044943742080e+01,3.034672120974189369e+00
1.655294535724684835e+01,1.272792206135785520e+01,2.601922366251537611e+01,2.507987240796890660e+01,5.147815070493500400e+01,5.385164807134503917e+01,4.317406628984580408e+01,3.921734310225515685e+01,3.041179621304601621e+00
1.700000000000000000e+01,1.615549442140351033e+01,2.647640458974745314e+01,2.617250465660480074e+01,4.833218389437828932e+01,5.107837115648853654e+01,4.143669871020131978e+01,3.984971769034255118e+01,3.202722515633346312e+00
1.581138830084189628e+01,1.802775637731994607e+01,2.517935662402834396e+01,2.418677324489564739e+01,4.459820624195551630e+01,4.531004303683676682e+01,4.301162633521313694e+01,4.049691346263317371e+01,3.098018357269268552e+00
1.655294535724684835e+01,1.726267650163206824e+01,2.570992026436488231e+01,2.402082429892862692e+01,4.332435804486893716e+01,4.438468204234429493e+01,4.272001872658765365e+01,3.862641583165593318e+01,3.236880946927580549e+00
1.565247584249852864e+01,1.923538406167134340e+01,2.594224354214569317e+01,2.319482700948640286e+01,3.832753579347360073e+01,4.205948168962618183e+01,4.272001872658765365e+01,3.764306044943742080e+01,3.395333168431845294e+00
1.746424919657297892e+01,2.061552812808830382e+01,2.416609194718914466e+01,2.158703314492290204e+01,3.807886552931954327e+01,4.237924020083418242e+01,4.148493702538308270e+01,3.517101079013794873e+01,3.414021408001509439e+00
1.529705854077835525e+01,2.319482700948640286e+01,2.416609194718914466e+01,2.236067977499789805e+01,3.590264614203248072e+01,4.052159917870962147e+01,4.123105625617660763e+01,3.517101079013794873e+01,3.309367250010547767e+00
1.746424919657297892e+01,2.308679276123039159e+01,2.459674775249768786e+01,2.137755832643194864e+01,3.544009029333869876e+01,4.123105625617660763e+01,4.026164427839479032e+01,3.517101079013794873e+01,3.409365066456847337e+00
1.603121954188139853e+01,2.302172886644267535e+01,2.308679276123039159e+01,2.209072203437452231e+01,3.471310991541956525e+01,4.026164427839479032e+01,4.123105625617660763e+01,3.492849839314595783e+01,3.219971030625668362e+00
1.513274595042155646e+01,2.501999200639360765e+01,2.353720459187963954e+01,2.100000000000000000e+01,3.206243908376279705e+01,3.687817782917154830e+01,4.100000000000000000e+01,3.354101966249684352e+01,3.042983042270083871e+00
1.802775637731994607e+01,2.700000000000000000e+01,2.334523505985750447e+01,2.109502310972898798e+01,3.301514803843835466e+01,3.807886552931954327e+01,4.123105625617660763e+01,3.423448553724738019e+01,2.959132365218321681e+00
2.284731931759172596e+01,2.828427124746190202e+01,2.236067977499789805e+01,2.121320343559642652e+01,3.214031735997639316e+01,3.883297567789519888e+01,4.100000000000000000e+01,3.337663853655727308e+01,3.058662007125727555e+00
2.751363298439520833e+01,3.162277660168379256e+01,2.280350850198275836e+01,2.202271554554523902e+01,3.000000000000000000e+01,3.649657518178931781e+01,4.100000000000000000e+01,3.324154027718932269e+01,3.170121888415635247e+00
2.863564212655270680e+01,3.401470270338990076e+01,2.404163056034261459e+01,2.109502310972898798e+01,3.101612483854164637e+01,3.569313659514949677e+01,4.002499219237900263e+01,3.313608305156178346e+01,3.209434026226705150e+00
2.701851217221259205e+01,2.915475947422650194e+01,2.247220505424423109e+01,2.061552812808830382e+01,3.214031735997639316e+01,3.492849839314595783e+01,4.002499219237900263e+01,3.306055050963308162e+01,3.343000675187511650e+00
2.531797780234432693e+01,2.662705391138869615e+01,2.147091055358388800e+01,2.118962010041709121e+01,3.238826948140329165e+01,3.420526275297414287e+01,4.002499219237900263e+01,3.201562118716424266e+01,3.429035301977739980e+00
1.897366596101027625e+01,2.195449840010014952e+01,2.024845673131658685e+01,1.969771560359220786e+01,3.354101966249684352e+01,3.544009029333869876e+01,4.100000000000000000e+01,3.200000000000000000e+01,3.459569640992500084e+00
1.526433752247374720e+01,1.923538406167134340e+01,2.061552812808830382e+01,1.923538406167134340e+01,3.492849839314595783e+01,3.324154027718932269e+01,4.275511665286389729e+01,3.306055050963308162e+01,3.523614946670828196e+00
1.941648783894759944e+01,2.051828452868319275e+01,1.979898987322333070e+01,2.000000000000000000e+01,3.765634076752546378e+01,3.584689665786984136e+01,4.220189569201838253e+01,3.301514803843835466e+01,3.668185438697386225e+00
2.059126028197400160e+01,2.126029162546929996e+01,1.979898987322333070e+01,2.163330765278393741e+01,3.785498646149540036e+01,3.492849839314595783e+01,4.123105625617660763e+01,3.300000000000000000e+01,3.614996050636114067e+00
1.972308292331602075e+01,2.061552812808830382e+01,2.051828452868319275e+01,2.109502310972898798e+01,3.883297567789519888e+01,3.534119409414458346e+01,4.123105625617660763e+01,3.300000000000000000e+01,3.569682133979141359e+00
2.012461179749810825e+01,2.193171219946130890e+01,2.051828452868319275e+01,2.109502310972898798e+01,4.060788100849390503e+01,3.535533905932737753e+01,4.026164427839479032e+01,3.301514803843835466e+01,3.560534416683320380e+00
2.024845673131658685e+01,2.051828452868319275e+01,2.051828452868319275e+01,2.163330765278393741e+01,4.177319714841084419e+01,3.498571136907180090e+01,4.026164427839479032e+01,3.301514803843835466e+01,3.594282435864991854e+00
2.163330765278393741e+01,2.126029162546929996e+01,1.984943324127920761e+01,2.140093455903269515e+01,4.317406628984580408e+01,3.580502757993631491e+01,4.176122603564220270e+01,3.301514803843835466e+01,3.618397398063355030e+00
2.247220505424423109e+01,2.280350850198275836e+01,2.000000000000000000e+01,2.202271554554523902e+01,4.414748010928823163e+01,3.640054944640259293e+01,4.205948168962618183e+01,3.401470270338990076e+01,2.649783477601094450e+00
2.147091055358388800e+01,2.408318915758459156e+01,2.140093455903269515e+01,2.220360331117451835e+01,4.438468204234429493e+01,3.482814953453599571e+01,4.143669871020131978e+01,3.501428280002319582e+01,3.515056893593845988e+00
2.435159132377184221e+01,2.549509756796392423e+01,2.000000000000000000e+01,2.385372088375312671e+01,4.570557952810575841e+01,3.820994634908559817e+01,4.254409477236529824e+01,3.612478373637688378e+01,3.503033544483345807e+00
2.473863375370596174e+01,2.758622844826744469e+01,1.910497317454279909e+01,2.302172886644267535e+01,4.492215489043240240e+01,3.962322551231790158e+01,4.356604182158393002e+01,3.712142238654116966e+01,3.308195346700936845e+00
2.731300056749532601e+01,2.860069929215018192e+01,2.080865204668481283e+01,2.483948469674844262e+01,4.176122603564220270e+01,4.036087214122112954e+01,4.201190307520000999e+01,3.649657518178931781e+01,3.425840408428499462e+00
2.778488797889960793e+01,2.865309756378880479e+01,2.282542442102665348e+01,2.549509756796392423e+01,4.712748667179271678e+01,4.410215414239988974e+01,4.242640687119285303e+01,3.883297567789519888e+01,2.863333608669623942e+00
2.195449840010014952e+01,2.420743687382040932e+01,2.325940669922601600e+01,2.640075756488817049e+01,4.964876634922563881e+01,4.606517122512408235e+01,4.252058325093859992e+01,3.905124837953326988e+01,2.965851478850451528e+00
1.562049935181330795e+01,2.109502310972898798e+01,2.282542442102665348e+01,2.701851217221259205e+01,5.124451190127582834e+01,4.741307836451878899e+01,4.177319714841084419e+01,3.905124837953326988e+01,3.271444724697105677e+00
1.612451549659709826e+01,1.612451549659709826e+01,2.236067977499789805e+01,2.690724809414741969e+01,4.876474136094643796e+01,4.664761515876240594e+01,4.177319714841084419e+01,3.905124837953326988e+01,2.809707311066913515e+00
1.941648783894759944e+01,1.769180601295413169e+01,2.284731931759172596e+01,2.687005768508880621e+01,4.933558553417604031e+01,4.517742799230607176e+01,4.110960958218893069e+01,3.905124837953326988e+01,2.773585625496790108e+00
1.941648783894759944e+01,1.843908891458577415e+01,2.284731931759172596e+01,2.617250465660480074e+01,4.964876634922563881e+01,4.517742799230607176e+01,4.036087214122112954e+01,3.832753579347360073e+01,2.784337899287891105e+00
1.920937271229854559e+01,1.843908891458577415e+01,2.154065922853801496e+01,2.617250465660480074e+01,4.933558553417604031e+01,4.565084884205330695e+01,4.110960958218893069e+01,3.929376540877699853e+01,2.773585625496790108e+00
1.920937271229854559e+01,1.910497317454279909e+01,2.154065922853801496e+01,2.690724809414741969e+01,4.933558553417604031e+01,4.517742799230607176e+01,4.110960958218893069e+01,3.905124837953326988e+01,2.773585625496790108e+00
1.780449381476485726e+01,1.838477631085023489e+01,2.154065922853801496e+01,2.617250465660480074e+01,4.933558553417604031e+01,4.517742799230607176e+01,4.110960958218893069e+01,3.905124837953326988e+01,2.797758865597513633e+00
1.780449381476485726e+01,1.838477631085023489e+01,2.193171219946130890e+01,2.545584412271571040e+01,4.964876634922563881e+01,4.472135954999579610e+01,4.110960958218893069e+01,3.905124837953326988e+01,2.841577806034943698e+00
1.860107523773827509e+01,1.838477631085023489e+01,2.193171219946130890e+01,2.617250465660480074e+01,4.964876634922563881e+01,4.472135954999579610e+01,4.110960958218893069e+01,3.905124837953326988e+01,2.810306469596148382e+00
1.720465053408525335e+01,1.838477631085023489e+01,2.247220505424423109e+01,2.617250465660480074e+01,4.964876634922563881e+01,4.472135954999579610e+01,4.110960958218893069e+01,3.905124837953326988e+01,2.810306469596148382e+00
1.720465053408525335e+01,1.838477631085023489e+01,2.247220505424423109e+01,2.617250465660480074e+01,4.964876634922563881e+01,4.472135954999579610e+01,4.110960958218893069e+01,3.905124837953326988e+01,2.810306469596148382e+00
1.702938636592640265e+01,1.910497317454279909e+01,2.154065922853801496e+01,2.617250465660480074e+01,4.870318264754368442e+01,4.472135954999579610e+01,4.186884283091664116e+01,3.905124837953326988e+01,2.841577806034943698e+00
1.702938636592640265e+01,1.910497317454279909e+01,2.154065922853801496e+01,2.617250465660480074e+01,4.964876634922563881e+01,4.472135954999579610e+01,4.110960958218893069e+01,3.905124837953326988e+01,2.841577806034943698e+00
1.640121946685672683e+01,1.910497317454279909e+01,2.247220505424423109e+01,2.617250465660480074e+01,4.964876634922563881e+01,4.472135954999579610e+01,4.110960958218893069e+01,3.905124837953326988e+01,2.841577806034943698e+00
1.720465053408525335e+01,1.838477631085023489e+01,2.247220505424423109e+01,2.617250465660480074e+01,4.964876634922563881e+01,4.472135954999579610e+01,4.110960958218893069e+01,3.905124837953326988e+01,2.810306469596148382e+00
1.720465053408525335e+01,1.838477631085023489e+01,2.247220505424423109e+01,2.617250465660480074e+01,4.964876634922563881e+01,4.472135954999579610e+01,4.110960958218893069e+01,3.905124837953326988e+01,2.810306469596148382e+00
1.720465053408525335e+01,1.838477631085023489e+01,2.247220505424423109e+01,2.617250465660480074e+01,4.964876634922563881e+01,4.472135954999579610e+01,4.110960958218893069e+01,3.905124837953326988e+01,2.810306469596148382e+00
1.720465053408525335e+01,1.838477631085023489e+01,2.247220505424423109e+01,2.617250465660480074e+01,4.964876634922563881e+01,4.472135954999579610e+01,4.110960958218893069e+01,3.905124837953326988e+01,2.810306469596148382e+00
1.720465053408525335e+01,1.838477631085023489e+01,2.247220505424423109e+01,2.617250465660480074e+01,4.964876634922563881e+01,4.472135954999579610e+01,4.110960958218893069e+01,3.905124837953326988e+01,2.810306469596148382e+00
1.640121946685672683e+01,1.910497317454279909e+01,2.247220505424423109e+01,2.617250465660480074e+01,4.964876634922563881e+01,4.472135954999579610e+01,4.110960958218893069e+01,3.905124837953326988e+01,2.841577806034943698e+00
1.720465053408525335e+01,1.838477631085023489e+01,2.247220505424423109e+01,2.617250465660480074e+01,4.964876634922563881e+01,4.472135954999579610e+01,4.110960958218893069e+01,3.905124837953326988e+01,2.810306469596148382e+00
1.720465053408525335e+01,1.838477631085023489e+01,2.247220505424423109e+01,2.617250465660480074e+01,4.964876634922563881e+01,4.472135954999579610e+01,4.110960958218893069e+01,3.905124837953326988e+01,2.810306469596148382e+00
1.702938636592640265e+01,1.910497317454279909e+01,2.154065922853801496e+01,2.617250465660480074e+01,4.964876634922563881e+01,4.472135954999579610e+01,4.110960958218893069e+01,3.905124837953326988e+01,2.841577806034943698e+00
1.749285568453590045e+01,2.140093455903269515e+01,1.972308292331602075e+01,2.483948469674844262e+01,4.365775990588614519e+01,4.049691346263317371e+01,4.036087214122112954e+01,3.832753579347360073e+01,3.277784598630048229e+00
2.816025568065744622e+01,3.061045573002793319e+01,1.843908891458577415e+01,2.469817807045693669e+01,3.891015291668743714e+01,3.612478373637688378e+01,3.828837943815329226e+01,3.511409973215887703e+01,3.070622002533767159e+00
3.101612483854164637e+01,3.440930106817050671e+01,1.972308292331602075e+01,2.325940669922601600e+01,3.758989225842500304e+01,3.546829570193639825e+01,3.894868418830089496e+01,3.417601498127012150e+01,2.912227849210629049e+00
3.324154027718932269e+01,3.720215047547655018e+01,1.835755975068581947e+01,2.236067977499789805e+01,3.807886552931954327e+01,3.753664875824691904e+01,3.753664875824691904e+01,3.417601498127012150e+01,2.910542085840502669e+00
3.214031735997639316e+01,3.701351104664349378e+01,1.835755975068581947e+01,2.059126028197400160e+01,3.848376280978771291e+01,3.753664875824691904e+01,3.828837943815329226e+01,3.417601498127012150e+01,2.921007926347704675e+00
3.214031735997639316e+01,3.701351104664349378e+01,1.972308292331602075e+01,2.102379604162863913e+01,3.801315561749642313e+01,3.546829570193639825e+01,3.894868418830089496e+01,3.478505426185217431e+01,2.894569003538575380e+00
3.214031735997639316e+01,3.701351104664349378e+01,1.972308292331602075e+01,2.102379604162863913e+01,3.801315561749642313e+01,3.612478373637688378e+01,3.894868418830089496e+01,3.511409973215887703e+01,2.894569003538575380e+00
3.313608305156178346e+01,3.764306044943742080e+01,1.923538406167134340e+01,2.012461179749810825e+01,3.891015291668743714e+01,3.623534186398687496e+01,3.894868418830089496e+01,3.478505426185217431e+01,2.891414439870098274e+00
3.313608305156178346e+01,3.764306044943742080e+01,1.835755975068581947e+01,2.059126028197400160e+01,3.848376280978771291e+01,3.687817782917154830e+01,3.894868418830089496e+01,3.478505426185217431e+01,2.926734003532614370e+00
3.313608305156178346e+01,3.701351104664349378e+01,1.835755975068581947e+01,2.147091055358388800e+01,3.848376280978771291e+01,3.687817782917154830e+01,3.894868418830089496e+01,3.478505426185217431e+01,2.926734003532614370e+00
3.313608305156178346e+01,3.701351104664349378e+01,1.835755975068581947e+01,2.147091055358388800e+01,3.848376280978771291e+01,3.687817782917154830e+01,3.894868418830089496e+01,3.478505426185217431e+01,2.926734003532614370e+00
3.313608305156178346e+01,3.764306044943742080e+01,1.835755975068581947e+01,2.059126028197400160e+01,3.848376280978771291e+01,3.687817782917154830e+01,3.894868418830089496e+01,3.478505426185217431e+01,2.926734003532614370e+00
3.214031735997639316e+01,3.701351104664349378e+01,1.923538406167134340e+01,2.012461179749810825e+01,3.891015291668743714e+01,3.623534186398687496e+01,3.894868418830089496e+01,3.478505426185217431e+01,2.881989648249686731e+00
3.214031735997639316e+01,3.701351104664349378e+01,1.923538406167134340e+01,2.012461179749810825e+01,3.891015291668743714e+01,3.623534186398687496e+01,3.894868418830089496e+01,3.478505426185217431e+01,2.881989648249686731e+00
3.214031735997639316e+01,3.640054944640259293e+01,1.923538406167134340e+01,2.102379604162863913e+01,3.891015291668743714e+01,3.623534186398687496e+01,3.894868418830089496e+01,3.478505426185217431e+01,2.881989648249686731e+00
3.214031735997639316e+01,3.640054944640259293e+01,1.923538406167134340e+01,2.102379604162863913e+01,3.891015291668743714e+01,3.623534186398687496e+01,3.894868418830089496e+01,3.478505426185217431e+01,2.881989648249686731e+00
3.214031735997639316e+01,3.640054944640259293e+01,1.923538406167134340e+01,2.102379604162863913e+01,3.891015291668743714e+01,3.623534186398687496e+01,3.894868418830089496e+01,3.478505426185217431e+01,2.881989648249686731e+00
3.214031735997639316e+01,3.640054944640259293e+01,1.835755975068581947e+01,2.147091055358388800e+01,3.848376280978771291e+01,3.687817782917154830e+01,3.894868418830089496e+01,3.478505426185217431e+01,2.917612797058060092e+00
3.026549190084311292e+01,3.522782990761707111e+01,1.835755975068581947e+01,2.102379604162863913e+01,3.848376280978771291e+01,3.687817782917154830e+01,3.894868418830089496e+01,3.478505426185217431e+01,2.877714829957196407e+00
2.088061301782110135e+01,2.828427124746190202e+01,1.868154169226940553e+01,2.137755832643194864e+01,3.891015291668743714e+01,3.748332962798262713e+01,3.753664875824691904e+01,3.624913792078371699e+01,2.557919595280373493e+00
2.282542442102665348e+01,2.807133769523639799e+01,1.843908891458577415e+01,2.202271554554523902e+01,3.667424164178449786e+01,3.894868418830089496e+01,3.969886648255841521e+01,3.624913792078371699e+01,2.495112494641461343e+00
2.202271554554523902e+01,3.132091952673165025e+01,2.209072203437452231e+01,2.284731931759172596e+01,3.478505426185217431e+01,4.000000000000000000e+01,3.905124837953326988e+01,3.640054944640259293e+01,2.185864511993479198e+00
2.441311123146740414e+01,3.067572330035593353e+01,2.220360331117451835e+01,2.469817807045693669e+01,3.275667870831839679e+01,3.996248240537617136e+01,3.841874542459709119e+01,3.668787265568828104e+01,2.216656280703365844e+00
2.561249694973139412e+01,3.080584360149872580e+01,2.220360331117451835e+01,2.332380757938120297e+01,3.337663853655727308e+01,4.118252056394800320e+01,3.860051813123756403e+01,3.736308338453881106e+01,2.305637712774253334e+00
2.720294101747088789e+01,3.298484500494128469e+01,2.308679276123039159e+01,2.555386467836127551e+01,3.452535300326413648e+01,4.081666326391709987e+01,3.860051813123756403e+01,3.736308338453881106e+01,2.285745777600464379e+00
2.720294101747088789e+01,3.395585369269929288e+01,2.319482700948640286e+01,2.418677324489564739e+01,3.452535300326413648e+01,4.081666326391709987e+01,3.920459156782531807e+01,3.832753579347360073e+01,2.258999314081963306e+00
2.580697580112788003e+01,3.228002478313794654e+01,2.220360331117451835e+01,2.418677324489564739e+01,3.423448553724738019e+01,4.219004621945797595e+01,3.841874542459709119e+01,3.736308338453881106e+01,2.264361424213888085e+00
2.580697580112788003e+01,3.228002478313794654e+01,2.220360331117451835e+01,2.418677324489564739e+01,3.436568055487916240e+01,4.219004621945797595e+01,3.920459156782531807e+01,3.736308338453881106e+01,2.264361424213888085e+00
2.580697580112788003e+01,3.228002478313794654e+01,2.220360331117451835e+01,2.418677324489564739e+01,3.436568055487916240e+01,4.219004621945797595e+01,3.860051813123756403e+01,3.640054944640259293e+01,2.270890713647566006e+00
2.580697580112788003e+01,3.228002478313794654e+01,2.220360331117451835e+01,2.418677324489564739e+01,3.436568055487916240e+01,4.167733196834941367e+01,3.860051813123756403e+01,3.736308338453881106e+01,2.270890713647566006e+00
2.580697580112788003e+01,3.228002478313794654e+01,2.220360331117451835e+01,2.418677324489564739e+01,3.436568055487916240e+01,4.167733196834941367e+01,3.860051813123756403e+01,3.736308338453881106e+01,2.270890713647566006e+00
2.580697580112788003e+01,3.201562118716424266e+01,2.220360331117451835e+01,2.332380757938120297e+01,3.436568055487916240e+01,4.167733196834941367e+01,3.860051813123756403e+01,3.736308338453881106e+01,2.270890713647566006e+00
2.580697580112788003e+01,3.201562118716424266e+01,2.209072203437452231e+01,2.418677324489564739e+01,3.337663853655727308e+01,4.118252056394800320e+01,3.860051813123756403e+01,3.736308338453881106e+01,2.299055529352891369e+00
2.640075756488817049e+01,3.201562118716424266e+01,2.220360331117451835e+01,2.418677324489564739e+01,3.436568055487916240e+01,4.167733196834941367e+01,3.860051813123756403e+01,3.736308338453881106e+01,2.292333810525128523e+00
2.920616373302046753e+01,3.535533905932737753e+01,2.209072203437452231e+01,2.325940669922601600e+01,3.354101966249684352e+01,4.081666326391709987e+01,3.860051813123756403e+01,3.640054944640259293e+01,2.332291774648255434e+00
2.729468812791236232e+01,3.041381265149109936e+01,2.220360331117451835e+01,2.256102834535695578e+01,3.269556544854363267e+01,3.689173349139343117e+01,4.000000000000000000e+01,3.605551275463989214e+01,2.566194885015809835e+00
2.954657340538831534e+01,3.324154027718932269e+01,2.061552812808830382e+01,2.300000000000000000e+01,3.231098884280702066e+01,3.773592452822641263e+01,3.860051813123756403e+01,3.546829570193639825e+01,2.700413173174812442e+00
2.863564212655270680e+01,3.298484500494128469e+01,2.256102834535695578e+01,2.308679276123039159e+01,3.310589071449369669e+01,3.522782990761707111e+01,3.780211634287159939e+01,3.546829570193639825e+01,2.603260270735715753e+00
2.906888370749726747e+01,3.298484500494128469e+01,2.061552812808830382e+01,2.302172886644267535e+01,3.178049716414140846e+01,3.605551275463989214e+01,3.841874542459709119e+01,3.546829570193639825e+01,2.635342063894428044e+00
2.773084924772409465e+01,3.178049716414140846e+01,2.158703314492290204e+01,2.308679276123039159e+01,3.220248437620923454e+01,3.661966684720110976e+01,3.920459156782531807e+01,3.453983207834108526e+01,2.618998794047712853e+00
1.897366596101027625e+01,2.402082429892862692e+01,1.941648783894759944e+01,2.102379604162863913e+01,3.361547262794321966e+01,3.744329045369811126e+01,3.920459156782531807e+01,3.640054944640259293e+01,2.608737305571812382e+00
1.931320791582796659e+01,2.507987240796890660e+01,1.992485884517127559e+01,2.202271554554523902e+01,3.417601498127012150e+01,3.883297567789519888e+01,3.920459156782531807e+01,3.640054944640259293e+01,2.643313900074847567e+00
1.931320791582796659e+01,2.408318915758459156e+01,1.992485884517127559e+01,2.209072203437452231e+01,3.511409973215887703e+01,3.883297567789519888e+01,4.000000000000000000e+01,3.700000000000000000e+01,2.653671872296836654e+00
2.118962010041709121e+01,2.531797780234432693e+01,1.992485884517127559e+01,2.202271554554523902e+01,3.417601498127012150e+01,3.883297567789519888e+01,3.920459156782531807e+01,3.640054944640259293e+01,2.683292587198137902e+00
2.118962010041709121e+01,2.531797780234432693e+01,1.992485884517127559e+01,2.202271554554523902e+01,3.417601498127012150e+01,3.883297567789519888e+01,3.920459156782531807e+01,3.640054944640259293e+01,2.683292587198137902e+00
2.154065922853801496e+01,2.531797780234432693e+01,1.897366596101027625e+01,2.202271554554523902e+01,3.417601498127012150e+01,3.883297567789519888e+01,3.920459156782531807e+01,3.640054944640259293e+01,2.683292587198137902e+00
2.154065922853801496e+01,2.531797780234432693e+01,1.897366596101027625e+01,2.202271554554523902e+01,3.417601498127012150e+01,3.883297567789519888e+01,3.920459156782531807e+01,3.640054944640259293e+01,2.683292587198137902e+00
2.154065922853801496e+01,2.531797780234432693e+01,1.897366596101027625e+01,2.202271554554523902e+01,3.417601498127012150e+01,3.883297567789519888e+01,3.920459156782531807e+01,3.640054944640259293e+01,2.683292587198137902e+00
2.154065922853801496e+01,2.531797780234432693e+01,1.897366596101027625e+01,2.202271554554523902e+01,3.417601498127012150e+01,3.883297567789519888e+01,3.920459156782531807e+01,3.640054944640259293e+01,2.683292587198137902e+00
2.154065922853801496e+01,2.531797780234432693e+01,1.897366596101027625e+01,2.202271554554523902e+01,3.417601498127012150e+01,3.883297567789519888e+01,3.920459156782531807e+01,3.640054944640259293e+01,2.683292587198137902e+00
2.154065922853801496e+01,2.531797780234432693e+01,1.897366596101027625e+01,2.202271554554523902e+01,3.417601498127012150e+01,3.883297567789519888e+01,3.920459156782531807e+01,3.640054944640259293e+01,2.683292587198137902e+00
2.154065922853801496e+01,2.630589287593181069e+01,1.897366596101027625e+01,2.200000000000000000e+01,3.417601498127012150e+01,3.883297567789519888e+01,3.920459156782531807e+01,3.640054944640259293e+01,2.683292587198137902e+00
2.024845673131658685e+01,2.517935662402834396e+01,1.897366596101027625e+01,2.200000000000000000e+01,3.417601498127012150e+01,3.883297567789519888e+01,3.920459156782531807e+01,3.640054944640259293e+01,2.683292587198137902e+00
2.118962010041709121e+01,2.531797780234432693e+01,1.897366596101027625e+01,2.200000000000000000e+01,3.417601498127012150e+01,3.883297567789519888e+01,3.920459156782531807e+01,3.640054944640259293e+01,2.702897918055342075e+00
2.154065922853801496e+01,2.630589287593181069e+01,1.897366596101027625e+01,2.200000000000000000e+01,3.417601498127012150e+01,3.883297567789519888e+01,3.920459156782531807e+01,3.640054944640259293e+01,2.683292587198137902e+00
2.118962010041709121e+01,2.531797780234432693e+01,1.897366596101027625e+01,2.200000000000000000e+01,3.417601498127012150e+01,3.883297567789519888e+01,3.920459156782531807e+01,3.640054944640259293e+01,2.702897918055342075e+00
2.154065922853801496e+01,2.630589287593181069e+01,1.897366596101027625e+01,2.200000000000000000e+01,3.417601498127012150e+01,3.883297567789519888e+01,3.920459156782531807e+01,3.640054944640259293e+01,2.683292587198137902e+00
2.154065922853801496e+01,2.630589287593181069e+01,1.897366596101027625e+01,2.200000000000000000e+01,3.417601498127012150e+01,3.883297567789519888e+01,3.920459156782531807e+01,3.640054944640259293e+01,2.683292587198137902e+00
2.247220505424423109e+01,2.668332812825266842e+01,1.992485884517127559e+01,2.102379604162863913e+01,3.453983207834108526e+01,3.801315561749642313e+01,3.920459156782531807e+01,3.640054944640259293e+01,2.667192770797885970e+00
2.247220505424423109e+01,2.668332812825266842e+01,1.992485884517127559e+01,2.102379604162863913e+01,3.417601498127012150e+01,3.801315561749642313e+01,3.841874542459709119e+01,3.640054944640259293e+01,2.667192770797885970e+00
2.154065922853801496e+01,2.647640458974745314e+01,1.992485884517127559e+01,2.102379604162863913e+01,3.417601498127012150e+01,3.801315561749642313e+01,3.841874542459709119e+01,3.640054944640259293e+01,2.648327084776215479e+00
2.118962010041709121e+01,2.531797780234432693e+01,1.992485884517127559e+01,2.202271554554523902e+01,3.453983207834108526e+01,3.801315561749642313e+01,3.920459156782531807e+01,3.640054944640259293e+01,2.667192770797885970e+00
1.838477631085023489e+01,2.400000000000000000e+01,1.964688270438849926e+01,2.209072203437452231e+01,3.361547262794321966e+01,3.801315561749642313e+01,3.920459156782531807e+01,3.546829570193639825e+01,2.589339386216058081e+00
2.158703314492290204e+01,2.570992026436488231e+01,1.992485884517127559e+01,2.102379604162863913e+01,3.401470270338990076e+01,3.605551275463989214e+01,3.720215047547655018e+01,3.584689665786984136e+01,2.708137209465949713e+00
2.302172886644267535e+01,2.505992817228333536e+01,1.835755975068581947e+01,2.118962010041709121e+01,3.546829570193639825e+01,3.744329045369811126e+01,3.744329045369811126e+01,3.546829570193639825e+01,3.025006648128477416e+00
2.640075756488817049e+01,2.701851217221259205e+01,1.984943324127920761e+01,2.343074902771996193e+01,3.721558813185679071e+01,3.471310991541956525e+01,3.801315561749642313e+01,3.401470270338990076e+01,3.309024432060316379e+00
2.720294101747088789e+01,2.729468812791236232e+01,1.886796226411320632e+01,2.360084744241189370e+01,3.883297567789519888e+01,3.405877273185280529e+01,3.841874542459709119e+01,3.310589071449369669e+01,2.843093722003613877e+00
1.676305461424021104e+01,1.802775637731994607e+01,1.824828759089465890e+01,2.435159132377184221e+01,4.263801121065568367e+01,3.466987164671942878e+01,3.828837943815329226e+01,3.361547262794321966e+01,2.592672239531257361e+00
1.456021977856103611e+01,1.442220510185595650e+01,2.002498439450078749e+01,2.334523505985750447e+01,4.455333881989092504e+01,3.401470270338990076e+01,3.894868418830089496e+01,3.551056180912940619e+01,2.470225753245594902e+00
1.421267040355189515e+01,1.334166406412633421e+01,2.154065922853801496e+01,2.209072203437452231e+01,4.875448697299562184e+01,3.522782990761707111e+01,3.889730067755344578e+01,3.623534186398687496e+01,2.599758059924157205e+00
1.442220510185595650e+01,1.603121954188139853e+01,2.061552812808830382e+01,2.158703314492290204e+01,4.400000000000000000e+01,4.162931659299729859e+01,4.712748667179271678e+01,4.159326868617084472e+01,2.984587438228731404e+00
1.676305461424021104e+01,1.802775637731994607e+01,1.838477631085023489e+01,2.280350850198275836e+01,4.600000000000000000e+01,4.070626487409523975e+01,4.588027898781784586e+01,4.356604182158393002e+01,3.016097047409166620e+00
1.442220510185595650e+01,1.513274595042155646e+01,2.024845673131658685e+01,2.570992026436488231e+01,4.604345773288535071e+01,4.031128874149274566e+01,4.386342439892261780e+01,4.455333881989092504e+01,2.933824021822183603e+00
1.345362404707370985e+01,1.513274595042155646e+01,2.140093455903269515e+01,2.154065922853801496e+01,4.410215414239988974e+01,3.966106403010387993e+01,4.205948168962618183e+01,4.201190307520000999e+01,2.961311483557164337e+00
1.772004514666934938e+01,1.208304597359457233e+01,2.343074902771996193e+01,2.220360331117451835e+01,4.159326868617084472e+01,3.827531841800927737e+01,4.326661530556787483e+01,4.410215414239988974e+01,2.635203452778704047e+00
1.600000000000000000e+01,1.063014581273464998e+01,2.284731931759172596e+01,2.051828452868319275e+01,4.052159917870962147e+01,3.640054944640259293e+01,4.360045871318327926e+01,4.328972164382672361e+01,2.466138953112029242e+00
2.154065922853801496e+01,6.324555320336759046e+00,2.549509756796392423e+01,2.024845673131658685e+01,4.177319714841084419e+01,3.640054944640259293e+01,4.161730409336962566e+01,4.310452412450461424e+01,2.038106923075937438e+00
2.801785145224380003e+01,7.615773105863908654e+00,2.630589287593181069e+01,2.118962010041709121e+01,4.396589587396121601e+01,3.538361202590826338e+01,4.220189569201838253e+01,4.110960958218893069e+01,1.621767492963250179e+00
2.607680962081059661e+01,7.810249675906653977e+00,2.647640458974745314e+01,2.280350850198275836e+01,4.428317965096906050e+01,3.744329045369811126e+01,4.318564576337836769e+01,3.883297567789519888e+01,1.802797815962984274e+00
2.600000000000000000e+01,1.170469991071962568e+01,2.745906043549196340e+01,2.570992026436488231e+01,4.341658669218482203e+01,4.254409477236529824e+01,4.382921400162225467e+01,3.635931792539568619e+01,2.129575757410286485e+00
2.435159132377184221e+01,1.208304597359457233e+01,2.716615541441224835e+01,2.247220505424423109e+01,4.140048308896890461e+01,4.341658669218482203e+01,4.272001872658765365e+01,3.701351104664349378e+01,2.472028913977630804e+00
2.088061301782110135e+01,1.403566884761819900e+01,2.800000000000000000e+01,2.061552812808830382e+01,3.584689665786984136e+01,4.204759208325727826e+01,4.800000000000000000e+01,4.031128874149274566e+01,2.892897398980856849e+00
2.009975124224177989e+01,1.303840481040529831e+01,2.517935662402834396e+01,2.059126028197400160e+01,3.635931792539568619e+01,4.704253394535630406e+01,4.801041553663121420e+01,3.944616584663204151e+01,2.950661724776423966e+00
2.137755832643194864e+01,1.204159457879229578e+01,2.707397274136176790e+01,2.109502310972898798e+01,3.661966684720110976e+01,4.709564735726646489e+01,4.801041553663121420e+01,4.049691346263317371e+01,2.873397349986373417e+00
2.280350850198275836e+01,1.200000000000000000e+01,2.816025568065744622e+01,2.147091055358388800e+01,3.841874542459709119e+01,4.904079934095691584e+01,4.801041553663121420e+01,4.022437072223753063e+01,2.835801882090005499e+00
2.256102834535695578e+01,1.400000000000000000e+01,2.707397274136176790e+01,2.154065922853801496e+01,4.341658669218482203e+01,5.203844732503075221e+01,4.801041553663121420e+01,4.022437072223753063e+01,2.840404753282869788e+00
2.370653918225939449e+01,1.140175425099137918e+01,2.801785145224380003e+01,1.992485884517127559e+01,4.482186966202993972e+01,5.108815909777920439e+01,4.604345773288535071e+01,4.104875150354758517e+01,2.692332540977912636e+00
2.817800560721074277e+01,1.140175425099137918e+01,2.729468812791236232e+01,2.256102834535695578e+01,4.640043103248072498e+01,5.008991914547277702e+01,4.601086828130936368e+01,4.243819034784588951e+01,2.494955822656643285e+00
2.729468812791236232e+01,1.220655561573370207e+01,2.745906043549196340e+01,2.236067977499789805e+01,4.664761515876240594e+01,4.850773134253961416e+01,4.504442251822083421e+01,4.081666326391709987e+01,2.567344780753983091e+00
2.915475947422650194e+01,1.345362404707370985e+01,2.720294101747088789e+01,2.308679276123039159e+01,4.909175083453430943e+01,5.178802950489620827e+01,4.527692569068708650e+01,4.254409477236529824e+01,2.461071428922578797e+00
3.324154027718932269e+01,1.315294643796590535e+01,2.952964612046680060e+01,2.400000000000000000e+01,4.561797891182817466e+01,4.707440918375927907e+01,4.428317965096906050e+01,4.024922359499621649e+01,2.247997157104930643e+00
3.397057550292606010e+01,1.529705854077835525e+01,2.830194339616981125e+01,2.507987240796890660e+01,4.123105625617660763e+01,4.459820624195551630e+01,4.531004303683676682e+01,4.317406628984580408e+01,2.427028709692382158e+00
3.342154993413680586e+01,1.500000000000000000e+01,2.842534080710379030e+01,2.433105012119287736e+01,4.317406628984580408e+01,4.792702786528703740e+01,4.609772228646443892e+01,4.275511665286389729e+01,2.333466016693297895e+00
3.328663395418647752e+01,1.902629759044044633e+01,2.920616373302046753e+01,2.376972864800942631e+01,4.517742799230607176e+01,4.632493928760187885e+01,4.518849411078001310e+01,3.945883931389771959e+01,2.289540851460891258e+00
3.224903099319419653e+01,1.910497317454279909e+01,2.778488797889960793e+01,2.418677324489564739e+01,5.008991914547277702e+01,4.827007354458868349e+01,4.254409477236529824e+01,4.011234224026316042e+01,2.291859924794027226e+00
3.162277660168379256e+01,1.902629759044044633e+01,2.607680962081059661e+01,2.370653918225939449e+01,5.200961449578337437e+01,4.393176527297759293e+01,4.205948168962618183e+01,4.328972164382672361e+01,2.364513765814457269e+00
3.140063693621516450e+01,2.002498439450078749e+01,2.662705391138869615e+01,2.284731931759172596e+01,5.714017850864661341e+01,4.459820624195551630e+01,3.757658845611187104e+01,4.328972164382672361e+01,2.422410541306664111e+00
3.140063693621516450e+01,1.902629759044044633e+01,2.640075756488817049e+01,2.325940669922601600e+01,5.900847396772771702e+01,4.827007354458868349e+01,3.580502757993631491e+01,4.310452412450461424e+01,2.583603391855274545e+00
3.189043743820394994e+01,2.022374841615668473e+01,2.500000000000000000e+01,2.418677324489564739e+01,6.103277807866851390e+01,5.140038910358558866e+01,3.255764119219941222e+01,4.295346318982905842e+01,2.666405663513596647e+00
2.758622844826744469e+01,1.878829422805593552e+01,2.624880949681337583e+01,2.507987240796890660e+01,4.981967482832460092e+01,5.325410782277739230e+01,4.360045871318327926e+01,4.205948168962618183e+01,2.891950372492748667e+00
2.549509756796392423e+01,1.780449381476485726e+01,2.617250465660480074e+01,2.469817807045693669e+01,5.315072906367324634e+01,5.440588203494177577e+01,4.000000000000000000e+01,4.272001872658765365e+01,2.964503486769864526e+00
2.420743687382040932e+01,1.476482306023340030e+01,2.906888370749726747e+01,2.507987240796890660e+01,5.103920062069938268e+01,5.099019513592784847e+01,3.959797974644666141e+01,4.570557952810575841e+01,3.109762959282192263e+00
2.580697580112788003e+01,1.389244398944980396e+01,2.973213749463701205e+01,2.402082429892862692e+01,5.234500931320960149e+01,5.403702434442518410e+01,3.841874542459709119e+01,4.242640687119285303e+01,3.096297875838030844e+00
2.308679276123039159e+01,1.746424919657297892e+01,3.041381265149109936e+01,2.376972864800942631e+01,5.510898293381941926e+01,5.700877125495689768e+01,3.701351104664349378e+01,4.229657196511320194e+01,3.368050537214612561e+00
1.802775637731994607e+01,1.341640786499873883e+01,2.901723625709381693e+01,2.459674775249768786e+01,5.440588203494177577e+01,5.575840743780259601e+01,3.661966684720110976e+01,4.301162633521313694e+01,3.542302181928182581e+00
1.627882059609970611e+01,1.500000000000000000e+01,2.844292530665578411e+01,2.801785145224380003e+01,5.220153254455274805e+01,5.594640292279746063e+01,3.827531841800927737e+01,4.301162633521313694e+01,3.677632619817082116e+00
1.513274595042155646e+01,1.252996408614166768e+01,2.789265136196270589e+01,2.687005768508880621e+01,5.142956348249516196e+01,5.777542730261716031e+01,3.671511950137163893e+01,4.104875150354758517e+01,3.692774417378708485e+00
1.772004514666934938e+01,1.140175425099137918e+01,2.983286778035259701e+01,2.549509756796392423e+01,5.189412298131648527e+01,5.546169849544818931e+01,3.807886552931954327e+01,4.229657196511320194e+01,3.622859584488224982e+00
1.788854381999831844e+01,1.029563014098700080e+01,2.915475947422650194e+01,2.163330765278393741e+01,5.189412298131648527e+01,5.546169849544818931e+01,3.944616584663204151e+01,4.341658669218482203e+01,3.461876933377423526e+00
1.972308292331602075e+01,8.944271909999159220e+00,2.801785145224380003e+01,2.236067977499789805e+01,5.232590180780452016e+01,5.636488268416781011e+01,3.858756276314947797e+01,4.328972164382672361e+01,3.289542088897249084e+00
2.163330765278393741e+01,8.000000000000000000e+00,2.707397274136176790e+01,2.118962010041709121e+01,5.142956348249516196e+01,5.594640292279746063e+01,3.911521443121588959e+01,4.428317965096906050e+01,3.088889211577362293e+00
2.126029162546929996e+01,9.055385138137417300e+00,2.729468812791236232e+01,2.137755832643194864e+01,5.056678751908212632e+01,5.503635162326805386e+01,3.858756276314947797e+01,4.318564576337836769e+01,3.032238363274690762e+00
2.126029162546929996e+01,9.055385138137417300e+00,2.692582403567251959e+01,2.220360331117451835e+01,4.870318264754368442e+01,5.232590180780452016e+01,4.070626487409523975e+01,4.229657196511320194e+01,2.947738991561576594e+00
2.267156809750926882e+01,9.486832980505138124e+00,2.720294101747088789e+01,2.209072203437452231e+01,4.964876634922563881e+01,5.188448708429138634e+01,4.070626487409523975e+01,4.242640687119285303e+01,2.888793393196224635e+00
2.267156809750926882e+01,8.544003745317530374e+00,2.720294101747088789e+01,2.220360331117451835e+01,4.964876634922563881e+01,5.188448708429138634e+01,4.070626487409523975e+01,4.242640687119285303e+01,2.888793393196224635e+00
2.334523505985750447e+01,9.486832980505138124e+00,2.816025568065744622e+01,2.209072203437452231e+01,4.964876634922563881e+01,5.188448708429138634e+01,4.070626487409523975e+01,4.242640687119285303e+01,2.888793393196224635e+00
2.061552812808830382e+01,9.055385138137417300e+00,2.720294101747088789e+01,2.202271554554523902e+01,4.712748667179271678e+01,5.008991914547277702e+01,4.159326868617084472e+01,4.242640687119285303e+01,2.913179315897129307e+00
2.555386467836127551e+01,6.324555320336759046e+00,2.879236009777593708e+01,2.102379604162863913e+01,4.123105625617660763e+01,4.588027898781784586e+01,4.308131845707602992e+01,4.060788100849390503e+01,2.626798610700983971e+00
1.984943324127920761e+01,8.246211251235321171e+00,2.549509756796392423e+01,2.009975124224177989e+01,3.765634076752546378e+01,4.205948168962618183e+01,4.308131845707602992e+01,4.060788100849390503e+01,2.923221149705889754e+00
2.126029162546929996e+01,8.062257748298549132e+00,2.617250465660480074e+01,2.039607805437113797e+01,3.551056180912940619e+01,4.052159917870962147e+01,4.308131845707602992e+01,4.060788100849390503e+01,2.971011562635538450e+00
1.552417469626002422e+01,1.341640786499873883e+01,2.408318915758459156e+01,2.061552812808830382e+01,3.590264614203248072e+01,4.244997055358224713e+01,4.308131845707602992e+01,4.060788100849390503e+01,3.380909356314833136e+00
1.603121954188139853e+01,1.389244398944980396e+01,2.433105012119287736e+01,2.195449840010014952e+01,3.517101079013794873e+01,4.317406628984580408e+01,4.346262762420145975e+01,4.159326868617084472e+01,3.466100870765056463e+00
1.603121954188139853e+01,1.421267040355189515e+01,2.376972864800942631e+01,2.302172886644267535e+01,3.573513677041127323e+01,4.414748010928823163e+01,4.346262762420145975e+01,4.177319714841084419e+01,3.532199697287479623e+00
1.664331697709323876e+01,1.979898987322333070e+01,2.284731931759172596e+01,2.483948469674844262e+01,3.573513677041127323e+01,4.393176527297759293e+01,4.254409477236529824e+01,4.257933771208753626e+01,3.771742806160603756e+00
1.252996408614166768e+01,1.835755975068581947e+01,2.193171219946130890e+01,2.475883680627989492e+01,3.478505426185217431e+01,4.373785545725807822e+01,4.162931659299729859e+01,4.242640687119285303e+01,3.860319592302785541e+00
1.220655561573370207e+01,1.838477631085023489e+01,2.012461179749810825e+01,2.545584412271571040e+01,3.417601498127012150e+01,4.341658669218482203e+01,4.123105625617660763e+01,4.257933771208753626e+01,3.866606799177413567e+00
1.166190378969060149e+01,1.708800749063506075e+01,2.012461179749810825e+01,2.475883680627989492e+01,3.417601498127012150e+01,4.341658669218482203e+01,4.123105625617660763e+01,4.257933771208753626e+01,3.864942907202115308e+00
1.208304597359457233e+01,1.581138830084189628e+01,2.102379604162863913e+01,2.549509756796392423e+01,3.383784863137726262e+01,4.341658669218482203e+01,4.123105625617660763e+01,4.242640687119285303e+01,3.833540671952556877e+00
1.170469991071962568e+01,1.581138830084189628e+01,2.193171219946130890e+01,2.549509756796392423e+01,3.383784863137726262e+01,4.341658669218482203e+01,4.123105625617660763e+01,4.242640687119285303e+01,3.833540671952556877e+00
1.170469991071962568e+01,1.581138830084189628e+01,2.102379604162863913e+01,2.475883680627989492e+01,3.417601498127012150e+01,4.440720662234903671e+01,4.123105625617660763e+01,4.242640687119285303e+01,3.819847147624718442e+00
1.170469991071962568e+01,1.581138830084189628e+01,2.193171219946130890e+01,2.549509756796392423e+01,3.383784863137726262e+01,4.341658669218482203e+01,4.123105625617660763e+01,4.242640687119285303e+01,3.833540671952556877e+00
1.170469991071962568e+01,1.581138830084189628e+01,2.193171219946130890e+01,2.549509756796392423e+01,3.383784863137726262e+01,4.341658669218482203e+01,4.123105625617660763e+01,4.242640687119285303e+01,3.833540671952556877e+00
1.170469991071962568e+01,1.581138830084189628e+01,2.154065922853801496e+01,2.617250465660480074e+01,3.289376840679705083e+01,4.328972164382672361e+01,4.123105625617660763e+01,4.242640687119285303e+01,3.781805502404262498e+00
1.208304597359457233e+01,1.581138830084189628e+01,2.061552812808830382e+01,2.617250465660480074e+01,3.289376840679705083e+01,4.328972164382672361e+01,4.123105625617660763e+01,4.242640687119285303e+01,3.781805502404262498e+00
1.208304597359457233e+01,1.581138830084189628e+01,2.061552812808830382e+01,2.617250465660480074e+01,3.289376840679705083e+01,4.328972164382672361e+01,4.123105625617660763e+01,4.242640687119285303e+01,3.781805502404262498e+00
1.170469991071962568e+01,1.581138830084189628e+01,2.154065922853801496e+01,2.617250465660480074e+01,3.289376840679705083e+01,4.328972164382672361e+01,4.123105625617660763e+01,4.242640687119285303e+01,3.781805502404262498e+00
1.170469991071962568e+01,1.615549442140351033e+01,2.154065922853801496e+01,2.545584412271571040e+01,3.324154027718932269e+01,4.328972164382672361e+01,4.031128874149274566e+01,4.242640687119285303e+01,3.781805502404262498e+00
1.170469991071962568e+01,1.615549442140351033e+01,2.154065922853801496e+01,2.545584412271571040e+01,3.324154027718932269e+01,4.328972164382672361e+01,4.031128874149274566e+01,4.242640687119285303e+01,3.781805502404262498e+00
1.170469991071962568e+01,1.615549442140351033e+01,2.154065922853801496e+01,2.545584412271571040e+01,3.289376840679705083e+01,4.328972164382672361e+01,4.123105625617660763e+01,4.242640687119285303e+01,3.781805502404262498e+00
1.170469991071962568e+01,1.615549442140351033e+01,2.154065922853801496e+01,2.545584412271571040e+01,3.324154027718932269e+01,4.328972164382672361e+01,4.031128874149274566e+01,4.242640687119285303e+01,3.781805502404262498e+00
1.170469991071962568e+01,1.615549442140351033e+01,2.154065922853801496e+01,2.545584412271571040e+01,3.289376840679705083e+01,4.328972164382672361e+01,4.123105625617660763e+01,4.242640687119285303e+01,3.781805502404262498e+00
1.170469991071962568e+01,1.615549442140351033e+01,2.154065922853801496e+01,2.545584412271571040e+01,3.289376840679705083e+01,4.328972164382672361e+01,4.123105625617660763e+01,4.242640687119285303e+01,3.781805502404262498e+00
1.170469991071962568e+01,1.615549442140351033e+01,2.154065922853801496e+01,2.545584412271571040e+01,3.289376840679705083e+01,4.328972164382672361e+01,4.123105625617660763e+01,4.242640687119285303e+01,3.781805502404262498e+00
1.300000000000000000e+01,1.486606874731850603e+01,2.147091055358388800e+01,2.483948469674844262e+01,3.383784863137726262e+01,4.242640687119285303e+01,4.162931659299729859e+01,4.356604182158393002e+01,3.843849585098800148e+00
1.300000000000000000e+01,1.486606874731850603e+01,2.147091055358388800e+01,2.483948469674844262e+01,3.383784863137726262e+01,4.341658669218482203e+01,4.162931659299729859e+01,4.341658669218482203e+01,3.843849585098800148e+00
1.300000000000000000e+01,1.486606874731850603e+01,2.102379604162863913e+01,2.549509756796392423e+01,3.289376840679705083e+01,4.219004621945797595e+01,4.162931659299729859e+01,4.455333881989092504e+01,3.792326909294236437e+00
1.208304597359457233e+01,1.581138830084189628e+01,2.102379604162863913e+01,2.549509756796392423e+01,3.289376840679705083e+01,4.219004621945797595e+01,4.123105625617660763e+01,4.356604182158393002e+01,3.823019265062582939e+00
1.252996408614166768e+01,1.708800749063506075e+01,2.147091055358388800e+01,2.549509756796392423e+01,3.417601498127012150e+01,4.341658669218482203e+01,4.031128874149274566e+01,4.242640687119285303e+01,3.876703216717708234e+00
1.220655561573370207e+01,1.708800749063506075e+01,2.012461179749810825e+01,2.549509756796392423e+01,3.453983207834108526e+01,4.428317965096906050e+01,4.031128874149274566e+01,4.341658669218482203e+01,3.866606799177413567e+00
1.303840481040529831e+01,1.708800749063506075e+01,2.059126028197400160e+01,2.549509756796392423e+01,3.453983207834108526e+01,4.428317965096906050e+01,4.031128874149274566e+01,4.341658669218482203e+01,3.866606799177413567e+00
1.220655561573370207e+01,1.802775637731994607e+01,2.059126028197400160e+01,2.549509756796392423e+01,3.453983207834108526e+01,4.440720662234903671e+01,4.031128874149274566e+01,4.242640687119285303e+01,3.906585486300703458e+00
1.252996408614166768e+01,1.676305461424021104e+01,2.059126028197400160e+01,2.549509756796392423e+01,3.453983207834108526e+01,4.428317965096906050e+01,4.031128874149274566e+01,4.341658669218482203e+01,3.864942907202115308e+00
1.303840481040529831e+01,1.708800749063506075e+01,2.059126028197400160e+01,2.549509756796392423e+01,3.417601498127012150e+01,4.428317965096906050e+01,4.123105625617660763e+01,4.341658669218482203e+01,3.866606799177413567e+00
1.252996408614166768e+01,1.676305461424021104e+01,2.059126028197400160e+01,2.549509756796392423e+01,3.453983207834108526e+01,4.428317965096906050e+01,4.031128874149274566e+01,4.341658669218482203e+01,3.864942907202115308e+00
1.252996408614166768e+01,1.676305461424021104e+01,2.059126028197400160e+01,2.549509756796392423e+01,3.453983207834108526e+01,4.428317965096906050e+01,4.031128874149274566e+01,4.341658669218482203e+01,3.864942907202115308e+00
1.166190378969060149e+01,1.772004514666934938e+01,2.059126028197400160e+01,2.549509756796392423e+01,3.453983207834108526e+01,4.440720662234903671e+01,4.162931659299729859e+01,4.356604182158393002e+01,3.906993483014090884e+00
1.252996408614166768e+01,1.708800749063506075e+01,2.147091055358388800e+01,2.549509756796392423e+01,3.417601498127012150e+01,4.328972164382672361e+01,4.162931659299729859e+01,4.455333881989092504e+01,3.876911463278629899e+00
1.252996408614166768e+01,1.676305461424021104e+01,2.147091055358388800e+01,2.624880949681337583e+01,3.417601498127012150e+01,4.341658669218482203e+01,4.162931659299729859e+01,4.356604182158393002e+01,3.876911463278629899e+00
1.252996408614166768e+01,1.676305461424021104e+01,2.059126028197400160e+01,2.549509756796392423e+01,3.453983207834108526e+01,4.428317965096906050e+01,4.162931659299729859e+01,4.455333881989092504e+01,3.865350903915502734e+00
1.252996408614166768e+01,1.676305461424021104e+01,2.147091055358388800e+01,2.624880949681337583e+01,3.417601498127012150e+01,4.328972164382672361e+01,4.162931659299729859e+01,4.455333881989092504e+01,3.876911463278629899e+00
1.252996408614166768e+01,1.676305461424021104e+01,2.147091055358388800e+01,2.624880949681337583e+01,3.417601498127012150e+01,4.341658669218482203e+01,4.162931659299729859e+01,4.356604182158393002e+01,3.876911463278629899e+00
1.252996408614166768e+01,1.708800749063506075e+01,2.147091055358388800e+01,2.549509756796392423e+01,3.417601498127012150e+01,4.328972164382672361e+01,4.162931659299729859e+01,4.455333881989092504e+01,3.876911463278629899e+00
1.252996408614166768e+01,1.708800749063506075e+01,2.147091055358388800e+01,2.549509756796392423e+01,3.417601498127012150e+01,4.341658669218482203e+01,4.162931659299729859e+01,4.356604182158393002e+01,3.876911463278629899e+00
1.252996408614166768e+01,1.708800749063506075e+01,2.147091055358388800e+01,2.549509756796392423e+01,3.417601498127012150e+01,4.341658669218482203e+01,4.162931659299729859e+01,4.356604182158393002e+01,3.876911463278629899e+00
1.208304597359457233e+01,1.676305461424021104e+01,2.102379604162863913e+01,2.617250465660480074e+01,3.324154027718932269e+01,4.328972164382672361e+01,4.162931659299729859e+01,4.356604182158393002e+01,3.823444254412262211e+00
1.252996408614166768e+01,1.708800749063506075e+01,2.147091055358388800e+01,2.549509756796392423e+01,3.417601498127012150e+01,4.341658669218482203e+01,4.162931659299729859e+01,4.356604182158393002e+01,3.876911463278629899e+00
1.252996408614166768e+01,1.708800749063506075e+01,2.147091055358388800e+01,2.549509756796392423e+01,3.417601498127012150e+01,4.341658669218482203e+01,4.162931659299729859e+01,4.356604182158393002e+01,3.876911463278629899e+00
1.208304597359457233e+01,1.708800749063506075e+01,2.236067977499789805e+01,2.549509756796392423e+01,3.417601498127012150e+01,4.341658669218482203e+01,4.162931659299729859e+01,4.356604182158393002e+01,3.876911463278629899e+00
1.118033988749894903e+01,1.708800749063506075e+01,2.193171219946130890e+01,2.549509756796392423e+01,3.417601498127012150e+01,4.341658669218482203e+01,4.162931659299729859e+01,4.356604182158393002e+01,3.876911463278629899e+00
1.208304597359457233e+01,1.708800749063506075e+01,2.236067977499789805e+01,2.549509756796392423e+01,3.417601498127012150e+01,4.341658669218482203e+01,4.162931659299729859e+01,4.356604182158393002e+01,3.876911463278629899e+00
1.252996408614166768e+01,1.708800749063506075e+01,2.147091055358388800e+01,2.549509756796392423e+01,3.417601498127012150e+01,4.341658669218482203e+01,4.162931659299729859e+01,4.356604182158393002e+01,3.876911463278629899e+00
1.236931687685298087e+01,1.552417469626002422e+01,2.193171219946130890e+01,2.617250465660480074e+01,3.324154027718932269e+01,4.328972164382672361e+01,4.162931659299729859e+01,4.356604182158393002e+01,3.776882949144791723e+00
1.300000000000000000e+01,1.486606874731850603e+01,2.247220505424423109e+01,2.483948469674844262e+01,3.478505426185217431e+01,4.328972164382672361e+01,4.215447781671598193e+01,4.455333881989092504e+01,3.683146969533018122e+00
1.414213562373095101e+01,1.526433752247374720e+01,2.404163056034261459e+01,2.385372088375312671e+01,3.257299494980465937e+01,4.229657196511320194e+01,4.254409477236529824e+01,4.356604182158393002e+01,3.594931349444355995e+00
1.941648783894759944e+01,8.246211251235321171e+00,2.701851217221259205e+01,2.061552812808830382e+01,3.201562118716424266e+01,3.931920650267500150e+01,4.178516483155235761e+01,4.177319714841084419e+01,3.100546619879917198e+00
2.900000000000000000e+01,1.029563014098700080e+01,2.941088233970548416e+01,2.009975124224177989e+01,3.157530680769388809e+01,3.931920650267500150e+01,4.205948168962618183e+01,3.962322551231790158e+01,2.570824685812546306e+00
2.983286778035259701e+01,1.170469991071962568e+01,2.954657340538831534e+01,2.000000000000000000e+01,3.157530680769388809e+01,4.031128874149274566e+01,4.205948168962618183e+01,3.945883931389771959e+01,2.462299152551420622e+00
3.041381265149109936e+01,1.931320791582796659e+01,2.692582403567251959e+01,1.868154169226940553e+01,3.337663853655727308e+01,4.177319714841084419e+01,4.396589587396121601e+01,3.847076812334268681e+01,2.400940721646960707e+00
2.860069929215018192e+01,1.523154621172781731e+01,2.555386467836127551e+01,1.746424919657297892e+01,3.522782990761707111e+01,4.123105625617660763e+01,4.301162633521313694e+01,3.832753579347360073e+01,2.355120376749351596e+00
3.228002478313794654e+01,1.315294643796590535e+01,2.549509756796392423e+01,1.640121946685672683e+01,3.505709628591620941e+01,4.148493702538308270e+01,4.427188724235730888e+01,3.820994634908559817e+01,1.977498443925039817e+00
3.178049716414140846e+01,1.118033988749894903e+01,2.404163056034261459e+01,1.769180601295413169e+01,3.601388621073821383e+01,4.110960958218893069e+01,4.427188724235730888e+01,3.721558813185679071e+01,1.903247197676747327e+00
2.941088233970548416e+01,1.303840481040529831e+01,2.202271554554523902e+01,1.838477631085023489e+01,3.800000000000000000e+01,4.123105625617660763e+01,4.365775990588614519e+01,3.712142238654116966e+01,1.989225910886842419e+00
2.816025568065744622e+01,1.200000000000000000e+01,2.280350850198275836e+01,1.910497317454279909e+01,3.800000000000000000e+01,4.123105625617660763e+01,4.365775990588614519e+01,3.712142238654116966e+01,2.019519670805617562e+00
3.101612483854164637e+01,1.403566884761819900e+01,2.334523505985750447e+01,1.843908891458577415e+01,3.701351104664349378e+01,4.178516483155235761e+01,4.365775990588614519e+01,3.712142238654116966e+01,2.027508633032700125e+00
2.879236009777593708e+01,1.140175425099137918e+01,2.408318915758459156e+01,1.920937271229854559e+01,3.600000000000000000e+01,4.049691346263317371e+01,4.365775990588614519e+01,3.712142238654116966e+01,2.131220779941128463e+00
2.954657340538831534e+01,1.204159457879229578e+01,2.408318915758459156e+01,1.886796226411320632e+01,3.601388621073821383e+01,4.016217125604640614e+01,4.365775990588614519e+01,3.820994634908559817e+01,2.141669984769390744e+00
2.952964612046680060e+01,1.303840481040529831e+01,2.267156809750926882e+01,1.886796226411320632e+01,3.701351104664349378e+01,4.049691346263317371e+01,4.365775990588614519e+01,3.820994634908559817e+01,2.161258613821519958e+00
2.863564212655270680e+01,1.204159457879229578e+01,2.408318915758459156e+01,1.835755975068581947e+01,3.701351104664349378e+01,4.143669871020131978e+01,4.332435804486893716e+01,3.712142238654116966e+01,2.174368606369820434e+00
2.996664812754339380e+01,1.204159457879229578e+01,2.420743687382040932e+01,1.835755975068581947e+01,3.701351104664349378e+01,4.178516483155235761e+01,4.365775990588614519e+01,3.712142238654116966e+01,2.183879189176833435e+00
2.954657340538831534e+01,1.104536101718726115e+01,2.420743687382040932e+01,1.835755975068581947e+01,3.701351104664349378e+01,4.143669871020131978e+01,4.365775990588614519e+01,3.811823710509183627e+01,2.174123401131319078e+00
2.906888370749726747e+01,1.118033988749894903e+01,2.441311123146740414e+01,1.788854381999831844e+01,3.700000000000000000e+01,4.049691346263317371e+01,4.332435804486893716e+01,3.712142238654116966e+01,2.245796135178859121e+00
2.906888370749726747e+01,1.118033988749894903e+01,2.500000000000000000e+01,1.878829422805593552e+01,3.601388621073821383e+01,4.016217125604640614e+01,4.272001872658765365e+01,3.811823710509183627e+01,2.253371747830054339e+00
2.906888370749726747e+01,1.118033988749894903e+01,2.500000000000000000e+01,1.878829422805593552e+01,3.601388621073821383e+01,4.016217125604640614e+01,4.272001872658765365e+01,3.811823710509183627e+01,2.253371747830054339e+00
2.906888370749726747e+01,1.118033988749894903e+01,2.500000000000000000e+01,1.878829422805593552e+01,3.601388621073821383e+01,4.016217125604640614e+01,4.272001872658765365e+01,3.811823710509183627e+01,2.253371747830054339e+00
2.996664812754339380e+01,1.104536101718726115e+01,2.500000000000000000e+01,1.878829422805593552e+01,3.601388621073821383e+01,4.016217125604640614e+01,4.272001872658765365e+01,3.811823710509183627e+01,2.219486417925936816e+00
2.996664812754339380e+01,1.104536101718726115e+01,2.500000000000000000e+01,1.878829422805593552e+01,3.601388621073821383e+01,4.016217125604640614e+01,4.272001872658765365e+01,3.811823710509183627e+01,2.219486417925936816e+00
2.906888370749726747e+01,1.104536101718726115e+01,2.420743687382040932e+01,1.878829422805593552e+01,3.601388621073821383e+01,4.016217125604640614e+01,4.272001872658765365e+01,3.811823710509183627e+01,2.219486417925936816e+00
2.996664812754339380e+01,1.104536101718726115e+01,2.500000000000000000e+01,1.878829422805593552e+01,3.601388621073821383e+01,4.016217125604640614e+01,4.272001872658765365e+01,3.811823710509183627e+01,2.219486417925936816e+00
2.996664812754339380e+01,1.104536101718726115e+01,2.500000000000000000e+01,1.878829422805593552e+01,3.601388621073821383e+01,4.016217125604640614e+01,4.272001872658765365e+01,3.811823710509183627e+01,2.219486417925936816e+00
2.996664812754339380e+01,1.104536101718726115e+01,2.500000000000000000e+01,1.878829422805593552e+01,3.601388621073821383e+01,4.016217125604640614e+01,4.272001872658765365e+01,3.811823710509183627e+01,2.219486417925936816e+00
2.996664812754339380e+01,1.104536101718726115e+01,2.500000000000000000e+01,1.878829422805593552e+01,3.601388621073821383e+01,4.016217125604640614e+01,4.272001872658765365e+01,3.811823710509183627e+01,2.219486417925936816e+00
2.906888370749726747e+01,1.104536101718726115e+01,2.420743687382040932e+01,1.878829422805593552e+01,3.601388621073821383e+01,4.016217125604640614e+01,4.272001872658765365e+01,3.811823710509183627e+01,2.219486417925936816e+00
2.817800560721074277e+01,1.104536101718726115e+01,2.343074902771996193e+01,1.878829422805593552e+01,3.601388621073821383e+01,4.016217125604640614e+01,4.272001872658765365e+01,3.811823710509183627e+01,2.219486417925936816e+00
2.906888370749726747e+01,1.104536101718726115e+01,2.420743687382040932e+01,1.878829422805593552e+01,3.601388621073821383e+01,4.016217125604640614e+01,4.237924020083418242e+01,3.712142238654116966e+01,2.209796340704283768e+00
2.906888370749726747e+01,1.104536101718726115e+01,2.420743687382040932e+01,1.878829422805593552e+01,3.601388621073821383e+01,4.016217125604640614e+01,4.237924020083418242e+01,3.712142238654116966e+01,2.209796340704283768e+00
2.952964612046680060e+01,1.204159457879229578e+01,2.420743687382040932e+01,1.878829422805593552e+01,3.601388621073821383e+01,4.016217125604640614e+01,4.237924020083418242e+01,3.712142238654116966e+01,2.217926242884227683e+00
2.952964612046680060e+01,1.204159457879229578e+01,2.420743687382040932e+01,1.878829422805593552e+01,3.601388621073821383e+01,4.016217125604640614e+01,4.237924020083418242e+01,3.712142238654116966e+01,2.217926242884227683e+00
2.952964612046680060e+01,1.204159457879229578e+01,2.420743687382040932e+01,1.878829422805593552e+01,3.601388621073821383e+01,4.016217125604640614e+01,4.237924020083418242e+01,3.712142238654116966e+01,2.217926242884227683e+00
2.952964612046680060e+01,1.216552506059643868e+01,2.360084744241189370e+01,1.835755975068581947e+01,3.701351104664349378e+01,4.049691346263317371e+01,4.237924020083418242e+01,3.712142238654116966e+01,2.219486417925936816e+00
2.952964612046680060e+01,1.216552506059643868e+01,2.360084744241189370e+01,1.835755975068581947e+01,3.601388621073821383e+01,4.049691346263317371e+01,4.308131845707602992e+01,3.811823710509183627e+01,2.228948401869574436e+00
2.996664812754339380e+01,1.118033988749894903e+01,2.441311123146740414e+01,1.835755975068581947e+01,3.600000000000000000e+01,4.049691346263317371e+01,4.401136216933077350e+01,3.811823710509183627e+01,2.220252968857796105e+00
2.952964612046680060e+01,1.216552506059643868e+01,2.360084744241189370e+01,1.835755975068581947e+01,3.601388621073821383e+01,4.049691346263317371e+01,4.308131845707602992e+01,3.811823710509183627e+01,2.228948401869574436e+00
2.952964612046680060e+01,1.216552506059643868e+01,2.360084744241189370e+01,1.835755975068581947e+01,3.601388621073821383e+01,4.049691346263317371e+01,4.308131845707602992e+01,3.811823710509183627e+01,2.228948401869574436e+00
2.952964612046680060e+01,1.216552506059643868e+01,2.360084744241189370e+01,1.835755975068581947e+01,3.601388621073821383e+01,4.049691346263317371e+01,4.308131845707602992e+01,3.811823710509183627e+01,2.228948401869574436e+00
2.952964612046680060e+01,1.216552506059643868e+01,2.360084744241189370e+01,1.835755975068581947e+01,3.601388621073821383e+01,4.049691346263317371e+01,4.308131845707602992e+01,3.811823710509183627e+01,2.228948401869574436e+00
2.952964612046680060e+01,1.315294643796590535e+01,2.420743687382040932e+01,1.835755975068581947e+01,3.601388621073821383e+01,4.049691346263317371e+01,4.272001872658765365e+01,3.712142238654116966e+01,2.227616320105880732e+00
2.952964612046680060e+01,1.315294643796590535e+01,2.420743687382040932e+01,1.835755975068581947e+01,3.600000000000000000e+01,4.049691346263317371e+01,4.365775990588614519e+01,3.712142238654116966e+01,2.227616320105880732e+00
2.863564212655270680e+01,1.118033988749894903e+01,2.420743687382040932e+01,1.835755975068581947e+01,3.601388621073821383e+01,4.049691346263317371e+01,4.272001872658765365e+01,3.712142238654116966e+01,2.210790984914158486e+00
2.952964612046680060e+01,1.315294643796590535e+01,2.420743687382040932e+01,1.835755975068581947e+01,3.601388621073821383e+01,4.049691346263317371e+01,4.272001872658765365e+01,3.712142238654116966e+01,2.227616320105880732e+00
2.952964612046680060e+01,1.315294643796590535e+01,2.420743687382040932e+01,1.835755975068581947e+01,3.601388621073821383e+01,4.049691346263317371e+01,4.272001872658765365e+01,3.712142238654116966e+01,2.227616320105880732e+00
2.863564212655270680e+01,1.118033988749894903e+01,2.420743687382040932e+01,1.835755975068581947e+01,3.601388621073821383e+01,4.049691346263317371e+01,4.272001872658765365e+01,3.712142238654116966e+01,2.210790984914158486e+00
2.863564212655270680e+01,1.118033988749894903e+01,2.420743687382040932e+01,1.835755975068581947e+01,3.601388621073821383e+01,4.049691346263317371e+01,4.272001872658765365e+01,3.712142238654116966e+01,2.210790984914158486e+00
2.906888370749726747e+01,1.118033988749894903e+01,2.360084744241189370e+01,1.835755975068581947e+01,3.601388621073821383e+01,4.049691346263317371e+01,4.272001872658765365e+01,3.712142238654116966e+01,2.210790984914158486e+00
2.952964612046680060e+01,1.315294643796590535e+01,2.420743687382040932e+01,1.835755975068581947e+01,3.601388621073821383e+01,4.049691346263317371e+01,4.272001872658765365e+01,3.712142238654116966e+01,2.227616320105880732e+00
2.952964612046680060e+01,1.315294643796590535e+01,2.420743687382040932e+01,1.835755975068581947e+01,3.601388621073821383e+01,4.049691346263317371e+01,4.308131845707602992e+01,3.811823710509183627e+01,2.237078304049518351e+00
2.863564212655270680e+01,1.118033988749894903e+01,2.420743687382040932e+01,1.835755975068581947e+01,3.601388621073821383e+01,4.049691346263317371e+01,4.308131845707602992e+01,3.811823710509183627e+01,2.220252968857796105e+00
2.906888370749726747e+01,1.118033988749894903e+01,2.360084744241189370e+01,1.835755975068581947e+01,3.601388621073821383e+01,4.049691346263317371e+01,4.308131845707602992e+01,3.811823710509183627e+01,2.220252968857796105e+00
2.863564212655270680e+01,1.118033988749894903e+01,2.420743687382040932e+01,1.835755975068581947e+01,3.601388621073821383e+01,4.085339643163099055e+01,4.272001872658765365e+01,3.612478373637688378e+01,2.210790984914158486e+00
3.041381265149109936e+01,1.303840481040529831e+01,2.420743687382040932e+01,1.835755975068581947e+01,3.601388621073821383e+01,4.085339643163099055e+01,4.272001872658765365e+01,3.612478373637688378e+01,2.195297588267100419e+00
3.041381265149109936e+01,1.303840481040529831e+01,2.420743687382040932e+01,1.835755975068581947e+01,3.601388621073821383e+01,4.085339643163099055e+01,4.272001872658765365e+01,3.612478373637688378e+01,2.195297588267100419e+00
2.952964612046680060e+01,1.216552506059643868e+01,2.360084744241189370e+01,1.835755975068581947e+01,3.601388621073821383e+01,4.049691346263317371e+01,4.272001872658765365e+01,3.712142238654116966e+01,2.219486417925936816e+00
2.952964612046680060e+01,1.216552506059643868e+01,2.360084744241189370e+01,1.835755975068581947e+01,3.601388621073821383e+01,4.085339643163099055e+01,4.272001872658765365e+01,3.612478373637688378e+01,2.219486417925936816e+00
2.220360331117451835e+01,9.433981132056603158e+00,2.236067977499789805e+01,1.897366596101027625e+01,3.500000000000000000e+01,3.794733192202055250e+01,4.272001872658765365e+01,3.820994634908559817e+01,2.553590050042225723e+00
2.262741699796952233e+01,8.944271909999159220e+00,2.404163056034261459e+01,1.902629759044044633e+01,3.401470270338990076e+01,3.736308338453881106e+01,4.459820624195551630e+01,3.962322551231790158e+01,2.716760490670450778e+00
2.193171219946130890e+01,9.486832980505138124e+00,2.473863375370596174e+01,1.900000000000000000e+01,3.405877273185280529e+01,3.807886552931954327e+01,4.459820624195551630e+01,4.060788100849390503e+01,2.798224937668043477e+00
1.843908891458577415e+01,1.552417469626002422e+01,2.507987240796890660e+01,2.088061301782110135e+01,3.337663853655727308e+01,3.883297567789519888e+01,4.494441010848846219e+01,4.197618372363071160e+01,3.296744415578978682e+00
1.513274595042155646e+01,1.838477631085023489e+01,2.280350850198275836e+01,2.459674775249768786e+01,3.544009029333869876e+01,4.356604182158393002e+01,4.365775990588614519e+01,4.275511665286389729e+01,3.548222812743518695e+00
1.627882059609970611e+01,2.109502310972898798e+01,2.059126028197400160e+01,2.690724809414741969e+01,3.511409973215887703e+01,4.328972164382672361e+01,4.332435804486893716e+01,4.317406628984580408e+01,3.798206172564989380e+00
2.109502310972898798e+01,2.469817807045693669e+01,1.984943324127920761e+01,2.758622844826744469e+01,3.623534186398687496e+01,4.604345773288535071e+01,4.301162633521313694e+01,4.464302857109942835e+01,3.861973099660822584e+00
2.325940669922601600e+01,2.607680962081059661e+01,2.051828452868319275e+01,2.701851217221259205e+01,3.535533905932737753e+01,4.601086828130936368e+01,4.237924020083418242e+01,4.535416188179426911e+01,3.951779127024541260e+00
2.692582403567251959e+01,3.061045573002793319e+01,1.984943324127920761e+01,2.687005768508880621e+01,3.905124837953326988e+01,5.200000000000000000e+01,4.332435804486893716e+01,4.617358552246078318e+01,3.860422653211417199e+00
